1 0
2 0
2 1
3 0
3 1
3 2
4 1
5 3
6 0
6 1
6 4
7 0
8 4
8 6
9 3
9 5
10 0
10 4
10 6
10 8
11 0
11 1
11 2
11 3
11 4
11 6
11 7
11 8
11 10
12 10
13 0
13 1
13 2
13 3
13 4
13 6
13 7
13 10
13 11
14 11
14 13
15 1
15 4
16 0
16 1
16 4
16 6
16 8
16 10
16 11
17 0
17 1
17 6
17 11
17 13
18 12
19 1
19 2
19 3
19 5
19 9
19 13
20 19
21 0
21 1
22 16
23 12
24 0
24 1
24 2
24 3
24 4
24 6
24 7
24 8
24 10
24 11
24 12
24 13
24 15
24 16
24 17
24 19
24 21
25 0
26 2
27 0
27 10
27 13
28 0
29 0
29 1
29 2
29 3
29 5
29 8
29 9
29 11
29 13
29 16
29 19
29 21
29 24
30 28
31 28
31 30
32 0
32 1
32 4
32 7
32 11
32 13
32 14
32 24
33 27
34 4
34 6
34 8
34 29
34 32
35 0
35 1
35 2
35 3
35 16
35 22
36 0
36 1
36 2
36 3
36 4
36 15
36 17
37 2
38 4
38 6
38 8
39 23
40 27
40 33
41 0
41 1
41 2
41 3
41 4
41 6
41 7
41 8
41 9
41 10
41 11
41 13
41 14
41 16
41 17
41 19
41 21
41 22
41 27
41 32
41 35
41 36
41 37
41 38
42 23
42 39
43 0
43 1
43 2
43 3
43 4
43 5
43 6
43 7
43 8
43 9
43 10
43 11
43 13
43 14
43 15
43 16
43 17
43 19
43 22
43 24
43 28
43 29
43 30
43 31
43 32
43 34
43 35
43 36
43 38
43 41
44 0
44 1
44 2
44 3
44 4
44 5
44 6
44 8
44 9
44 10
44 11
44 13
44 15
44 16
44 17
44 19
44 22
44 24
44 29
44 32
44 34
44 35
44 36
44 37
44 38
44 41
44 43
45 0
45 25
45 43
46 6
47 1
47 4
47 6
47 8
47 16
47 17
47 38
47 41
48 0
48 1
48 2
48 3
48 16
48 21
48 22
48 35
48 44
49 0
49 1
49 2
49 3
49 4
49 6
49 7
49 8
49 10
49 11
49 13
49 16
49 17
49 19
49 21
49 22
49 24
49 25
49 29
49 35
49 36
49 37
49 38
49 41
49 43
49 44
49 45
49 47
49 48
50 39
50 42
51 2
51 5
51 16
51 29
51 34
51 36
51 37
51 41
51 43
51 44
52 1
52 4
52 34
53 0
53 1
53 2
53 3
53 4
53 5
53 6
53 7
53 8
53 9
53 10
53 11
53 12
53 13
53 15
53 16
53 17
53 19
53 22
53 23
53 24
53 27
53 28
53 29
53 32
53 34
53 35
53 36
53 37
53 38
53 41
53 43
53 44
53 47
53 48
53 49
53 51
54 23
55 2
55 22
55 28
55 35
55 37
55 41
55 43
55 44
55 47
55 48
55 49
55 51
55 53
56 1
56 4
57 0
57 1
57 4
57 6
57 8
57 16
57 29
57 49
57 55
58 27
59 41
60 13
60 14
61 0
61 1
61 2
61 3
61 4
61 6
61 7
61 8
61 10
61 11
61 12
61 13
61 14
61 15
61 16
61 17
61 18
61 19
61 22
61 23
61 24
61 27
61 29
61 32
61 33
61 35
61 36
61 37
61 38
61 39
61 41
61 42
61 43
61 44
61 45
61 47
61 48
61 49
61 50
61 51
61 53
61 55
61 57
61 60
62 35
63 52
64 37
65 29
66 0
66 1
66 4
66 5
66 11
66 13
66 43
66 45
66 49
67 23
67 39
67 42
67 50
67 54
67 61
68 10
68 12
68 14
68 22
68 23
68 39
68 42
68 50
68 54
68 60
68 61
68 67
69 0
69 3
69 5
69 7
69 24
69 41
69 43
69 45
69 51
70 62
71 0
71 1
71 4
71 6
72 8
73 21
74 8
74 61
75 0
75 25
76 4
77 0
77 10
77 13
77 27
77 28
77 30
77 33
77 38
77 40
77 43
77 53
77 58
77 61
78 1
79 58
80 28
80 30
80 31
81 0
81 1
81 2
81 3
81 4
81 5
81 6
81 7
81 8
81 9
81 10
81 11
81 12
81 13
81 14
81 15
81 16
81 17
81 18
81 19
81 21
81 22
81 23
81 24
81 25
81 27
81 28
81 29
81 32
81 34
81 35
81 36
81 37
81 38
81 39
81 41
81 42
81 43
81 44
81 45
81 46
81 47
81 48
81 49
81 50
81 51
81 53
81 54
81 55
81 57
81 61
81 62
81 64
81 65
81 67
81 68
81 69
81 70
81 75
81 77
82 0
82 1
82 2
82 3
82 4
82 5
82 6
82 7
82 8
82 9
82 10
82 11
82 12
82 13
82 14
82 16
82 17
82 18
82 19
82 20
82 21
82 22
82 23
82 24
82 26
82 27
82 29
82 32
82 34
82 35
82 36
82 37
82 39
82 41
82 42
82 43
82 44
82 45
82 47
82 48
82 49
82 51
82 52
82 53
82 55
82 57
82 59
82 60
82 61
82 63
82 64
82 66
82 68
82 69
82 73
82 81
83 35
83 48
84 41
84 81
84 82
85 9
86 37
86 64
86 81
87 1
87 4
87 56
88 0
88 1
88 2
88 3
88 4
88 6
88 7
88 8
88 9
88 10
88 11
88 12
88 13
88 15
88 16
88 17
88 19
88 21
88 22
88 24
88 27
88 28
88 29
88 30
88 32
88 34
88 35
88 36
88 38
88 41
88 42
88 43
88 44
88 49
88 51
88 52
88 53
88 55
88 57
88 61
88 69
88 73
88 77
88 78
88 81
88 82
88 84
88 85
89 0
89 1
89 2
89 4
89 6
89 8
89 34
89 37
89 46
89 64
89 71
89 81
89 82
89 84
89 86
89 88
90 0
90 1
90 2
90 3
90 6
90 8
90 17
90 24
90 25
90 29
90 34
90 41
90 43
90 44
90 45
90 47
90 48
90 52
90 53
90 55
90 61
90 63
90 66
90 69
90 74
90 81
90 82
90 84
90 88
90 89
91 54
92 12
92 23
93 76
94 47
95 0
95 2
95 12
95 13
95 23
95 27
95 82
95 90
95 92
96 55
96 88
97 0
97 1
97 2
97 3
97 4
97 5
97 6
97 7
97 8
97 9
97 10
97 11
97 12
97 13
97 15
97 16
97 19
97 20
97 23
97 24
97 26
97 27
97 29
97 33
97 34
97 35
97 38
97 39
97 41
97 43
97 44
97 45
97 47
97 48
97 49
97 51
97 52
97 53
97 55
97 57
97 61
97 65
97 66
97 67
97 68
97 69
97 71
97 74
97 77
97 81
97 82
97 84
97 88
97 89
97 90
97 94
97 95
97 96
98 6
98 7
98 13
98 69
98 97
99 98
100 98
100 99
101 0
101 1
101 2
101 3
101 4
101 6
101 7
101 8
101 10
101 11
101 13
101 16
101 22
101 23
101 24
101 29
101 37
101 39
101 42
101 43
101 44
101 48
101 53
101 55
101 61
101 64
101 81
101 82
101 88
101 90
101 95
101 96
102 0
102 1
102 2
102 3
102 4
102 5
102 6
102 7
102 8
102 9
102 11
102 12
102 13
102 14
102 15
102 16
102 19
102 22
102 23
102 24
102 25
102 27
102 29
102 30
102 32
102 33
102 34
102 35
102 36
102 37
102 38
102 40
102 41
102 43
102 44
102 45
102 46
102 47
102 48
102 49
102 53
102 55
102 57
102 58
102 60
102 61
102 64
102 66
102 68
102 69
102 75
102 77
102 79
102 81
102 82
102 84
102 86
102 88
102 89
102 90
102 92
102 94
102 95
102 97
102 98
102 100
102 101
103 91
104 9
104 13
104 14
104 53
104 68
104 102
105 48
106 0
106 1
106 2
106 3
106 4
106 5
106 6
106 7
106 9
106 13
106 14
106 16
106 17
106 21
106 36
106 37
106 42
106 44
106 47
106 48
106 51
106 53
106 57
106 60
106 61
106 67
106 68
106 81
106 82
106 84
106 88
106 94
106 97
106 102
106 104
107 78
108 10
108 12
108 23
108 54
108 92
109 19
109 68
109 97
109 98
109 99
109 100
109 102
109 104
109 106
110 23
111 0
111 1
111 2
111 3
111 4
111 5
111 6
111 9
111 10
111 13
111 19
111 21
111 22
111 27
111 35
111 36
111 39
111 42
111 43
111 44
111 46
111 47
111 48
111 49
111 52
111 61
111 63
111 67
111 68
111 73
111 81
111 88
111 90
111 97
111 102
111 106
111 109
112 56
113 0
113 1
113 4
113 6
113 7
113 16
113 22
113 49
113 82
114 0
114 1
114 2
114 3
114 4
114 5
114 6
114 7
114 8
114 9
114 10
114 11
114 13
114 14
114 15
114 16
114 17
114 19
114 20
114 22
114 24
114 25
114 27
114 29
114 32
114 33
114 34
114 36
114 41
114 43
114 44
114 45
114 46
114 47
114 49
114 51
114 53
114 55
114 57
114 58
114 61
114 64
114 65
114 66
114 68
114 69
114 71
114 77
114 81
114 82
114 84
114 86
114 88
114 89
114 90
114 97
114 98
114 101
114 102
114 106
114 109
114 111
115 0
115 1
115 2
115 3
115 4
115 5
115 6
115 7
115 8
115 9
115 10
115 11
115 13
115 14
115 16
115 17
115 19
115 20
115 22
115 24
115 27
115 28
115 29
115 30
115 32
115 34
115 36
115 41
115 43
115 44
115 45
115 47
115 49
115 51
115 52
115 53
115 55
115 57
115 61
115 63
115 69
115 71
115 80
115 81
115 82
115 88
115 89
115 90
115 96
115 97
115 98
115 99
115 100
115 101
115 102
115 104
115 106
115 109
115 111
115 113
115 114
116 0
116 1
116 2
116 3
116 4
116 5
116 6
116 8
116 9
116 10
116 11
116 13
116 14
116 15
116 16
116 19
116 21
116 24
116 26
116 27
116 29
116 34
116 36
116 37
116 38
116 41
116 43
116 44
116 45
116 46
116 49
116 52
116 53
116 55
116 57
116 60
116 61
116 63
116 64
116 66
116 68
116 69
116 71
116 77
116 81
116 82
116 84
116 85
116 86
116 88
116 89
116 90
116 95
116 97
116 98
116 100
116 101
116 102
116 104
116 106
116 109
116 111
116 114
116 115
117 1
117 87
118 0
118 1
118 2
118 3
118 4
118 5
118 6
118 7
118 8
118 10
118 11
118 12
118 13
118 14
118 17
118 24
118 37
118 38
118 39
118 43
118 44
118 45
118 48
118 49
118 57
118 60
118 61
118 64
118 66
118 68
118 69
118 77
118 90
118 95
118 97
118 98
118 101
118 102
118 104
118 106
118 108
118 109
118 111
118 114
118 115
118 116
119 98
119 100
120 0
120 1
120 2
120 3
120 4
120 6
120 8
120 9
120 10
120 11
120 12
120 13
120 16
120 21
120 22
120 23
120 24
120 25
120 29
120 32
120 34
120 35
120 39
120 40
120 41
120 43
120 44
120 47
120 48
120 49
120 50
120 51
120 52
120 53
120 55
120 57
120 61
120 68
120 69
120 74
120 77
120 81
120 82
120 83
120 88
120 90
120 97
120 98
120 101
120 102
120 106
120 109
120 111
120 114
120 115
120 116
120 118
121 0
121 1
121 2
121 3
121 4
121 5
121 6
121 7
121 8
121 9
121 10
121 11
121 12
121 13
121 14
121 16
121 17
121 18
121 19
121 21
121 22
121 23
121 24
121 29
121 32
121 34
121 35
121 36
121 37
121 38
121 39
121 41
121 42
121 43
121 44
121 48
121 49
121 50
121 51
121 53
121 54
121 55
121 56
121 57
121 60
121 61
121 64
121 65
121 66
121 67
121 68
121 69
121 74
121 77
121 81
121 82
121 88
121 89
121 90
121 91
121 92
121 95
121 96
121 97
121 98
121 101
121 102
121 104
121 106
121 108
121 111
121 113
121 114
121 115
121 116
121 118
121 120
122 98
122 119
123 0
123 1
123 2
123 3
123 4
123 5
123 6
123 7
123 8
123 9
123 10
123 11
123 12
123 13
123 14
123 16
123 17
123 20
123 21
123 22
123 23
123 24
123 25
123 27
123 28
123 29
123 30
123 31
123 32
123 34
123 35
123 36
123 37
123 38
123 41
123 43
123 44
123 45
123 46
123 47
123 48
123 49
123 50
123 51
123 52
123 53
123 54
123 55
123 57
123 58
123 60
123 61
123 62
123 63
123 66
123 67
123 68
123 69
123 70
123 74
123 75
123 77
123 80
123 81
123 82
123 83
123 84
123 86
123 88
123 89
123 90
123 92
123 95
123 97
123 98
123 101
123 102
123 104
123 106
123 108
123 111
123 113
123 114
123 115
123 116
123 118
123 120
123 121
124 82
125 0
125 1
125 2
125 3
125 5
125 9
125 19
125 20
125 88
125 121
125 123
126 0
126 1
126 25
126 45
126 114
126 117
126 120
127 28
127 30
128 0
128 1
128 2
128 36
128 56
128 87
128 112
128 121
129 104
130 0
131 0
131 43
131 69
132 0
132 1
132 2
132 37
133 2
134 0
134 1
134 2
134 3
134 4
134 5
134 6
134 7
134 8
134 10
134 11
134 12
134 13
134 16
134 17
134 19
134 20
134 21
134 22
134 23
134 24
134 29
134 34
134 35
134 37
134 39
134 41
134 43
134 44
134 47
134 48
134 49
134 51
134 53
134 54
134 55
134 57
134 61
134 66
134 68
134 74
134 77
134 81
134 82
134 88
134 89
134 90
134 92
134 94
134 97
134 101
134 102
134 106
134 108
134 111
134 113
134 114
134 115
134 116
134 117
134 118
134 120
134 121
134 123
134 124
134 125
134 126
135 0
135 1
135 2
135 3
135 4
135 5
135 6
135 7
135 8
135 9
135 10
135 11
135 12
135 13
135 14
135 15
135 16
135 17
135 18
135 19
135 20
135 21
135 22
135 23
135 24
135 25
135 26
135 27
135 29
135 32
135 33
135 34
135 35
135 36
135 37
135 38
135 39
135 41
135 42
135 43
135 44
135 45
135 47
135 48
135 49
135 50
135 51
135 52
135 53
135 54
135 55
135 57
135 58
135 59
135 60
135 61
135 63
135 64
135 66
135 67
135 68
135 69
135 71
135 74
135 75
135 77
135 78
135 81
135 82
135 84
135 85
135 88
135 89
135 90
135 92
135 95
135 96
135 97
135 98
135 99
135 100
135 101
135 102
135 104
135 106
135 108
135 109
135 110
135 111
135 113
135 114
135 115
135 116
135 118
135 120
135 121
135 123
135 125
135 126
135 128
135 131
135 134
136 107
137 0
137 1
137 2
137 3
137 4
137 5
137 6
137 7
137 8
137 9
137 10
137 11
137 12
137 13
137 14
137 16
137 18
137 19
137 20
137 22
137 23
137 24
137 25
137 27
137 28
137 29
137 30
137 31
137 32
137 34
137 35
137 36
137 37
137 38
137 39
137 41
137 42
137 43
137 44
137 45
137 47
137 48
137 49
137 50
137 51
137 53
137 54
137 55
137 57
137 58
137 61
137 64
137 65
137 66
137 67
137 68
137 69
137 77
137 79
137 80
137 81
137 82
137 83
137 86
137 88
137 90
137 92
137 94
137 95
137 97
137 98
137 99
137 101
137 102
137 104
137 106
137 108
137 109
137 111
137 113
137 114
137 115
137 116
137 118
137 120
137 121
137 123
137 126
137 127
137 129
137 131
137 134
137 135
138 128
139 0
139 1
139 4
139 6
139 8
139 17
139 44
139 74
140 20
141 0
141 1
141 2
141 3
141 5
141 9
141 10
141 13
141 16
141 19
141 22
141 37
141 41
141 43
141 44
141 49
141 64
141 86
141 106
141 120
141 135
141 137
142 0
142 1
142 2
142 3
142 4
142 5
142 6
142 7
142 8
142 9
142 10
142 11
142 12
142 13
142 14
142 15
142 16
142 17
142 18
142 19
142 20
142 21
142 22
142 23
142 24
142 25
142 27
142 30
142 32
142 33
142 34
142 35
142 39
142 40
142 41
142 42
142 43
142 44
142 45
142 47
142 49
142 50
142 52
142 53
142 54
142 58
142 61
142 66
142 67
142 68
142 69
142 71
142 75
142 77
142 78
142 81
142 82
142 84
142 85
142 87
142 88
142 89
142 90
142 91
142 92
142 97
142 98
142 99
142 100
142 102
142 104
142 106
142 107
142 108
142 109
142 111
142 114
142 115
142 116
142 117
142 118
142 120
142 121
142 123
142 126
142 128
142 129
142 131
142 134
142 135
142 136
142 137
142 141
143 0
143 1
143 2
143 4
143 13
143 14
143 16
143 29
143 35
143 36
143 43
143 45
143 49
143 53
143 56
143 60
143 66
143 70
143 81
143 87
143 88
143 97
143 98
143 99
143 101
143 102
143 104
143 109
143 111
143 112
143 115
143 116
143 120
143 121
143 123
143 128
143 134
143 135
143 137
143 138
143 141
143 142
144 0
144 1
144 2
144 3
144 4
144 5
144 6
144 7
144 8
144 9
144 10
144 11
144 13
144 15
144 16
144 17
144 19
144 20
144 21
144 22
144 24
144 25
144 27
144 29
144 33
144 34
144 35
144 36
144 37
144 38
144 40
144 41
144 42
144 43
144 44
144 45
144 46
144 47
144 48
144 49
144 51
144 53
144 55
144 56
144 58
144 61
144 64
144 65
144 66
144 69
144 71
144 75
144 77
144 78
144 81
144 82
144 84
144 85
144 86
144 87
144 88
144 89
144 90
144 94
144 97
144 98
144 99
144 100
144 101
144 102
144 104
144 105
144 106
144 107
144 109
144 111
144 112
144 114
144 115
144 116
144 117
144 118
144 119
144 120
144 121
144 123
144 125
144 126
144 128
144 129
144 134
144 135
144 136
144 137
144 139
144 140
144 141
144 142
144 143
145 43
145 45
146 91
146 103
147 45
147 145
148 124
148 134
149 47
150 0
150 1
150 2
150 3
150 4
150 5
150 6
150 7
150 8
150 9
150 10
150 11
150 12
150 13
150 14
150 16
150 17
150 19
150 20
150 21
150 22
150 23
150 24
150 25
150 27
150 28
150 29
150 30
150 32
150 35
150 36
150 37
150 38
150 39
150 41
150 42
150 43
150 44
150 45
150 47
150 48
150 49
150 51
150 53
150 54
150 55
150 56
150 57
150 58
150 60
150 61
150 64
150 66
150 67
150 68
150 69
150 71
150 73
150 77
150 78
150 79
150 81
150 82
150 84
150 86
150 87
150 88
150 89
150 90
150 95
150 96
150 97
150 98
150 99
150 100
150 101
150 102
150 104
150 106
150 107
150 109
150 110
150 111
150 112
150 114
150 115
150 116
150 117
150 118
150 120
150 121
150 123
150 125
150 126
150 128
150 134
150 135
150 136
150 137
150 138
150 141
150 142
150 143
150 144
151 127
152 0
152 1
152 2
152 3
152 4
152 5
152 6
152 7
152 8
152 9
152 10
152 11
152 12
152 13
152 16
152 19
152 20
152 21
152 22
152 23
152 25
152 29
152 32
152 34
152 35
152 37
152 39
152 41
152 42
152 43
152 44
152 47
152 48
152 50
152 51
152 52
152 53
152 54
152 57
152 58
152 59
152 61
152 63
152 67
152 68
152 73
152 75
152 79
152 81
152 82
152 83
152 84
152 85
152 88
152 92
152 94
152 95
152 97
152 101
152 102
152 104
152 106
152 109
152 111
152 114
152 115
152 116
152 118
152 120
152 121
152 123
152 125
152 128
152 134
152 135
152 137
152 138
152 141
152 142
152 143
152 144
152 150
153 3
154 0
154 1
154 2
154 3
154 4
154 5
154 6
154 7
154 8
154 9
154 10
154 11
154 12
154 13
154 14
154 16
154 17
154 18
154 19
154 21
154 22
154 23
154 24
154 25
154 27
154 28
154 29
154 30
154 31
154 32
154 33
154 34
154 35
154 36
154 37
154 38
154 39
154 40
154 41
154 42
154 43
154 44
154 45
154 46
154 47
154 48
154 49
154 50
154 51
154 52
154 53
154 55
154 56
154 57
154 58
154 59
154 60
154 61
154 62
154 63
154 64
154 66
154 67
154 68
154 69
154 70
154 74
154 75
154 77
154 80
154 81
154 82
154 83
154 84
154 85
154 86
154 87
154 88
154 89
154 90
154 92
154 95
154 96
154 97
154 98
154 99
154 101
154 102
154 104
154 105
154 106
154 109
154 111
154 112
154 113
154 114
154 115
154 116
154 117
154 118
154 120
154 121
154 123
154 126
154 128
154 129
154 131
154 134
154 135
154 137
154 138
154 141
154 142
154 143
154 144
154 150
154 152
155 143
156 0
156 1
156 2
156 3
156 4
156 5
156 6
156 7
156 8
156 9
156 10
156 11
156 12
156 13
156 14
156 15
156 16
156 17
156 18
156 19
156 20
156 21
156 22
156 23
156 24
156 25
156 27
156 29
156 32
156 33
156 34
156 35
156 36
156 37
156 38
156 39
156 41
156 42
156 43
156 44
156 45
156 46
156 47
156 48
156 49
156 50
156 51
156 53
156 54
156 55
156 57
156 58
156 59
156 60
156 61
156 62
156 66
156 67
156 68
156 69
156 71
156 74
156 77
156 81
156 82
156 84
156 85
156 87
156 88
156 89
156 90
156 91
156 94
156 95
156 97
156 98
156 101
156 102
156 103
156 104
156 106
156 108
156 109
156 111
156 113
156 114
156 115
156 116
156 117
156 118
156 120
156 121
156 123
156 125
156 126
156 128
156 131
156 132
156 134
156 135
156 137
156 138
156 139
156 141
156 142
156 143
156 144
156 146
156 150
156 152
156 153
156 154
156 155
157 118
158 2
159 98
159 99
160 0
160 1
160 2
160 3
160 4
160 5
160 6
160 7
160 8
160 9
160 10
160 11
160 12
160 13
160 14
160 16
160 17
160 19
160 20
160 21
160 22
160 23
160 24
160 25
160 27
160 28
160 29
160 30
160 32
160 34
160 35
160 36
160 37
160 38
160 39
160 41
160 43
160 44
160 45
160 47
160 48
160 49
160 50
160 52
160 53
160 54
160 55
160 56
160 61
160 63
160 64
160 68
160 69
160 71
160 77
160 81
160 82
160 84
160 85
160 86
160 87
160 88
160 89
160 90
160 92
160 94
160 95
160 97
160 101
160 102
160 104
160 106
160 108
160 109
160 111
160 113
160 114
160 115
160 116
160 117
160 118
160 120
160 121
160 123
160 125
160 126
160 129
160 130
160 134
160 135
160 137
160 139
160 140
160 141
160 142
160 143
160 144
160 149
160 150
160 152
160 154
160 155
160 156
161 154
162 37
163 0
163 1
163 2
163 3
163 4
163 5
163 6
163 7
163 8
163 9
163 10
163 11
163 12
163 13
163 14
163 15
163 16
163 17
163 19
163 21
163 22
163 23
163 24
163 25
163 27
163 28
163 29
163 30
163 31
163 32
163 34
163 35
163 36
163 37
163 38
163 39
163 40
163 41
163 42
163 43
163 44
163 45
163 47
163 48
163 49
163 50
163 51
163 52
163 53
163 54
163 55
163 56
163 57
163 58
163 60
163 61
163 63
163 64
163 65
163 66
163 67
163 68
163 69
163 73
163 74
163 77
163 80
163 81
163 82
163 83
163 84
163 87
163 88
163 90
163 92
163 94
163 95
163 97
163 98
163 99
163 100
163 101
163 102
163 104
163 106
163 108
163 109
163 110
163 111
163 114
163 115
163 116
163 117
163 118
163 120
163 121
163 123
163 125
163 126
163 134
163 135
163 137
163 139
163 141
163 142
163 143
163 144
163 150
163 152
163 154
163 156
163 160
163 161
164 0
164 1
164 2
164 3
164 4
164 5
164 6
164 7
164 8
164 9
164 10
164 11
164 12
164 13
164 14
164 15
164 16
164 17
164 19
164 22
164 23
164 24
164 25
164 26
164 27
164 28
164 29
164 30
164 31
164 32
164 34
164 35
164 36
164 37
164 38
164 39
164 41
164 42
164 43
164 44
164 45
164 47
164 48
164 49
164 50
164 51
164 53
164 54
164 55
164 57
164 58
164 60
164 61
164 64
164 65
164 66
164 67
164 68
164 69
164 74
164 75
164 77
164 80
164 81
164 82
164 84
164 85
164 86
164 88
164 89
164 90
164 92
164 95
164 96
164 97
164 98
164 99
164 100
164 101
164 102
164 104
164 106
164 111
164 113
164 114
164 115
164 116
164 118
164 120
164 121
164 123
164 124
164 125
164 126
164 131
164 134
164 135
164 137
164 139
164 141
164 142
164 143
164 144
164 145
164 148
164 150
164 152
164 154
164 156
164 157
164 160
164 163
165 79
166 13
166 44
166 90
166 97
166 150
167 62
167 70
168 6
168 13
168 19
168 20
168 140
169 0
169 2
169 5
169 9
169 25
169 28
169 30
169 31
169 37
169 43
169 64
169 80
169 81
169 86
169 101
169 160
169 163
169 164
170 99
171 0
171 1
171 2
171 3
171 4
171 5
171 6
171 7
171 8
171 10
171 11
171 12
171 13
171 14
171 15
171 16
171 17
171 19
171 21
171 23
171 24
171 27
171 29
171 36
171 37
171 38
171 41
171 44
171 45
171 47
171 49
171 50
171 51
171 55
171 57
171 58
171 59
171 64
171 66
171 67
171 69
171 77
171 81
171 82
171 86
171 88
171 89
171 90
171 95
171 96
171 97
171 98
171 101
171 102
171 106
171 112
171 114
171 115
171 116
171 118
171 120
171 121
171 123
171 124
171 134
171 135
171 137
171 141
171 142
171 143
171 144
171 148
171 150
171 152
171 153
171 154
171 156
171 159
171 160
171 163
171 164
171 169
172 0
172 1
172 2
172 3
172 4
172 5
172 6
172 7
172 8
172 9
172 10
172 11
172 13
172 15
172 16
172 17
172 19
172 20
172 21
172 22
172 23
172 24
172 25
172 26
172 27
172 29
172 32
172 34
172 35
172 36
172 37
172 38
172 39
172 41
172 42
172 43
172 44
172 45
172 47
172 49
172 50
172 51
172 52
172 53
172 54
172 55
172 57
172 58
172 59
172 60
172 61
172 66
172 67
172 68
172 69
172 72
172 73
172 74
172 77
172 81
172 82
172 84
172 86
172 88
172 89
172 90
172 91
172 94
172 95
172 97
172 101
172 102
172 106
172 110
172 111
172 113
172 114
172 115
172 116
172 118
172 120
172 121
172 123
172 125
172 132
172 134
172 135
172 137
172 139
172 140
172 141
172 142
172 143
172 144
172 149
172 150
172 152
172 154
172 156
172 160
172 163
172 164
172 166
172 169
172 171
173 0
173 1
173 2
173 3
173 4
173 6
173 7
173 8
173 9
173 10
173 11
173 12
173 13
173 14
173 16
173 17
173 19
173 21
173 22
173 23
173 24
173 25
173 26
173 27
173 28
173 29
173 30
173 32
173 34
173 35
173 38
173 39
173 40
173 41
173 42
173 43
173 44
173 45
173 48
173 49
173 51
173 53
173 54
173 55
173 57
173 58
173 60
173 61
173 62
173 66
173 67
173 68
173 69
173 70
173 71
173 74
173 77
173 79
173 81
173 82
173 84
173 85
173 88
173 90
173 92
173 95
173 96
173 97
173 98
173 101
173 102
173 104
173 106
173 108
173 109
173 111
173 112
173 114
173 115
173 116
173 118
173 120
173 121
173 123
173 125
173 128
173 134
173 135
173 137
173 138
173 139
173 141
173 142
173 143
173 144
173 150
173 152
173 154
173 156
173 160
173 163
173 164
173 166
173 167
173 168
173 169
173 171
173 172
174 0
174 1
174 2
174 3
174 4
174 5
174 6
174 7
174 8
174 9
174 10
174 11
174 12
174 13
174 14
174 15
174 16
174 17
174 19
174 20
174 21
174 22
174 23
174 24
174 25
174 26
174 27
174 28
174 29
174 30
174 31
174 32
174 34
174 35
174 36
174 37
174 38
174 39
174 41
174 42
174 43
174 44
174 45
174 47
174 48
174 49
174 50
174 52
174 53
174 54
174 55
174 56
174 57
174 61
174 64
174 65
174 66
174 67
174 68
174 69
174 71
174 77
174 79
174 80
174 81
174 82
174 85
174 86
174 87
174 88
174 89
174 90
174 95
174 96
174 97
174 98
174 99
174 100
174 101
174 102
174 104
174 106
174 108
174 109
174 111
174 113
174 114
174 115
174 116
174 117
174 118
174 120
174 121
174 123
174 124
174 126
174 127
174 128
174 131
174 132
174 134
174 135
174 137
174 138
174 139
174 140
174 141
174 142
174 143
174 144
174 148
174 150
174 152
174 154
174 156
174 159
174 160
174 163
174 164
174 165
174 166
174 168
174 169
174 171
174 172
174 173
175 42
176 6
176 137
176 160
177 68
178 0
178 1
178 2
178 3
178 4
178 6
178 7
178 8
178 10
178 11
178 12
178 13
178 14
178 15
178 16
178 17
178 19
178 21
178 22
178 23
178 24
178 27
178 29
178 30
178 32
178 34
178 35
178 36
178 37
178 39
178 41
178 43
178 44
178 45
178 46
178 48
178 49
178 50
178 51
178 52
178 53
178 55
178 56
178 57
178 60
178 61
178 62
178 63
178 64
178 66
178 68
178 69
178 71
178 73
178 74
178 77
178 81
178 82
178 83
178 84
178 86
178 87
178 88
178 89
178 90
178 92
178 95
178 97
178 98
178 99
178 100
178 101
178 102
178 104
178 106
178 108
178 109
178 111
178 113
178 114
178 115
178 116
178 118
178 120
178 121
178 123
178 124
178 128
178 131
178 133
178 134
178 135
178 137
178 141
178 142
178 143
178 144
178 145
178 148
178 150
178 152
178 153
178 154
178 156
178 159
178 160
178 163
178 164
178 166
178 168
178 169
178 170
178 171
178 172
178 173
178 174
179 1
179 6
179 11
179 82
179 124
180 0
180 1
180 4
180 52
180 56
180 82
180 128
180 138
180 142
180 178
181 0
181 1
181 2
181 3
181 4
181 5
181 6
181 7
181 8
181 9
181 10
181 11
181 12
181 13
181 14
181 15
181 16
181 17
181 18
181 19
181 20
181 21
181 22
181 23
181 24
181 25
181 26
181 27
181 28
181 29
181 30
181 32
181 33
181 34
181 35
181 36
181 37
181 38
181 39
181 41
181 42
181 43
181 44
181 45
181 47
181 48
181 49
181 50
181 51
181 52
181 53
181 54
181 55
181 56
181 57
181 60
181 61
181 64
181 66
181 67
181 68
181 69
181 71
181 72
181 73
181 74
181 77
181 81
181 82
181 83
181 84
181 85
181 87
181 88
181 89
181 90
181 91
181 92
181 94
181 95
181 96
181 97
181 98
181 99
181 101
181 102
181 104
181 105
181 106
181 108
181 109
181 111
181 113
181 114
181 115
181 116
181 117
181 118
181 120
181 121
181 123
181 124
181 125
181 126
181 128
181 129
181 131
181 134
181 135
181 137
181 138
181 139
181 141
181 142
181 143
181 144
181 145
181 150
181 152
181 154
181 156
181 157
181 159
181 160
181 163
181 164
181 166
181 169
181 171
181 172
181 173
181 174
181 176
181 177
181 178
181 179
181 180
182 0
182 1
182 2
182 3
182 4
182 5
182 6
182 7
182 8
182 9
182 10
182 11
182 13
182 14
182 16
182 17
182 21
182 22
182 24
182 25
182 26
182 28
182 29
182 32
182 34
182 36
182 37
182 38
182 39
182 41
182 43
182 44
182 45
182 47
182 49
182 52
182 53
182 61
182 65
182 66
182 77
182 81
182 82
182 88
182 90
182 94
182 97
182 98
182 102
182 109
182 111
182 118
182 120
182 121
182 123
182 125
182 126
182 134
182 142
182 143
182 144
182 148
182 150
182 152
182 154
182 156
182 160
182 162
182 163
182 164
182 166
182 171
182 172
182 173
182 174
182 178
182 181
183 0
183 1
183 2
183 3
183 4
183 5
183 6
183 7
183 8
183 9
183 10
183 11
183 12
183 13
183 14
183 15
183 16
183 17
183 19
183 20
183 22
183 23
183 24
183 25
183 26
183 27
183 28
183 29
183 30
183 31
183 32
183 34
183 35
183 36
183 37
183 38
183 39
183 41
183 42
183 43
183 44
183 47
183 48
183 49
183 50
183 51
183 52
183 53
183 54
183 55
183 57
183 59
183 61
183 64
183 66
183 67
183 68
183 69
183 71
183 72
183 74
183 77
183 79
183 80
183 81
183 82
183 83
183 84
183 86
183 88
183 89
183 90
183 92
183 94
183 97
183 98
183 99
183 100
183 101
183 102
183 104
183 106
183 108
183 109
183 111
183 113
183 114
183 115
183 116
183 117
183 118
183 120
183 121
183 123
183 124
183 126
183 127
183 132
183 134
183 135
183 137
183 139
183 141
183 142
183 143
183 144
183 148
183 150
183 151
183 152
183 154
183 156
183 160
183 162
183 163
183 164
183 166
183 168
183 169
183 171
183 172
183 173
183 174
183 177
183 178
183 179
183 180
183 181
183 182
184 23
184 42
184 175
185 0
185 1
185 2
185 3
185 4
185 5
185 6
185 7
185 8
185 9
185 10
185 11
185 12
185 13
185 14
185 15
185 16
185 17
185 18
185 19
185 20
185 21
185 22
185 23
185 24
185 25
185 27
185 28
185 29
185 30
185 31
185 32
185 33
185 34
185 36
185 37
185 38
185 39
185 40
185 41
185 42
185 43
185 44
185 45
185 46
185 47
185 48
185 49
185 50
185 51
185 52
185 53
185 54
185 55
185 56
185 57
185 58
185 60
185 61
185 62
185 64
185 66
185 67
185 68
185 69
185 70
185 71
185 73
185 74
185 75
185 77
185 80
185 81
185 82
185 84
185 85
185 86
185 87
185 88
185 89
185 90
185 94
185 95
185 96
185 97
185 98
185 100
185 101
185 102
185 104
185 106
185 109
185 110
185 111
185 112
185 113
185 114
185 115
185 116
185 117
185 118
185 120
185 121
185 123
185 124
185 125
185 126
185 128
185 130
185 131
185 132
185 134
185 135
185 137
185 138
185 139
185 140
185 141
185 142
185 143
185 144
185 148
185 150
185 152
185 154
185 156
185 160
185 163
185 164
185 166
185 168
185 169
185 171
185 172
185 173
185 174
185 175
185 178
185 180
185 181
185 182
185 183
185 184
186 0
186 1
186 2
186 3
186 4
186 5
186 6
186 7
186 8
186 9
186 10
186 11
186 12
186 13
186 14
186 15
186 16
186 17
186 19
186 20
186 22
186 23
186 24
186 25
186 27
186 29
186 32
186 35
186 36
186 37
186 38
186 39
186 41
186 42
186 43
186 44
186 45
186 47
186 48
186 49
186 50
186 51
186 52
186 53
186 54
186 55
186 56
186 57
186 58
186 59
186 60
186 61
186 64
186 66
186 67
186 68
186 69
186 72
186 74
186 81
186 82
186 84
186 87
186 88
186 89
186 90
186 95
186 96
186 97
186 98
186 99
186 100
186 101
186 102
186 104
186 106
186 108
186 109
186 110
186 111
186 113
186 114
186 115
186 116
186 118
186 120
186 121
186 123
186 125
186 129
186 134
186 135
186 137
186 139
186 141
186 142
186 143
186 144
186 148
186 150
186 152
186 154
186 155
186 156
186 157
186 160
186 163
186 164
186 171
186 172
186 173
186 174
186 175
186 178
186 181
186 182
186 183
186 184
186 185
187 1
187 4
187 182
188 0
188 1
188 2
188 3
188 4
188 5
188 6
188 7
188 8
188 9
188 10
188 11
188 12
188 13
188 14
188 15
188 16
188 17
188 18
188 19
188 20
188 21
188 22
188 23
188 24
188 25
188 26
188 27
188 28
188 29
188 30
188 31
188 32
188 33
188 34
188 35
188 36
188 37
188 38
188 39
188 41
188 42
188 43
188 44
188 45
188 46
188 47
188 48
188 49
188 50
188 51
188 52
188 53
188 54
188 55
188 59
188 61
188 63
188 64
188 65
188 66
188 67
188 68
188 69
188 71
188 74
188 75
188 77
188 81
188 82
188 83
188 84
188 86
188 88
188 89
188 90
188 92
188 95
188 96
188 97
188 98
188 99
188 100
188 101
188 102
188 106
188 108
188 109
188 110
188 111
188 113
188 114
188 115
188 116
188 118
188 119
188 120
188 121
188 122
188 123
188 126
188 127
188 131
188 134
188 135
188 137
188 139
188 141
188 142
188 143
188 144
188 150
188 151
188 152
188 153
188 154
188 156
188 159
188 160
188 162
188 163
188 164
188 169
188 171
188 172
188 173
188 174
188 176
188 178
188 179
188 181
188 182
188 183
188 184
188 185
188 186
189 4
189 8
189 38
189 43
189 81
189 186
190 0
190 1
190 2
190 3
190 4
190 5
190 6
190 7
190 8
190 9
190 10
190 11
190 12
190 13
190 14
190 15
190 16
190 17
190 19
190 20
190 21
190 22
190 23
190 24
190 27
190 28
190 29
190 30
190 32
190 33
190 34
190 35
190 36
190 37
190 38
190 39
190 40
190 41
190 42
190 43
190 44
190 45
190 47
190 48
190 49
190 52
190 53
190 54
190 55
190 57
190 58
190 60
190 61
190 64
190 66
190 67
190 68
190 69
190 71
190 77
190 79
190 81
190 82
190 84
190 87
190 88
190 89
190 90
190 92
190 95
190 97
190 98
190 99
190 101
190 102
190 104
190 106
190 108
190 109
190 111
190 113
190 114
190 115
190 116
190 117
190 118
190 120
190 121
190 123
190 125
190 126
190 131
190 134
190 135
190 137
190 139
190 140
190 141
190 142
190 143
190 144
190 145
190 147
190 148
190 150
190 152
190 154
190 156
190 160
190 161
190 163
190 164
190 165
190 168
190 169
190 170
190 171
190 172
190 173
190 174
190 177
190 178
190 181
190 182
190 183
190 185
190 186
190 188
190 189
191 168
192 144
193 4
193 76
193 93
194 132
195 10
195 12
195 23
195 39
195 111
195 156
195 178
196 96
197 8
197 73
197 137
197 163
197 173
197 178
197 181
197 190
198 90
199 25
199 152
