1 0
2 0
2 1
3 0
4 3
5 0
5 1
5 2
6 3
6 4
7 0
7 1
7 2
7 3
7 5
8 2
9 3
9 4
9 6
10 0
10 1
10 2
10 3
10 7
11 2
12 0
12 1
12 2
12 3
12 4
12 5
12 7
12 8
12 10
13 4
14 10
15 7
16 0
16 3
16 4
16 5
16 6
16 7
16 9
16 10
16 12
17 9
17 12
17 16
18 1
18 2
19 9
19 12
19 16
19 17
20 19
21 0
21 1
21 2
21 3
21 4
21 5
21 6
21 7
21 8
21 9
21 10
21 12
21 13
21 14
21 15
21 16
22 0
22 1
22 3
22 4
22 6
22 9
22 12
22 19
22 20
22 21
23 10
24 0
24 1
24 2
25 0
25 1
25 2
25 3
25 4
25 5
25 6
25 7
25 9
25 10
25 12
25 13
25 14
25 16
25 17
25 19
25 20
25 21
25 22
25 23
26 1
26 2
26 10
26 21
26 22
26 23
26 25
27 10
27 14
28 8
29 1
29 18
30 0
30 1
30 2
30 3
30 4
30 5
30 6
30 7
30 9
30 10
30 13
30 21
30 22
30 25
30 26
31 0
31 3
31 4
31 24
32 30
33 3
33 4
33 7
33 9
33 15
33 16
33 21
34 20
35 28
36 0
36 1
36 2
36 3
36 4
36 5
36 6
36 7
36 9
36 10
36 12
36 13
36 15
36 16
36 21
36 22
36 24
36 25
36 26
36 30
36 31
36 32
37 27
38 0
38 1
38 2
38 5
38 10
38 11
38 12
38 20
38 24
38 25
38 26
38 36
39 0
40 3
41 32
42 35
43 3
44 0
44 1
44 2
44 3
44 5
44 6
44 8
44 9
44 10
44 12
44 16
44 17
44 19
44 20
44 21
44 22
44 23
44 25
44 26
44 30
44 31
44 32
44 33
44 36
44 38
44 39
45 0
45 1
45 2
45 3
45 4
45 5
45 6
45 7
45 8
45 9
45 10
45 12
45 14
45 15
45 16
45 17
45 19
45 20
45 21
45 22
45 24
45 25
45 26
45 28
45 30
45 31
45 33
45 36
45 38
45 44
46 0
46 3
46 16
46 25
47 0
47 1
47 2
47 3
47 4
47 5
47 6
47 7
47 8
47 9
47 10
47 11
47 12
47 13
47 14
47 15
47 16
47 17
47 18
47 19
47 20
47 21
47 22
47 23
47 24
47 25
47 26
47 27
47 30
47 31
47 32
47 33
47 36
47 38
47 44
47 45
48 10
48 23
48 25
48 27
48 38
48 47
49 0
49 1
49 2
49 11
49 18
50 0
50 1
50 2
50 3
50 4
50 5
50 6
50 7
50 9
50 10
50 12
50 13
50 14
50 15
50 16
50 17
50 18
50 19
50 21
50 22
50 23
50 24
50 25
50 26
50 27
50 29
50 33
50 36
50 37
50 38
50 43
50 44
50 45
50 47
50 48
50 49
51 0
51 10
51 14
52 10
52 23
53 31
54 5
54 6
54 13
54 21
54 22
54 30
54 44
54 50
55 0
55 1
55 2
55 3
55 4
55 5
55 6
55 7
55 9
55 10
55 11
55 12
55 13
55 14
55 16
55 17
55 19
55 20
55 21
55 22
55 24
55 25
55 26
55 30
55 31
55 36
55 38
55 44
55 45
55 47
55 48
55 50
55 51
55 54
56 1
56 10
56 23
56 47
56 50
56 52
56 54
57 49
58 0
58 1
58 2
58 3
58 4
58 5
58 6
58 7
58 8
58 9
58 10
58 11
58 12
58 13
58 14
58 15
58 16
58 17
58 19
58 20
58 21
58 22
58 23
58 24
58 25
58 26
58 27
58 30
58 31
58 32
58 33
58 36
58 38
58 44
58 45
58 47
58 48
58 50
58 51
58 54
58 55
58 56
59 12
60 56
61 0
61 1
61 2
61 3
61 4
61 7
61 8
61 10
61 15
61 31
61 36
61 44
61 45
61 47
61 50
61 55
61 58
62 0
62 1
62 2
62 3
62 4
62 5
62 6
62 7
62 8
62 9
62 10
62 12
62 14
62 16
62 18
62 20
62 21
62 22
62 23
62 25
62 26
62 27
62 28
62 30
62 32
62 33
62 35
62 36
62 38
62 42
62 44
62 45
62 47
62 48
62 50
62 51
62 52
62 54
62 55
62 56
62 58
62 61
63 34
64 59
65 33
66 24
67 0
67 1
67 3
67 4
67 5
67 6
67 7
67 10
67 14
67 15
67 19
67 21
67 22
67 23
67 24
67 25
67 31
67 33
67 38
67 43
67 44
67 45
67 47
67 50
67 51
67 55
67 58
67 61
67 62
68 0
68 1
68 2
68 3
68 4
68 5
68 6
68 7
68 9
68 10
68 12
68 16
68 17
68 18
68 19
68 20
68 21
68 22
68 23
68 24
68 25
68 26
68 29
68 30
68 31
68 33
68 36
68 38
68 44
68 45
68 47
68 48
68 50
68 52
68 54
68 55
68 56
68 58
68 59
68 61
68 62
68 64
68 65
68 67
69 38
70 1
70 12
70 36
70 38
71 0
71 1
71 2
71 5
71 11
71 18
71 29
71 31
71 43
71 47
71 48
71 49
71 50
71 55
71 57
71 62
71 67
71 68
72 0
72 3
72 4
72 43
72 50
72 55
72 67
72 71
73 0
73 1
73 2
73 3
73 4
73 5
73 6
73 7
73 8
73 9
73 10
73 11
73 12
73 13
73 14
73 15
73 16
73 17
73 19
73 20
73 21
73 22
73 23
73 24
73 25
73 26
73 27
73 28
73 29
73 30
73 31
73 33
73 34
73 36
73 37
73 38
73 43
73 44
73 45
73 47
73 48
73 50
73 52
73 54
73 55
73 56
73 58
73 60
73 61
73 62
73 65
73 66
73 67
73 68
73 70
73 71
73 72
74 23
74 52
74 62
75 2
76 3
76 4
76 5
76 6
76 7
76 10
76 14
76 16
76 27
77 61
78 62
79 59
79 64
79 68
80 6
81 20
81 34
81 63
81 73
82 31
83 42
84 24
85 0
85 1
85 2
85 3
85 4
85 5
85 6
85 7
85 9
85 10
85 11
85 12
85 13
85 14
85 15
85 16
85 17
85 19
85 20
85 21
85 22
85 23
85 24
85 25
85 26
85 30
85 32
85 33
85 34
85 36
85 38
85 44
85 45
85 46
85 47
85 48
85 50
85 52
85 54
85 55
85 56
85 58
85 60
85 61
85 62
85 65
85 66
85 67
85 68
85 70
85 71
85 73
85 76
85 79
86 10
87 62
87 74
87 85
88 54
89 12
89 19
89 20
89 44
90 20
90 34
91 3
91 4
92 0
92 1
92 2
92 3
92 4
92 5
92 6
92 7
92 9
92 10
92 11
92 12
92 13
92 14
92 15
92 16
92 17
92 19
92 21
92 22
92 24
92 25
92 26
92 29
92 33
92 44
92 45
92 46
92 47
92 48
92 50
92 54
92 55
92 58
92 61
92 67
92 68
92 72
92 73
92 76
92 77
92 85
93 0
93 1
93 2
93 3
93 4
93 5
93 6
93 7
93 9
93 10
93 11
93 12
93 13
93 14
93 16
93 17
93 19
93 21
93 22
93 23
93 25
93 26
93 30
93 33
93 34
93 35
93 36
93 38
93 42
93 44
93 46
93 47
93 50
93 51
93 52
93 54
93 55
93 56
93 62
93 65
93 67
93 68
93 70
93 73
93 74
93 81
93 85
93 87
93 88
93 90
93 92
94 0
94 1
94 2
94 3
94 4
94 5
94 6
94 7
94 8
94 9
94 10
94 11
94 12
94 13
94 14
94 15
94 16
94 17
94 18
94 19
94 20
94 21
94 22
94 23
94 24
94 25
94 26
94 27
94 28
94 29
94 30
94 31
94 33
94 35
94 36
94 38
94 43
94 44
94 45
94 46
94 47
94 48
94 49
94 50
94 51
94 54
94 55
94 56
94 58
94 59
94 61
94 62
94 64
94 65
94 66
94 67
94 68
94 71
94 72
94 73
94 76
94 77
94 85
94 88
94 89
94 92
94 93
95 3
95 43
95 67
95 73
96 43
97 78
98 79
98 85
99 0
99 1
99 2
99 3
99 4
99 5
99 6
99 7
99 9
99 10
99 12
99 14
99 15
99 16
99 17
99 19
99 20
99 21
99 22
99 23
99 24
99 25
99 26
99 27
99 30
99 31
99 32
99 33
99 36
99 38
99 43
99 44
99 45
99 47
99 48
99 49
99 50
99 51
99 52
99 54
99 55
99 56
99 58
99 59
99 61
99 62
99 65
99 67
99 68
99 70
99 71
99 72
99 73
99 76
99 79
99 85
99 90
99 92
99 93
99 94
99 95
99 98
100 0
100 1
100 2
100 5
100 18
100 26
100 30
100 50
100 54
100 56
100 60
100 73
101 0
101 1
101 2
101 3
101 4
101 5
101 6
101 7
101 8
101 9
101 10
101 11
101 12
101 13
101 14
101 15
101 16
101 17
101 18
101 19
101 20
101 21
101 23
101 24
101 25
101 26
101 27
101 29
101 30
101 31
101 32
101 33
101 34
101 36
101 37
101 38
101 41
101 43
101 44
101 45
101 46
101 47
101 48
101 49
101 50
101 51
101 52
101 53
101 54
101 55
101 56
101 58
101 60
101 61
101 62
101 63
101 65
101 67
101 68
101 71
101 72
101 73
101 81
101 85
101 90
101 92
101 93
101 94
101 95
101 99
101 100
102 70
102 87
102 93
102 99
103 6
104 0
104 1
104 2
104 3
104 4
104 5
104 7
104 8
104 9
104 10
104 11
104 12
104 13
104 14
104 16
104 17
104 18
104 19
104 20
104 21
104 22
104 23
104 24
104 25
104 26
104 27
104 29
104 30
104 32
104 33
104 36
104 38
104 43
104 44
104 45
104 47
104 48
104 49
104 50
104 51
104 52
104 54
104 55
104 56
104 57
104 58
104 61
104 62
104 67
104 68
104 71
104 72
104 73
104 74
104 76
104 77
104 85
104 87
104 91
104 92
104 93
104 94
104 99
104 100
104 101
105 37
106 0
106 1
106 2
106 3
106 4
106 5
106 6
106 7
106 8
106 9
106 10
106 12
106 13
106 14
106 15
106 16
106 18
106 19
106 20
106 21
106 22
106 23
106 24
106 25
106 26
106 27
106 30
106 31
106 33
106 34
106 36
106 37
106 38
106 43
106 44
106 45
106 46
106 47
106 48
106 50
106 53
106 54
106 55
106 58
106 61
106 62
106 63
106 65
106 67
106 68
106 70
106 71
106 72
106 73
106 76
106 77
106 85
106 87
106 90
106 92
106 93
106 94
106 98
106 99
106 101
106 102
106 104
106 105
107 29
108 0
108 7
108 25
108 61
108 67
108 73
108 85
108 95
108 98
108 99
109 58
110 37
111 27
111 37
112 0
112 1
112 2
112 3
112 4
112 5
112 6
112 7
112 8
112 10
112 12
112 14
112 15
112 16
112 17
112 18
112 20
112 21
112 22
112 23
112 24
112 25
112 26
112 27
112 30
112 32
112 33
112 36
112 38
112 41
112 44
112 46
112 47
112 48
112 49
112 50
112 52
112 54
112 55
112 56
112 57
112 58
112 60
112 61
112 62
112 66
112 67
112 68
112 71
112 72
112 73
112 74
112 76
112 85
112 87
112 92
112 93
112 94
112 99
112 100
112 101
112 102
112 104
112 106
112 108
112 109
112 111
113 4
114 24
115 40
116 0
116 1
116 2
116 3
116 4
116 5
116 6
116 7
116 8
116 9
116 10
116 12
116 13
116 14
116 15
116 16
116 18
116 19
116 20
116 21
116 22
116 23
116 24
116 25
116 26
116 27
116 28
116 29
116 31
116 33
116 36
116 37
116 38
116 41
116 44
116 45
116 46
116 47
116 48
116 50
116 51
116 52
116 55
116 58
116 59
116 61
116 62
116 64
116 66
116 67
116 68
116 70
116 71
116 73
116 74
116 76
116 77
116 79
116 85
116 87
116 89
116 90
116 92
116 93
116 94
116 98
116 99
116 101
116 102
116 104
116 105
116 106
116 109
116 111
116 112
117 65
118 76
119 18
120 0
120 1
120 2
120 3
120 4
120 5
120 6
120 7
120 8
120 9
120 10
120 11
120 12
120 13
120 14
120 16
120 17
120 18
120 19
120 20
120 21
120 22
120 23
120 24
120 25
120 26
120 27
120 28
120 30
120 31
120 33
120 34
120 36
120 37
120 38
120 42
120 43
120 44
120 45
120 46
120 47
120 48
120 50
120 51
120 52
120 54
120 55
120 56
120 58
120 59
120 60
120 62
120 64
120 67
120 68
120 71
120 73
120 74
120 76
120 79
120 81
120 83
120 85
120 87
120 90
120 92
120 93
120 94
120 95
120 98
120 99
120 100
120 101
120 102
120 104
120 106
120 108
120 112
120 116
120 119
121 83
121 120
122 0
122 1
122 2
122 3
122 4
122 5
122 6
122 7
122 8
122 9
122 10
122 15
122 16
122 17
122 18
122 19
122 20
122 21
122 22
122 24
122 25
122 26
122 29
122 30
122 32
122 33
122 34
122 36
122 41
122 43
122 44
122 45
122 46
122 47
122 49
122 50
122 52
122 54
122 55
122 56
122 57
122 58
122 59
122 60
122 61
122 62
122 64
122 65
122 66
122 67
122 68
122 71
122 73
122 74
122 77
122 79
122 81
122 83
122 85
122 87
122 89
122 90
122 92
122 93
122 94
122 98
122 99
122 100
122 101
122 102
122 104
122 106
122 108
122 109
122 112
122 116
122 117
122 120
122 121
123 9
123 25
124 0
124 3
124 25
125 41
126 0
126 3
126 4
126 104
126 113
127 54
128 68
129 3
129 4
129 6
130 56
131 0
131 1
131 2
131 3
131 4
131 10
131 38
131 68
131 79
131 113
131 126
132 131
133 0
133 1
133 2
133 3
133 4
133 5
133 6
133 7
133 8
133 9
133 10
133 11
133 12
133 13
133 14
133 15
133 16
133 17
133 18
133 19
133 20
133 21
133 22
133 23
133 24
133 25
133 26
133 27
133 28
133 29
133 30
133 31
133 33
133 34
133 35
133 36
133 37
133 38
133 41
133 42
133 43
133 44
133 45
133 46
133 47
133 48
133 49
133 50
133 52
133 54
133 55
133 56
133 57
133 58
133 59
133 61
133 62
133 63
133 64
133 67
133 68
133 70
133 71
133 72
133 73
133 74
133 76
133 79
133 81
133 85
133 87
133 90
133 92
133 93
133 94
133 98
133 99
133 100
133 101
133 102
133 104
133 106
133 108
133 112
133 116
133 118
133 120
133 121
133 122
133 123
133 124
133 126
133 131
133 132
134 106
135 0
135 1
135 2
135 3
135 4
135 5
135 6
135 7
135 9
135 10
135 11
135 12
135 13
135 14
135 16
135 17
135 19
135 20
135 21
135 22
135 23
135 24
135 25
135 26
135 27
135 30
135 31
135 32
135 36
135 38
135 43
135 44
135 45
135 46
135 47
135 48
135 50
135 51
135 52
135 54
135 55
135 58
135 59
135 61
135 62
135 64
135 67
135 68
135 70
135 72
135 73
135 74
135 77
135 79
135 83
135 85
135 89
135 90
135 92
135 93
135 94
135 95
135 98
135 99
135 100
135 101
135 102
135 104
135 106
135 108
135 112
135 113
135 116
135 120
135 121
135 122
135 126
135 131
135 132
135 133
136 59
137 35
137 42
138 54
139 1
139 3
139 10
139 47
139 52
139 56
139 58
140 0
140 3
140 4
140 9
140 16
140 21
140 45
140 68
140 122
141 40
141 115
142 0
142 1
142 2
142 3
142 4
142 5
142 6
142 7
142 8
142 9
142 10
142 11
142 12
142 13
142 14
142 15
142 16
142 17
142 18
142 19
142 20
142 21
142 22
142 24
142 25
142 26
142 27
142 29
142 30
142 31
142 33
142 34
142 36
142 37
142 38
142 43
142 44
142 45
142 47
142 48
142 49
142 50
142 51
142 52
142 54
142 55
142 56
142 58
142 60
142 61
142 62
142 63
142 67
142 68
142 70
142 71
142 73
142 74
142 76
142 77
142 81
142 84
142 85
142 87
142 92
142 93
142 94
142 95
142 99
142 100
142 101
142 102
142 104
142 106
142 110
142 111
142 112
142 116
142 120
142 121
142 122
142 133
142 134
142 135
143 0
143 1
143 2
143 3
143 4
143 5
143 6
143 7
143 8
143 9
143 10
143 11
143 12
143 13
143 14
143 15
143 16
143 17
143 18
143 19
143 20
143 21
143 22
143 23
143 25
143 26
143 27
143 29
143 30
143 33
143 36
143 38
143 44
143 45
143 46
143 47
143 50
143 51
143 52
143 54
143 55
143 56
143 58
143 60
143 61
143 62
143 64
143 67
143 68
143 71
143 72
143 73
143 76
143 85
143 89
143 91
143 92
143 93
143 94
143 95
143 99
143 100
143 101
143 104
143 106
143 112
143 116
143 118
143 119
143 120
143 122
143 126
143 130
143 131
143 132
143 133
143 134
143 135
143 138
143 139
143 140
143 142
144 0
144 1
144 2
144 3
144 4
144 5
144 6
144 7
144 8
144 9
144 10
144 11
144 12
144 13
144 14
144 16
144 17
144 19
144 20
144 21
144 22
144 23
144 24
144 25
144 26
144 27
144 28
144 30
144 33
144 34
144 35
144 36
144 38
144 42
144 43
144 44
144 45
144 47
144 48
144 49
144 50
144 51
144 54
144 55
144 58
144 59
144 61
144 62
144 63
144 67
144 68
144 70
144 71
144 72
144 73
144 74
144 76
144 81
144 83
144 85
144 87
144 90
144 93
144 94
144 99
144 101
144 102
144 104
144 106
144 112
144 116
144 118
144 120
144 121
144 122
144 127
144 129
144 131
144 133
144 134
144 135
144 137
144 142
144 143
145 5
146 0
146 1
146 2
146 3
146 4
146 5
146 6
146 7
146 8
146 9
146 10
146 11
146 12
146 13
146 14
146 15
146 16
146 17
146 18
146 19
146 20
146 21
146 22
146 23
146 24
146 25
146 26
146 27
146 28
146 29
146 30
146 31
146 32
146 33
146 34
146 35
146 36
146 38
146 41
146 42
146 43
146 44
146 45
146 47
146 48
146 49
146 50
146 51
146 52
146 54
146 55
146 57
146 58
146 59
146 61
146 62
146 63
146 64
146 67
146 68
146 69
146 70
146 71
146 72
146 73
146 75
146 76
146 79
146 81
146 85
146 87
146 89
146 90
146 92
146 93
146 94
146 95
146 96
146 98
146 99
146 100
146 101
146 104
146 106
146 108
146 112
146 113
146 116
146 120
146 121
146 122
146 124
146 125
146 126
146 128
146 131
146 132
146 133
146 135
146 137
146 139
146 142
146 143
146 144
147 31
148 0
148 1
148 2
148 3
148 4
148 5
148 6
148 7
148 8
148 9
148 10
148 11
148 12
148 13
148 14
148 15
148 16
148 17
148 18
148 19
148 20
148 21
148 22
148 23
148 24
148 25
148 26
148 28
148 29
148 30
148 31
148 32
148 33
148 34
148 35
148 36
148 38
148 39
148 41
148 42
148 43
148 44
148 45
148 47
148 48
148 49
148 50
148 51
148 52
148 54
148 55
148 56
148 57
148 58
148 59
148 60
148 61
148 62
148 67
148 68
148 70
148 71
148 72
148 73
148 76
148 77
148 79
148 82
148 83
148 85
148 87
148 89
148 92
148 93
148 94
148 98
148 99
148 100
148 101
148 102
148 104
148 106
148 107
148 108
148 112
148 116
148 120
148 121
148 122
148 125
148 133
148 135
148 137
148 140
148 142
148 143
148 144
148 146
149 138
149 143
150 57
151 3
152 137
152 146
153 59
154 61
155 147
156 0
156 1
156 2
156 3
156 4
156 5
156 6
156 7
156 8
156 9
156 10
156 11
156 12
156 13
156 14
156 15
156 16
156 17
156 18
156 19
156 20
156 21
156 22
156 23
156 24
156 25
156 26
156 27
156 28
156 29
156 30
156 31
156 32
156 33
156 36
156 37
156 38
156 41
156 43
156 44
156 45
156 47
156 48
156 49
156 50
156 52
156 54
156 55
156 56
156 58
156 59
156 61
156 62
156 64
156 65
156 67
156 68
156 72
156 73
156 76
156 79
156 83
156 85
156 87
156 89
156 92
156 93
156 94
156 95
156 98
156 99
156 100
156 101
156 104
156 106
156 107
156 108
156 111
156 112
156 113
156 116
156 117
156 120
156 121
156 122
156 123
156 126
156 127
156 129
156 131
156 133
156 135
156 139
156 140
156 142
156 143
156 144
156 146
156 148
156 152
156 153
157 0
157 1
157 2
157 3
157 4
157 5
157 6
157 7
157 8
157 9
157 10
157 12
157 13
157 14
157 15
157 16
157 17
157 18
157 19
157 20
157 21
157 22
157 24
157 25
157 26
157 27
157 29
157 30
157 31
157 32
157 33
157 34
157 36
157 38
157 39
157 41
157 43
157 44
157 45
157 46
157 47
157 50
157 51
157 52
157 54
157 55
157 56
157 58
157 61
157 62
157 67
157 68
157 70
157 71
157 72
157 73
157 74
157 76
157 84
157 85
157 87
157 89
157 90
157 92
157 93
157 94
157 95
157 96
157 98
157 99
157 100
157 101
157 102
157 104
157 106
157 107
157 108
157 112
157 113
157 116
157 120
157 122
157 125
157 126
157 127
157 131
157 133
157 135
157 140
157 142
157 143
157 144
157 146
157 148
157 156
158 2
158 11
158 14
158 42
158 51
158 120
158 143
158 148
159 23
160 64
160 133
161 29
161 107
162 50
163 0
163 1
163 29
163 107
163 161
164 77
165 0
165 3
166 0
166 1
166 2
166 3
166 4
166 5
166 6
166 7
166 8
166 9
166 10
166 12
166 13
166 14
166 15
166 16
166 17
166 19
166 20
166 21
166 22
166 23
166 24
166 25
166 26
166 27
166 29
166 30
166 31
166 33
166 34
166 36
166 37
166 38
166 43
166 44
166 45
166 47
166 50
166 51
166 54
166 55
166 58
166 61
166 62
166 63
166 65
166 66
166 67
166 68
166 70
166 71
166 72
166 73
166 74
166 81
166 85
166 89
166 90
166 91
166 92
166 93
166 94
166 95
166 99
166 101
166 104
166 106
166 111
166 112
166 116
166 120
166 122
166 126
166 133
166 135
166 138
166 142
166 143
166 144
166 146
166 148
166 149
166 156
166 157
166 158
167 0
167 1
167 2
167 3
167 4
167 5
167 6
167 7
167 8
167 9
167 10
167 11
167 12
167 13
167 14
167 15
167 16
167 17
167 18
167 19
167 20
167 21
167 22
167 23
167 24
167 25
167 26
167 27
167 28
167 29
167 30
167 31
167 32
167 33
167 34
167 35
167 36
167 37
167 38
167 41
167 42
167 43
167 44
167 45
167 46
167 47
167 48
167 49
167 50
167 51
167 52
167 54
167 55
167 56
167 57
167 58
167 59
167 61
167 62
167 63
167 64
167 67
167 68
167 70
167 71
167 72
167 73
167 74
167 76
167 79
167 81
167 82
167 83
167 85
167 87
167 89
167 90
167 92
167 93
167 94
167 95
167 96
167 98
167 99
167 100
167 101
167 102
167 103
167 104
167 105
167 106
167 108
167 109
167 110
167 111
167 112
167 113
167 116
167 118
167 120
167 121
167 122
167 126
167 127
167 131
167 132
167 133
167 134
167 135
167 137
167 139
167 142
167 143
167 144
167 145
167 146
167 148
167 150
167 152
167 156
167 157
167 158
167 166
168 32
168 41
168 125
169 37
169 111
170 93
170 102
171 134
172 138
172 149
173 138
173 143
173 149
173 156
173 158
173 166
173 167
173 172
174 0
174 1
174 2
174 3
174 4
174 5
174 6
174 7
174 8
174 9
174 10
174 11
174 12
174 13
174 14
174 15
174 16
174 17
174 18
174 19
174 20
174 21
174 22
174 23
174 24
174 25
174 26
174 27
174 29
174 30
174 31
174 32
174 33
174 35
174 36
174 38
174 39
174 42
174 43
174 44
174 45
174 47
174 48
174 49
174 50
174 51
174 52
174 54
174 55
174 56
174 57
174 58
174 61
174 62
174 65
174 67
174 68
174 71
174 72
174 73
174 74
174 83
174 85
174 90
174 92
174 93
174 94
174 95
174 96
174 99
174 100
174 101
174 104
174 106
174 108
174 112
174 116
174 120
174 121
174 122
174 126
174 129
174 131
174 132
174 133
174 135
174 139
174 142
174 143
174 144
174 146
174 148
174 150
174 156
174 157
174 166
174 167
175 0
175 1
175 2
175 3
175 4
175 5
175 6
175 7
175 8
175 9
175 10
175 11
175 12
175 13
175 14
175 15
175 16
175 17
175 18
175 19
175 20
175 21
175 22
175 23
175 24
175 25
175 26
175 27
175 28
175 29
175 30
175 31
175 32
175 33
175 34
175 35
175 36
175 37
175 38
175 39
175 41
175 42
175 43
175 44
175 45
175 46
175 47
175 48
175 49
175 50
175 51
175 52
175 54
175 55
175 56
175 58
175 59
175 61
175 62
175 64
175 65
175 67
175 68
175 71
175 72
175 73
175 74
175 79
175 83
175 85
175 86
175 89
175 92
175 93
175 94
175 95
175 99
175 101
175 102
175 104
175 106
175 108
175 112
175 116
175 119
175 120
175 121
175 122
175 125
175 131
175 133
175 134
175 135
175 137
175 139
175 142
175 143
175 144
175 146
175 147
175 148
175 152
175 156
175 157
175 158
175 160
175 162
175 166
175 167
175 168
175 170
175 173
175 174
176 137
176 144
176 146
176 152
177 1
177 3
177 4
177 10
177 13
177 14
177 16
177 18
177 20
177 26
177 33
177 51
177 58
177 65
177 68
177 104
177 109
177 112
177 131
177 143
177 146
177 156
177 166
177 167
178 112
179 0
179 2
179 3
179 4
179 23
179 24
179 31
179 42
179 45
179 74
179 79
179 83
179 98
179 102
179 108
179 120
179 122
179 133
179 142
179 144
179 146
179 147
179 148
179 155
179 157
179 167
179 174
179 175
180 0
180 1
180 2
180 3
180 4
180 5
180 6
180 7
180 8
180 9
180 10
180 11
180 12
180 13
180 14
180 15
180 16
180 17
180 18
180 19
180 20
180 21
180 22
180 23
180 24
180 25
180 26
180 27
180 28
180 30
180 31
180 32
180 33
180 34
180 36
180 38
180 41
180 42
180 43
180 44
180 45
180 46
180 47
180 48
180 49
180 50
180 51
180 52
180 53
180 54
180 55
180 56
180 57
180 58
180 59
180 60
180 61
180 62
180 63
180 66
180 67
180 68
180 70
180 71
180 72
180 73
180 74
180 76
180 78
180 81
180 84
180 85
180 87
180 92
180 93
180 94
180 95
180 96
180 98
180 99
180 100
180 101
180 102
180 104
180 106
180 108
180 109
180 112
180 116
180 118
180 120
180 121
180 122
180 126
180 128
180 133
180 135
180 138
180 139
180 142
180 143
180 144
180 146
180 147
180 148
180 149
180 152
180 156
180 157
180 158
180 166
180 167
180 170
180 172
180 173
180 174
180 175
180 176
180 177
180 179
181 0
181 1
181 2
181 3
181 4
181 5
181 6
181 7
181 8
181 9
181 10
181 11
181 12
181 13
181 14
181 15
181 16
181 17
181 18
181 19
181 20
181 21
181 22
181 23
181 24
181 25
181 26
181 27
181 29
181 30
181 31
181 32
181 33
181 34
181 36
181 37
181 38
181 42
181 43
181 44
181 45
181 46
181 47
181 48
181 49
181 50
181 51
181 52
181 53
181 54
181 55
181 56
181 57
181 58
181 61
181 62
181 65
181 66
181 67
181 68
181 70
181 71
181 72
181 73
181 74
181 79
181 81
181 85
181 87
181 90
181 92
181 93
181 94
181 95
181 98
181 99
181 100
181 101
181 102
181 104
181 106
181 109
181 111
181 112
181 116
181 120
181 122
181 133
181 135
181 138
181 139
181 142
181 143
181 144
181 146
181 148
181 149
181 152
181 156
181 157
181 166
181 167
181 172
181 173
181 174
181 175
181 176
181 177
181 179
181 180
182 0
182 1
182 2
182 3
182 4
182 5
182 6
182 7
182 8
182 9
182 10
182 11
182 12
182 13
182 14
182 15
182 16
182 17
182 18
182 19
182 20
182 21
182 22
182 23
182 24
182 25
182 26
182 27
182 28
182 29
182 30
182 31
182 32
182 33
182 34
182 35
182 36
182 38
182 42
182 43
182 44
182 45
182 46
182 47
182 48
182 49
182 50
182 51
182 52
182 54
182 55
182 56
182 58
182 61
182 62
182 66
182 67
182 68
182 70
182 71
182 73
182 77
182 78
182 83
182 85
182 87
182 90
182 92
182 93
182 94
182 98
182 99
182 100
182 101
182 102
182 104
182 106
182 107
182 108
182 109
182 112
182 116
182 119
182 120
182 121
182 122
182 124
182 131
182 132
182 133
182 135
182 137
182 138
182 140
182 142
182 143
182 144
182 146
182 147
182 148
182 149
182 152
182 154
182 155
182 156
182 157
182 158
182 164
182 166
182 167
182 172
182 173
182 174
182 175
182 176
182 177
182 179
182 180
182 181
183 0
183 1
183 2
183 3
183 4
183 5
183 6
183 7
183 8
183 9
183 10
183 11
183 12
183 13
183 14
183 15
183 16
183 17
183 18
183 19
183 20
183 21
183 22
183 23
183 24
183 25
183 26
183 27
183 29
183 30
183 31
183 32
183 33
183 34
183 35
183 36
183 37
183 38
183 42
183 43
183 44
183 45
183 46
183 47
183 48
183 49
183 50
183 51
183 52
183 54
183 55
183 56
183 58
183 59
183 61
183 62
183 64
183 65
183 66
183 67
183 68
183 70
183 71
183 73
183 76
183 77
183 79
183 81
183 83
183 84
183 85
183 89
183 90
183 92
183 93
183 94
183 95
183 96
183 99
183 100
183 101
183 102
183 104
183 106
183 107
183 108
183 112
183 116
183 120
183 121
183 122
183 127
183 128
183 131
183 132
183 133
183 135
183 137
183 138
183 140
183 142
183 143
183 144
183 146
183 148
183 149
183 152
183 154
183 156
183 157
183 158
183 163
183 166
183 167
183 172
183 173
183 174
183 175
183 176
183 177
183 179
183 180
183 181
183 182
184 20
184 34
184 63
185 0
185 1
185 2
185 3
185 4
185 5
185 6
185 7
185 8
185 9
185 10
185 11
185 12
185 13
185 14
185 15
185 16
185 17
185 18
185 19
185 20
185 21
185 22
185 23
185 24
185 25
185 26
185 27
185 29
185 30
185 32
185 33
185 35
185 36
185 37
185 38
185 39
185 41
185 42
185 43
185 44
185 45
185 46
185 47
185 48
185 49
185 50
185 52
185 54
185 55
185 56
185 57
185 58
185 59
185 60
185 62
185 64
185 65
185 67
185 68
185 70
185 71
185 73
185 74
185 76
185 77
185 79
185 80
185 83
185 85
185 87
185 89
185 92
185 93
185 94
185 98
185 99
185 101
185 102
185 104
185 105
185 106
185 108
185 109
185 112
185 116
185 119
185 120
185 122
185 129
185 133
185 135
185 136
185 142
185 143
185 144
185 146
185 148
185 153
185 156
185 157
185 158
185 162
185 164
185 166
185 167
185 174
185 175
185 179
185 180
185 181
185 182
185 183
186 44
187 1
187 93
187 156
188 0
188 1
188 2
188 3
188 4
188 5
188 6
188 7
188 8
188 9
188 10
188 11
188 12
188 13
188 14
188 15
188 16
188 17
188 18
188 19
188 20
188 21
188 22
188 23
188 24
188 25
188 26
188 28
188 29
188 30
188 31
188 33
188 36
188 38
188 42
188 43
188 44
188 45
188 46
188 47
188 48
188 49
188 50
188 51
188 52
188 54
188 55
188 56
188 58
188 59
188 60
188 61
188 62
188 64
188 65
188 67
188 68
188 70
188 71
188 72
188 73
188 74
188 77
188 79
188 81
188 83
188 85
188 87
188 92
188 93
188 94
188 95
188 96
188 98
188 99
188 100
188 101
188 102
188 104
188 106
188 108
188 112
188 116
188 120
188 121
188 122
188 125
188 133
188 135
188 140
188 142
188 143
188 144
188 146
188 148
188 154
188 156
188 157
188 158
188 160
188 166
188 167
188 168
188 170
188 173
188 174
188 175
188 179
188 180
188 181
188 182
188 183
188 185
189 0
189 1
189 2
189 3
189 4
189 5
189 6
189 7
189 8
189 9
189 10
189 11
189 12
189 13
189 16
189 17
189 18
189 19
189 21
189 22
189 23
189 24
189 25
189 26
189 27
189 28
189 29
189 30
189 31
189 32
189 33
189 36
189 38
189 43
189 44
189 45
189 47
189 48
189 49
189 50
189 54
189 55
189 56
189 57
189 58
189 59
189 60
189 61
189 62
189 65
189 67
189 68
189 69
189 70
189 71
189 72
189 73
189 79
189 80
189 85
189 87
189 92
189 93
189 94
189 95
189 98
189 99
189 100
189 101
189 102
189 104
189 106
189 108
189 112
189 113
189 116
189 120
189 121
189 122
189 126
189 127
189 129
189 131
189 133
189 135
189 136
189 139
189 142
189 143
189 144
189 146
189 148
189 150
189 154
189 156
189 157
189 158
189 159
189 166
189 167
189 170
189 173
189 174
189 175
189 176
189 177
189 179
189 180
189 181
189 182
189 183
189 185
189 188
190 111
190 169
191 178
192 58
192 109
192 116
193 67
193 185
194 0
194 1
194 2
194 3
194 4
194 5
194 6
194 7
194 8
194 9
194 10
194 12
194 14
194 15
194 16
194 17
194 18
194 19
194 20
194 21
194 22
194 23
194 24
194 25
194 26
194 27
194 28
194 30
194 31
194 32
194 33
194 34
194 36
194 38
194 39
194 41
194 43
194 44
194 45
194 47
194 48
194 50
194 51
194 52
194 55
194 58
194 59
194 61
194 62
194 64
194 67
194 68
194 70
194 71
194 72
194 73
194 74
194 76
194 77
194 78
194 79
194 85
194 87
194 92
194 93
194 94
194 95
194 96
194 97
194 98
194 99
194 101
194 102
194 104
194 106
194 108
194 109
194 112
194 116
194 118
194 119
194 120
194 121
194 122
194 125
194 133
194 135
194 139
194 140
194 142
194 143
194 144
194 146
194 148
194 156
194 157
194 159
194 166
194 167
194 168
194 174
194 175
194 177
194 179
194 180
194 181
194 182
194 183
194 185
194 187
194 188
194 189
194 193
195 0
195 1
195 2
195 3
195 4
195 5
195 6
195 7
195 8
195 9
195 10
195 11
195 12
195 13
195 14
195 15
195 16
195 17
195 18
195 19
195 20
195 21
195 22
195 23
195 24
195 25
195 26
195 27
195 28
195 29
195 30
195 31
195 32
195 33
195 34
195 35
195 36
195 38
195 41
195 42
195 43
195 44
195 45
195 46
195 47
195 48
195 49
195 50
195 51
195 52
195 53
195 54
195 55
195 56
195 58
195 59
195 61
195 62
195 63
195 65
195 67
195 68
195 70
195 72
195 73
195 74
195 76
195 77
195 78
195 79
195 81
195 83
195 84
195 85
195 87
195 89
195 90
195 91
195 92
195 93
195 94
195 95
195 97
195 98
195 99
195 101
195 102
195 104
195 106
195 107
195 108
195 109
195 111
195 112
195 113
195 116
195 119
195 120
195 121
195 122
195 126
195 131
195 132
195 133
195 134
195 135
195 137
195 142
195 143
195 144
195 146
195 147
195 148
195 152
195 154
195 155
195 156
195 157
195 166
195 167
195 169
195 170
195 174
195 175
195 176
195 177
195 179
195 180
195 181
195 182
195 183
195 184
195 185
195 186
195 187
195 188
195 189
195 190
195 194
196 0
196 1
196 2
196 3
196 4
196 5
196 6
196 7
196 8
196 9
196 10
196 11
196 12
196 13
196 14
196 15
196 16
196 17
196 18
196 19
196 20
196 21
196 22
196 23
196 24
196 25
196 27
196 28
196 30
196 31
196 32
196 33
196 34
196 35
196 36
196 38
196 41
196 42
196 43
196 44
196 45
196 47
196 48
196 49
196 50
196 51
196 52
196 54
196 55
196 56
196 57
196 58
196 60
196 61
196 62
196 64
196 66
196 67
196 68
196 70
196 71
196 72
196 73
196 74
196 75
196 79
196 85
196 87
196 92
196 93
196 94
196 95
196 98
196 99
196 100
196 101
196 102
196 104
196 106
196 108
196 112
196 113
196 116
196 120
196 122
196 130
196 133
196 135
196 137
196 140
196 142
196 143
196 144
196 145
196 146
196 148
196 152
196 156
196 157
196 166
196 167
196 174
196 175
196 176
196 177
196 179
196 180
196 181
196 182
196 183
196 185
196 188
196 189
196 192
196 193
196 194
196 195
197 0
197 3
197 6
197 17
197 21
197 26
197 30
197 43
197 54
197 55
197 67
197 93
197 94
197 95
197 96
197 120
197 166
197 174
197 196
198 0
198 1
198 2
198 3
198 4
198 5
198 6
198 7
198 8
198 9
198 10
198 11
198 12
198 13
198 14
198 15
198 16
198 17
198 18
198 19
198 20
198 21
198 22
198 23
198 24
198 25
198 26
198 27
198 28
198 30
198 31
198 32
198 33
198 34
198 35
198 36
198 37
198 38
198 42
198 43
198 44
198 45
198 46
198 47
198 48
198 49
198 50
198 51
198 52
198 53
198 54
198 55
198 56
198 57
198 58
198 59
198 60
198 61
198 62
198 64
198 65
198 67
198 68
198 69
198 70
198 71
198 72
198 73
198 74
198 76
198 78
198 79
198 83
198 85
198 87
198 88
198 89
198 92
198 93
198 94
198 95
198 98
198 99
198 100
198 101
198 102
198 104
198 105
198 106
198 108
198 109
198 110
198 111
198 112
198 116
198 120
198 122
198 131
198 133
198 135
198 137
198 139
198 140
198 142
198 143
198 144
198 145
198 146
198 148
198 152
198 155
198 156
198 157
198 166
198 167
198 170
198 173
198 174
198 175
198 177
198 179
198 180
198 181
198 182
198 183
198 185
198 188
198 189
198 194
198 195
198 196
198 197
199 0
199 3
199 4
199 154
199 174
199 182
199 195
