1 0
2 1
3 0
3 1
3 2
4 0
4 1
4 2
4 3
5 0
5 1
5 3
5 4
6 0
7 0
7 1
7 2
8 1
8 2
8 7
9 5
10 2
10 3
10 7
11 0
11 1
11 2
11 3
11 4
11 5
11 7
11 8
12 6
13 6
13 12
14 0
14 1
14 3
14 7
14 8
14 10
15 11
16 0
16 1
16 2
16 3
16 4
16 7
16 8
16 11
16 14
17 0
17 1
17 2
17 6
17 7
17 8
17 10
17 14
17 16
18 17
19 17
19 18
20 0
20 1
20 2
20 3
20 7
20 8
20 10
20 11
20 14
20 15
20 16
20 17
21 13
22 15
22 16
22 17
22 20
23 0
23 1
23 2
23 3
23 4
23 5
23 7
23 8
23 9
23 10
23 11
23 14
23 15
23 16
23 17
23 20
23 22
24 16
24 23
25 0
25 1
25 2
25 3
25 8
25 11
25 14
25 17
25 18
25 19
26 23
26 24
27 7
28 0
28 1
28 2
28 3
28 7
28 8
28 10
28 11
28 14
28 15
28 16
28 17
28 18
28 20
28 22
28 23
28 25
29 6
29 17
29 28
30 2
30 6
30 10
30 14
30 16
30 17
30 18
30 19
30 20
30 22
30 23
30 25
30 28
30 29
31 7
31 16
32 0
32 1
32 7
32 10
32 14
32 20
33 7
33 27
34 0
34 1
34 2
34 3
34 4
34 5
34 6
34 7
34 8
34 10
34 11
34 14
34 15
34 16
34 17
34 18
34 19
34 20
34 22
34 23
34 24
34 25
34 26
34 28
34 29
34 30
35 21
36 4
36 23
37 0
37 1
37 2
37 3
37 4
37 5
37 7
37 8
37 10
37 11
37 14
37 15
37 16
37 17
37 18
37 19
37 20
37 22
37 23
37 24
37 25
37 28
37 30
37 32
37 34
38 0
38 1
38 2
38 4
38 7
38 8
38 10
38 11
38 14
38 15
38 16
38 17
38 18
38 19
38 20
38 22
38 23
38 25
38 28
38 29
38 30
38 32
38 34
38 37
39 0
39 1
39 2
39 3
39 4
39 5
39 6
39 7
39 8
39 9
39 10
39 11
39 14
39 15
39 16
39 17
39 18
39 19
39 20
39 22
39 23
39 25
39 27
39 28
39 29
39 30
39 32
39 33
39 34
39 36
39 37
39 38
40 0
40 1
40 7
40 38
41 40
42 34
43 0
44 0
44 1
44 8
44 16
44 17
44 25
44 37
45 7
46 0
46 1
46 2
46 3
46 4
46 5
46 6
46 7
46 8
46 10
46 11
46 14
46 16
46 17
46 18
46 19
46 20
46 23
46 24
46 25
46 26
46 27
46 28
46 30
46 31
46 32
46 33
46 34
46 36
46 37
46 38
46 39
47 0
47 1
47 2
47 3
47 4
47 5
47 6
47 7
47 8
47 10
47 11
47 14
47 15
47 16
47 17
47 18
47 19
47 20
47 22
47 23
47 25
47 28
47 29
47 30
47 34
47 37
47 38
47 39
47 40
47 42
47 44
47 46
48 0
48 1
48 2
48 3
48 4
48 5
48 6
48 7
48 8
48 9
48 10
48 11
48 14
48 15
48 16
48 17
48 20
48 22
48 23
48 24
48 25
48 26
48 28
48 30
48 32
48 33
48 34
48 37
48 38
48 39
48 42
48 46
48 47
49 0
49 1
49 2
49 3
49 4
49 5
49 6
49 7
49 8
49 9
49 10
49 11
49 12
49 13
49 14
49 15
49 16
49 17
49 18
49 19
49 20
49 22
49 23
49 24
49 25
49 26
49 27
49 28
49 29
49 30
49 31
49 32
49 33
49 34
49 37
49 38
49 39
49 42
49 44
49 46
49 47
49 48
50 41
51 30
52 0
52 1
52 2
52 3
52 4
52 5
52 7
52 8
52 10
52 11
52 14
52 15
52 16
52 17
52 18
52 20
52 22
52 23
52 28
52 34
52 37
52 38
52 39
52 40
52 41
52 45
52 46
52 47
52 48
52 49
52 50
53 4
54 0
54 1
54 2
54 3
54 4
54 5
54 6
54 7
54 8
54 9
54 10
54 11
54 14
54 15
54 16
54 17
54 18
54 19
54 20
54 22
54 23
54 24
54 25
54 26
54 27
54 28
54 29
54 30
54 32
54 34
54 36
54 37
54 38
54 39
54 40
54 44
54 46
54 47
54 48
54 49
54 52
55 50
56 0
56 1
56 2
56 3
56 4
56 5
56 6
56 7
56 8
56 10
56 11
56 14
56 15
56 16
56 17
56 18
56 19
56 20
56 22
56 23
56 24
56 25
56 26
56 27
56 28
56 29
56 30
56 31
56 32
56 33
56 34
56 36
56 37
56 38
56 39
56 40
56 41
56 42
56 45
56 46
56 47
56 48
56 49
56 52
56 54
57 0
57 1
57 2
57 3
57 4
57 5
57 7
57 8
57 9
57 10
57 11
57 14
57 15
57 16
57 20
57 22
57 23
57 24
57 25
57 26
57 28
57 32
57 34
57 36
57 37
57 38
57 39
57 42
57 46
57 47
57 48
57 49
57 52
57 54
57 56
58 18
59 0
59 1
59 2
59 3
59 4
59 5
59 6
59 7
59 8
59 9
59 10
59 11
59 14
59 15
59 16
59 17
59 18
59 19
59 20
59 22
59 23
59 24
59 25
59 26
59 27
59 28
59 29
59 30
59 32
59 34
59 37
59 38
59 39
59 40
59 41
59 42
59 44
59 46
59 47
59 48
59 49
59 50
59 51
59 52
59 54
59 55
59 56
59 57
60 3
61 0
61 6
61 34
61 47
61 48
61 54
62 0
62 1
62 2
62 3
62 4
62 7
62 8
62 10
62 11
62 14
62 16
62 17
62 20
62 24
62 26
62 28
62 29
62 33
62 34
62 37
62 39
62 46
62 47
62 48
62 49
62 52
62 54
62 56
62 57
62 59
63 2
63 25
63 47
63 54
63 56
63 57
63 59
64 0
64 1
64 2
64 3
64 4
64 5
64 6
64 7
64 8
64 9
64 10
64 11
64 13
64 14
64 16
64 17
64 18
64 19
64 20
64 23
64 24
64 25
64 26
64 27
64 28
64 30
64 34
64 36
64 37
64 38
64 39
64 40
64 41
64 44
64 46
64 47
64 48
64 49
64 52
64 54
64 56
64 57
64 58
64 59
64 61
64 62
64 63
65 49
66 64
67 0
67 23
68 33
69 55
70 54
70 63
71 0
71 1
71 2
71 3
71 4
71 5
71 6
71 7
71 8
71 9
71 10
71 11
71 14
71 15
71 16
71 17
71 18
71 19
71 20
71 22
71 23
71 24
71 25
71 26
71 28
71 29
71 30
71 31
71 33
71 34
71 36
71 37
71 38
71 39
71 42
71 46
71 47
71 48
71 49
71 52
71 53
71 54
71 56
71 57
71 59
71 61
71 62
71 63
71 64
71 65
71 70
72 28
72 40
72 46
72 47
72 49
72 56
72 59
72 63
72 64
73 34
73 59
74 47
75 0
75 1
75 2
75 3
75 4
75 5
75 6
75 7
75 8
75 10
75 11
75 12
75 13
75 14
75 15
75 16
75 17
75 18
75 19
75 20
75 22
75 23
75 24
75 25
75 26
75 28
75 30
75 32
75 34
75 37
75 38
75 39
75 40
75 45
75 46
75 47
75 48
75 49
75 51
75 52
75 54
75 56
75 57
75 59
75 62
75 63
75 64
75 66
75 70
75 71
75 72
75 73
75 74
76 0
76 1
76 2
76 3
76 4
76 5
76 6
76 7
76 8
76 9
76 10
76 11
76 12
76 13
76 14
76 15
76 16
76 17
76 18
76 19
76 20
76 22
76 23
76 24
76 25
76 26
76 27
76 28
76 29
76 30
76 31
76 32
76 33
76 34
76 36
76 37
76 38
76 39
76 40
76 41
76 44
76 45
76 46
76 47
76 48
76 49
76 50
76 52
76 54
76 56
76 57
76 59
76 61
76 62
76 63
76 64
76 71
76 75
77 2
78 0
78 1
78 2
78 3
78 4
78 5
78 6
78 7
78 8
78 9
78 10
78 11
78 12
78 14
78 15
78 16
78 17
78 18
78 19
78 20
78 22
78 23
78 24
78 25
78 26
78 27
78 28
78 29
78 30
78 32
78 33
78 34
78 36
78 37
78 38
78 39
78 40
78 43
78 44
78 45
78 46
78 47
78 48
78 49
78 50
78 52
78 53
78 54
78 55
78 56
78 57
78 58
78 59
78 60
78 61
78 62
78 64
78 71
78 72
78 75
78 76
79 1
79 2
79 8
79 10
79 13
79 16
79 28
79 56
79 57
79 59
79 64
79 66
79 71
79 72
79 75
79 76
79 78
80 14
80 16
80 17
80 24
80 46
80 63
80 64
80 75
80 76
81 38
81 49
81 65
81 76
82 0
82 1
82 2
82 3
82 4
82 5
82 6
82 7
82 8
82 9
82 10
82 11
82 12
82 13
82 14
82 15
82 16
82 17
82 18
82 19
82 20
82 22
82 23
82 24
82 25
82 26
82 28
82 29
82 30
82 31
82 32
82 34
82 36
82 37
82 38
82 39
82 40
82 44
82 45
82 46
82 47
82 48
82 49
82 52
82 53
82 54
82 56
82 57
82 59
82 61
82 62
82 63
82 64
82 65
82 70
82 71
82 72
82 75
82 76
82 78
82 79
82 80
82 81
83 6
84 0
84 1
84 2
84 3
84 4
84 5
84 6
84 7
84 8
84 9
84 10
84 11
84 13
84 14
84 15
84 16
84 17
84 18
84 19
84 20
84 21
84 22
84 23
84 24
84 25
84 26
84 27
84 28
84 29
84 30
84 33
84 34
84 35
84 37
84 38
84 39
84 40
84 41
84 44
84 45
84 46
84 47
84 48
84 49
84 50
84 52
84 54
84 56
84 57
84 58
84 59
84 62
84 63
84 64
84 65
84 71
84 72
84 75
84 76
84 77
84 78
84 79
84 80
84 82
85 0
85 1
85 2
85 3
85 4
85 5
85 7
85 8
85 9
85 10
85 11
85 14
85 15
85 16
85 17
85 18
85 19
85 20
85 22
85 23
85 24
85 25
85 27
85 28
85 29
85 30
85 31
85 32
85 33
85 34
85 37
85 38
85 39
85 40
85 41
85 44
85 46
85 47
85 48
85 49
85 52
85 53
85 54
85 56
85 57
85 59
85 62
85 63
85 64
85 65
85 70
85 71
85 74
85 75
85 76
85 78
85 79
85 80
85 81
85 82
85 84
86 0
86 1
86 2
86 3
86 4
86 5
86 6
86 7
86 8
86 9
86 11
86 12
86 13
86 14
86 15
86 16
86 17
86 18
86 19
86 20
86 22
86 23
86 24
86 26
86 27
86 28
86 29
86 30
86 32
86 34
86 37
86 38
86 39
86 40
86 41
86 42
86 43
86 44
86 45
86 46
86 47
86 48
86 49
86 50
86 52
86 54
86 56
86 57
86 59
86 61
86 62
86 63
86 64
86 70
86 71
86 74
86 75
86 76
86 78
86 79
86 80
86 82
86 83
86 84
86 85
87 0
87 1
87 2
87 3
87 4
87 5
87 6
87 7
87 8
87 9
87 10
87 11
87 12
87 13
87 14
87 16
87 17
87 18
87 19
87 20
87 22
87 23
87 24
87 25
87 26
87 27
87 28
87 29
87 30
87 31
87 32
87 34
87 37
87 38
87 39
87 40
87 41
87 42
87 43
87 44
87 46
87 47
87 48
87 49
87 52
87 53
87 54
87 56
87 57
87 58
87 59
87 62
87 63
87 64
87 65
87 70
87 71
87 72
87 75
87 76
87 78
87 79
87 80
87 81
87 82
87 84
87 85
87 86
88 69
89 3
89 78
90 47
90 74
91 0
91 1
92 0
92 1
92 2
92 3
92 4
92 5
92 6
92 7
92 8
92 9
92 10
92 11
92 12
92 14
92 15
92 16
92 17
92 18
92 19
92 20
92 22
92 23
92 24
92 25
92 26
92 28
92 29
92 30
92 31
92 32
92 34
92 37
92 38
92 39
92 40
92 41
92 42
92 44
92 45
92 46
92 47
92 48
92 49
92 52
92 54
92 56
92 57
92 58
92 59
92 61
92 62
92 63
92 64
92 66
92 70
92 71
92 72
92 73
92 74
92 75
92 76
92 78
92 79
92 80
92 81
92 82
92 84
92 85
92 86
92 87
93 34
93 59
93 73
94 0
94 37
94 43
95 5
96 0
96 1
96 2
96 3
96 4
96 5
96 6
96 7
96 8
96 9
96 10
96 11
96 12
96 13
96 14
96 15
96 16
96 17
96 18
96 19
96 20
96 22
96 23
96 24
96 25
96 26
96 27
96 28
96 29
96 32
96 34
96 37
96 38
96 39
96 40
96 41
96 42
96 44
96 45
96 46
96 47
96 49
96 50
96 52
96 54
96 55
96 56
96 57
96 59
96 62
96 63
96 64
96 66
96 69
96 71
96 74
96 75
96 76
96 78
96 80
96 82
96 84
96 85
96 86
96 87
96 90
96 92
97 0
97 1
97 2
97 3
97 4
97 5
97 6
97 7
97 8
97 10
97 11
97 12
97 13
97 14
97 15
97 16
97 17
97 18
97 19
97 20
97 21
97 22
97 23
97 24
97 25
97 26
97 27
97 28
97 29
97 30
97 32
97 33
97 34
97 35
97 36
97 37
97 38
97 39
97 40
97 41
97 42
97 43
97 44
97 46
97 47
97 48
97 49
97 52
97 54
97 56
97 57
97 59
97 61
97 62
97 63
97 64
97 66
97 70
97 71
97 72
97 75
97 76
97 78
97 79
97 80
97 82
97 84
97 85
97 86
97 87
97 91
97 92
97 93
97 94
97 96
98 20
99 0
99 1
99 2
99 3
99 4
99 6
99 7
99 8
99 9
99 10
99 11
99 14
99 15
99 16
99 17
99 18
99 19
99 20
99 22
99 23
99 24
99 25
99 26
99 27
99 28
99 29
99 30
99 31
99 32
99 33
99 34
99 36
99 37
99 38
99 39
99 40
99 41
99 44
99 46
99 47
99 48
99 49
99 51
99 52
99 54
99 56
99 57
99 59
99 61
99 62
99 63
99 64
99 68
99 71
99 74
99 75
99 76
99 78
99 79
99 82
99 84
99 85
99 86
99 87
99 89
99 92
99 94
99 96
99 97
100 15
101 29
101 42
101 71
101 84
101 92
101 96
102 0
102 1
102 2
102 3
102 4
102 5
102 6
102 7
102 8
102 9
102 10
102 11
102 14
102 15
102 16
102 17
102 18
102 19
102 20
102 22
102 23
102 24
102 25
102 26
102 27
102 28
102 29
102 30
102 31
102 32
102 33
102 34
102 36
102 37
102 38
102 39
102 40
102 41
102 42
102 43
102 44
102 45
102 46
102 47
102 48
102 49
102 50
102 51
102 52
102 53
102 54
102 56
102 57
102 59
102 61
102 62
102 63
102 64
102 65
102 70
102 71
102 72
102 75
102 76
102 78
102 79
102 80
102 81
102 82
102 84
102 85
102 86
102 87
102 92
102 94
102 96
102 97
102 99
102 101
103 0
103 1
103 2
103 3
103 4
103 5
103 6
103 7
103 8
103 10
103 11
103 12
103 13
103 14
103 15
103 16
103 17
103 18
103 19
103 20
103 21
103 22
103 23
103 24
103 25
103 26
103 27
103 28
103 29
103 30
103 32
103 33
103 34
103 35
103 37
103 38
103 39
103 40
103 41
103 42
103 43
103 45
103 46
103 47
103 48
103 49
103 51
103 52
103 54
103 56
103 57
103 59
103 61
103 62
103 63
103 64
103 65
103 66
103 71
103 72
103 73
103 75
103 76
103 78
103 79
103 80
103 81
103 82
103 83
103 84
103 85
103 86
103 87
103 89
103 92
103 93
103 94
103 96
103 97
103 99
103 101
103 102
104 0
104 1
104 2
104 3
104 4
104 5
104 6
104 7
104 8
104 10
104 11
104 12
104 14
104 16
104 17
104 18
104 19
104 20
104 22
104 23
104 24
104 25
104 26
104 28
104 29
104 30
104 32
104 34
104 36
104 37
104 38
104 39
104 40
104 41
104 42
104 44
104 46
104 47
104 48
104 49
104 51
104 54
104 56
104 57
104 58
104 59
104 61
104 62
104 63
104 64
104 70
104 71
104 75
104 76
104 78
104 82
104 84
104 85
104 86
104 87
104 92
104 96
104 97
104 99
104 101
104 102
104 103
105 0
105 1
105 2
105 3
105 4
105 5
105 6
105 7
105 8
105 9
105 10
105 11
105 12
105 13
105 14
105 15
105 16
105 17
105 18
105 19
105 20
105 22
105 23
105 24
105 25
105 26
105 27
105 28
105 29
105 30
105 32
105 33
105 34
105 36
105 37
105 38
105 39
105 40
105 41
105 42
105 43
105 44
105 45
105 46
105 47
105 48
105 49
105 50
105 51
105 52
105 53
105 54
105 55
105 56
105 57
105 59
105 61
105 62
105 63
105 64
105 65
105 66
105 70
105 71
105 72
105 73
105 74
105 75
105 76
105 78
105 79
105 80
105 81
105 82
105 84
105 85
105 86
105 87
105 89
105 90
105 92
105 93
105 96
105 97
105 99
105 100
105 101
105 102
105 103
105 104
106 0
106 1
106 2
106 3
106 4
106 5
106 6
106 7
106 8
106 9
106 10
106 11
106 12
106 13
106 14
106 15
106 16
106 17
106 18
106 19
106 20
106 21
106 22
106 23
106 24
106 25
106 26
106 27
106 28
106 29
106 30
106 31
106 32
106 33
106 34
106 36
106 37
106 38
106 39
106 40
106 42
106 43
106 44
106 45
106 46
106 47
106 48
106 49
106 51
106 52
106 53
106 54
106 56
106 57
106 59
106 60
106 61
106 62
106 63
106 64
106 65
106 66
106 70
106 71
106 72
106 74
106 75
106 76
106 78
106 79
106 80
106 81
106 82
106 84
106 85
106 86
106 87
106 89
106 91
106 92
106 94
106 96
106 97
106 99
106 100
106 101
106 102
106 103
106 104
106 105
107 92
108 0
109 0
109 1
109 2
109 3
109 4
109 5
109 6
109 7
109 8
109 9
109 10
109 11
109 12
109 14
109 15
109 16
109 17
109 18
109 19
109 20
109 23
109 24
109 25
109 26
109 27
109 28
109 29
109 30
109 31
109 32
109 33
109 34
109 36
109 37
109 38
109 39
109 40
109 41
109 43
109 44
109 45
109 46
109 47
109 48
109 49
109 50
109 51
109 52
109 54
109 55
109 56
109 57
109 59
109 61
109 62
109 63
109 64
109 65
109 67
109 69
109 70
109 71
109 72
109 75
109 76
109 78
109 80
109 82
109 84
109 85
109 86
109 87
109 88
109 92
109 94
109 95
109 96
109 97
109 98
109 99
109 102
109 103
109 104
109 105
109 106
110 0
110 1
110 2
110 3
110 4
110 5
110 6
110 7
110 8
110 9
110 10
110 11
110 12
110 13
110 14
110 15
110 16
110 17
110 18
110 19
110 20
110 21
110 22
110 23
110 24
110 25
110 26
110 27
110 28
110 29
110 30
110 31
110 32
110 33
110 34
110 36
110 37
110 38
110 39
110 40
110 41
110 42
110 43
110 44
110 45
110 46
110 47
110 48
110 49
110 50
110 51
110 52
110 53
110 54
110 55
110 56
110 57
110 58
110 59
110 61
110 62
110 63
110 64
110 65
110 66
110 67
110 69
110 70
110 71
110 72
110 74
110 75
110 76
110 77
110 78
110 79
110 80
110 82
110 84
110 85
110 86
110 87
110 88
110 89
110 92
110 94
110 96
110 97
110 99
110 100
110 101
110 102
110 103
110 104
110 105
110 106
110 107
110 109
111 0
111 1
111 2
111 3
111 4
111 5
111 6
111 7
111 8
111 10
111 11
111 12
111 13
111 14
111 15
111 16
111 17
111 18
111 19
111 20
111 21
111 22
111 23
111 24
111 25
111 27
111 28
111 29
111 30
111 31
111 32
111 33
111 34
111 35
111 36
111 37
111 38
111 39
111 40
111 41
111 42
111 43
111 46
111 47
111 48
111 49
111 50
111 51
111 52
111 54
111 55
111 56
111 57
111 58
111 59
111 61
111 62
111 63
111 64
111 65
111 66
111 70
111 71
111 72
111 73
111 75
111 76
111 77
111 78
111 79
111 80
111 81
111 82
111 84
111 85
111 86
111 87
111 89
111 92
111 93
111 94
111 96
111 97
111 99
111 100
111 101
111 102
111 103
111 104
111 105
111 106
111 109
111 110
112 50
113 0
113 1
113 2
113 3
113 4
113 5
113 6
113 7
113 8
113 9
113 10
113 11
113 12
113 13
113 14
113 15
113 16
113 17
113 18
113 19
113 20
113 22
113 23
113 24
113 25
113 26
113 27
113 28
113 29
113 30
113 31
113 32
113 33
113 34
113 36
113 37
113 38
113 39
113 40
113 41
113 42
113 44
113 45
113 46
113 47
113 48
113 49
113 50
113 51
113 52
113 54
113 56
113 57
113 58
113 59
113 60
113 61
113 62
113 63
113 64
113 65
113 66
113 68
113 70
113 71
113 72
113 75
113 76
113 78
113 79
113 80
113 81
113 82
113 84
113 85
113 86
113 87
113 92
113 96
113 97
113 99
113 100
113 101
113 102
113 103
113 104
113 105
113 106
113 109
113 110
113 111
113 112
114 0
114 1
114 2
114 3
114 4
114 5
114 6
114 7
114 8
114 9
114 10
114 11
114 12
114 13
114 14
114 15
114 16
114 17
114 18
114 19
114 20
114 21
114 22
114 23
114 24
114 25
114 26
114 28
114 29
114 30
114 31
114 32
114 33
114 34
114 35
114 36
114 37
114 38
114 39
114 40
114 41
114 42
114 44
114 46
114 47
114 48
114 49
114 50
114 51
114 52
114 53
114 54
114 56
114 57
114 58
114 59
114 62
114 63
114 64
114 65
114 67
114 68
114 71
114 72
114 73
114 75
114 76
114 78
114 79
114 81
114 82
114 84
114 85
114 86
114 87
114 92
114 94
114 96
114 97
114 99
114 101
114 102
114 103
114 104
114 105
114 106
114 109
114 110
114 111
114 113
115 0
115 1
115 2
115 3
115 4
115 5
115 7
115 8
115 9
115 10
115 11
115 14
115 15
115 16
115 17
115 18
115 19
115 20
115 22
115 23
115 24
115 25
115 26
115 27
115 28
115 29
115 30
115 33
115 34
115 36
115 37
115 38
115 39
115 44
115 45
115 46
115 47
115 48
115 49
115 51
115 52
115 54
115 55
115 56
115 57
115 59
115 60
115 62
115 63
115 64
115 65
115 69
115 71
115 74
115 75
115 76
115 78
115 84
115 85
115 86
115 87
115 89
115 92
115 96
115 97
115 99
115 101
115 102
115 103
115 104
115 105
115 106
115 109
115 110
115 111
115 113
115 114
116 3
116 8
116 15
116 16
116 82
116 89
116 92
117 37
118 0
118 1
118 2
118 3
118 4
118 5
118 6
118 7
118 8
118 9
118 10
118 11
118 12
118 13
118 14
118 15
118 16
118 17
118 18
118 19
118 20
118 22
118 23
118 24
118 25
118 26
118 27
118 28
118 29
118 30
118 32
118 33
118 34
118 36
118 37
118 38
118 39
118 40
118 41
118 42
118 43
118 44
118 45
118 46
118 47
118 48
118 49
118 50
118 52
118 54
118 55
118 56
118 57
118 58
118 59
118 61
118 62
118 63
118 64
118 65
118 68
118 71
118 72
118 75
118 76
118 78
118 79
118 80
118 81
118 82
118 83
118 84
118 85
118 86
118 87
118 88
118 89
118 92
118 94
118 96
118 97
118 99
118 101
118 102
118 103
118 104
118 105
118 106
118 109
118 110
118 111
118 113
118 114
118 115
118 116
119 111
120 34
120 42
121 56
121 84
122 90
122 96
123 21
124 64
124 66
125 0
125 3
125 14
125 16
125 23
125 24
125 26
125 32
125 38
125 76
126 0
126 1
126 2
126 3
126 4
126 5
126 6
126 7
126 8
126 9
126 10
126 11
126 12
126 13
126 14
126 15
126 16
126 17
126 18
126 19
126 20
126 22
126 23
126 24
126 25
126 26
126 27
126 28
126 29
126 30
126 31
126 32
126 33
126 34
126 36
126 37
126 38
126 39
126 40
126 41
126 42
126 43
126 44
126 45
126 46
126 47
126 48
126 49
126 50
126 51
126 52
126 53
126 54
126 56
126 57
126 58
126 59
126 61
126 62
126 63
126 64
126 65
126 67
126 70
126 71
126 72
126 73
126 74
126 75
126 76
126 77
126 78
126 79
126 80
126 81
126 82
126 83
126 84
126 85
126 86
126 87
126 89
126 90
126 92
126 93
126 94
126 96
126 97
126 99
126 101
126 102
126 103
126 104
126 105
126 106
126 109
126 110
126 111
126 113
126 114
126 115
126 118
126 125
127 34
128 120
129 0
129 1
129 2
129 3
129 4
129 5
129 6
129 7
129 8
129 9
129 10
129 11
129 12
129 13
129 14
129 15
129 16
129 17
129 18
129 19
129 20
129 22
129 23
129 24
129 25
129 26
129 27
129 28
129 29
129 30
129 31
129 32
129 34
129 36
129 37
129 38
129 39
129 40
129 41
129 42
129 43
129 44
129 45
129 46
129 47
129 48
129 49
129 50
129 51
129 52
129 54
129 55
129 56
129 57
129 58
129 59
129 61
129 62
129 63
129 64
129 66
129 69
129 70
129 71
129 72
129 74
129 75
129 76
129 78
129 79
129 81
129 82
129 84
129 85
129 86
129 87
129 88
129 92
129 94
129 96
129 97
129 99
129 101
129 102
129 103
129 104
129 105
129 106
129 108
129 109
129 110
129 111
129 113
129 114
129 115
129 116
129 118
129 122
129 124
129 126
130 127
131 99
132 84
133 119
134 108
135 37
135 71
135 101
135 117
136 101
136 114
137 0
137 1
137 2
137 3
137 4
137 5
137 6
137 7
137 8
137 9
137 10
137 11
137 12
137 14
137 15
137 16
137 17
137 18
137 19
137 20
137 21
137 22
137 23
137 24
137 25
137 26
137 27
137 28
137 29
137 30
137 31
137 32
137 33
137 34
137 35
137 36
137 37
137 38
137 39
137 40
137 41
137 42
137 43
137 44
137 45
137 46
137 47
137 48
137 49
137 50
137 51
137 52
137 53
137 54
137 56
137 57
137 58
137 59
137 60
137 61
137 62
137 63
137 64
137 66
137 71
137 72
137 75
137 76
137 78
137 79
137 80
137 82
137 83
137 84
137 85
137 86
137 87
137 89
137 92
137 94
137 96
137 97
137 99
137 102
137 103
137 104
137 105
137 106
137 107
137 109
137 110
137 111
137 113
137 114
137 115
137 116
137 118
137 120
137 125
137 126
137 129
138 86
139 0
139 1
139 2
139 3
139 4
139 5
139 6
139 7
139 8
139 9
139 10
139 11
139 12
139 13
139 14
139 15
139 16
139 17
139 18
139 19
139 20
139 21
139 22
139 23
139 24
139 25
139 26
139 27
139 28
139 29
139 30
139 31
139 32
139 33
139 34
139 35
139 36
139 37
139 38
139 39
139 40
139 41
139 42
139 44
139 45
139 46
139 47
139 48
139 49
139 50
139 51
139 52
139 54
139 56
139 57
139 58
139 59
139 61
139 62
139 63
139 64
139 68
139 71
139 72
139 74
139 75
139 76
139 78
139 79
139 80
139 82
139 83
139 84
139 85
139 86
139 87
139 89
139 90
139 92
139 94
139 96
139 97
139 99
139 101
139 102
139 103
139 104
139 105
139 106
139 109
139 110
139 111
139 113
139 114
139 115
139 116
139 117
139 118
139 120
139 123
139 125
139 126
139 128
139 129
139 135
139 136
139 137
140 0
140 1
140 2
140 3
140 4
140 5
140 6
140 7
140 8
140 9
140 10
140 11
140 12
140 14
140 15
140 16
140 17
140 18
140 19
140 20
140 22
140 23
140 24
140 25
140 26
140 27
140 28
140 29
140 30
140 31
140 32
140 33
140 34
140 36
140 37
140 38
140 39
140 40
140 41
140 43
140 44
140 45
140 46
140 47
140 48
140 49
140 50
140 51
140 52
140 53
140 54
140 55
140 56
140 57
140 58
140 59
140 61
140 62
140 63
140 64
140 65
140 68
140 70
140 71
140 72
140 73
140 74
140 75
140 76
140 78
140 79
140 80
140 81
140 82
140 84
140 85
140 86
140 87
140 90
140 92
140 93
140 94
140 96
140 97
140 99
140 101
140 102
140 103
140 104
140 105
140 106
140 107
140 109
140 110
140 111
140 113
140 114
140 115
140 117
140 118
140 122
140 125
140 126
140 129
140 135
140 136
140 137
140 139
141 0
141 1
141 2
141 3
141 4
141 5
141 6
141 7
141 8
141 9
141 10
141 11
141 12
141 13
141 14
141 15
141 16
141 17
141 18
141 19
141 20
141 22
141 23
141 24
141 25
141 26
141 27
141 28
141 29
141 30
141 31
141 32
141 33
141 34
141 36
141 37
141 38
141 39
141 40
141 41
141 42
141 43
141 44
141 45
141 46
141 47
141 48
141 49
141 50
141 51
141 52
141 53
141 54
141 55
141 56
141 57
141 58
141 59
141 60
141 61
141 62
141 63
141 64
141 65
141 70
141 71
141 72
141 73
141 74
141 75
141 76
141 78
141 79
141 80
141 81
141 82
141 83
141 84
141 85
141 86
141 87
141 89
141 90
141 92
141 94
141 96
141 97
141 99
141 101
141 102
141 103
141 104
141 105
141 106
141 109
141 110
141 111
141 113
141 114
141 115
141 118
141 121
141 122
141 124
141 125
141 126
141 129
141 135
141 137
141 139
141 140
142 56
143 0
143 1
143 2
143 3
143 4
143 5
143 6
143 7
143 8
143 9
143 10
143 11
143 12
143 13
143 14
143 15
143 16
143 17
143 18
143 19
143 20
143 22
143 23
143 24
143 25
143 26
143 27
143 28
143 29
143 30
143 31
143 32
143 33
143 34
143 36
143 37
143 38
143 39
143 40
143 41
143 42
143 43
143 44
143 45
143 46
143 47
143 48
143 49
143 50
143 51
143 52
143 53
143 54
143 55
143 56
143 57
143 58
143 59
143 60
143 61
143 62
143 63
143 64
143 65
143 69
143 70
143 71
143 72
143 73
143 74
143 75
143 76
143 78
143 79
143 80
143 81
143 82
143 83
143 84
143 85
143 86
143 87
143 88
143 89
143 90
143 92
143 93
143 94
143 96
143 97
143 99
143 100
143 101
143 102
143 103
143 104
143 105
143 106
143 109
143 110
143 111
143 112
143 113
143 114
143 115
143 116
143 118
143 119
143 120
143 122
143 125
143 126
143 128
143 129
143 133
143 137
143 139
143 140
143 141
144 32
144 120
144 128
144 139
145 0
145 1
145 2
145 3
145 4
145 5
145 6
145 7
145 8
145 9
145 10
145 11
145 12
145 13
145 14
145 15
145 16
145 17
145 18
145 19
145 20
145 21
145 22
145 23
145 24
145 25
145 26
145 27
145 28
145 29
145 30
145 31
145 32
145 33
145 34
145 36
145 37
145 38
145 39
145 40
145 41
145 42
145 44
145 45
145 46
145 47
145 48
145 49
145 50
145 51
145 52
145 54
145 56
145 57
145 58
145 59
145 61
145 62
145 63
145 64
145 65
145 68
145 70
145 71
145 72
145 75
145 76
145 78
145 79
145 80
145 81
145 82
145 83
145 84
145 85
145 86
145 87
145 92
145 94
145 96
145 97
145 99
145 101
145 102
145 103
145 104
145 105
145 106
145 109
145 110
145 111
145 112
145 113
145 114
145 115
145 116
145 118
145 120
145 121
145 126
145 128
145 129
145 137
145 139
145 140
145 141
145 143
145 144
146 0
146 1
146 2
146 3
146 4
146 5
146 6
146 7
146 8
146 9
146 10
146 11
146 12
146 13
146 14
146 15
146 16
146 17
146 18
146 19
146 20
146 21
146 22
146 23
146 24
146 25
146 26
146 27
146 28
146 29
146 30
146 31
146 32
146 33
146 34
146 36
146 37
146 38
146 39
146 40
146 41
146 42
146 44
146 45
146 46
146 47
146 48
146 49
146 50
146 51
146 52
146 54
146 55
146 56
146 57
146 59
146 60
146 61
146 62
146 63
146 64
146 65
146 66
146 68
146 69
146 70
146 71
146 72
146 75
146 76
146 78
146 79
146 80
146 81
146 82
146 84
146 85
146 86
146 87
146 88
146 89
146 91
146 92
146 94
146 96
146 97
146 99
146 101
146 102
146 103
146 104
146 105
146 106
146 108
146 109
146 110
146 111
146 113
146 114
146 115
146 118
146 121
146 126
146 129
146 137
146 139
146 140
146 141
146 143
146 145
147 20
147 98
148 0
148 1
148 2
148 3
148 4
148 5
148 6
148 7
148 8
148 9
148 10
148 11
148 13
148 14
148 15
148 16
148 17
148 18
148 19
148 20
148 22
148 23
148 24
148 25
148 26
148 27
148 28
148 29
148 30
148 31
148 32
148 33
148 34
148 36
148 37
148 38
148 39
148 40
148 41
148 42
148 45
148 46
148 47
148 48
148 49
148 50
148 52
148 53
148 54
148 56
148 57
148 59
148 62
148 63
148 64
148 65
148 66
148 70
148 71
148 72
148 73
148 74
148 75
148 76
148 78
148 79
148 80
148 81
148 82
148 83
148 84
148 85
148 86
148 87
148 89
148 90
148 92
148 96
148 97
148 99
148 102
148 103
148 104
148 105
148 106
148 109
148 110
148 111
148 113
148 114
148 115
148 116
148 118
148 120
148 121
148 122
148 126
148 129
148 136
148 137
148 139
148 140
148 141
148 142
148 143
148 144
148 145
148 146
149 0
149 1
149 2
149 3
149 4
149 5
149 6
149 7
149 8
149 9
149 10
149 11
149 12
149 13
149 14
149 15
149 16
149 17
149 18
149 19
149 20
149 21
149 22
149 23
149 24
149 25
149 26
149 27
149 28
149 29
149 30
149 31
149 32
149 33
149 34
149 36
149 37
149 38
149 39
149 40
149 41
149 42
149 43
149 44
149 45
149 46
149 47
149 48
149 49
149 50
149 52
149 53
149 54
149 55
149 56
149 57
149 59
149 61
149 62
149 63
149 64
149 65
149 67
149 69
149 70
149 71
149 72
149 73
149 74
149 75
149 76
149 78
149 79
149 80
149 81
149 82
149 83
149 84
149 85
149 86
149 87
149 88
149 89
149 92
149 93
149 94
149 96
149 97
149 99
149 101
149 102
149 103
149 104
149 105
149 106
149 108
149 109
149 110
149 111
149 113
149 114
149 115
149 116
149 118
149 119
149 120
149 125
149 126
149 129
149 132
149 133
149 137
149 139
149 140
149 141
149 143
149 145
149 146
149 148
150 124
151 0
151 1
151 2
151 3
151 4
151 5
151 6
151 7
151 8
151 9
151 10
151 11
151 12
151 13
151 14
151 15
151 16
151 17
151 18
151 19
151 20
151 22
151 23
151 24
151 25
151 26
151 27
151 28
151 29
151 30
151 31
151 32
151 33
151 34
151 36
151 37
151 38
151 39
151 40
151 41
151 42
151 44
151 45
151 46
151 47
151 48
151 49
151 50
151 52
151 53
151 54
151 56
151 57
151 59
151 60
151 62
151 63
151 64
151 65
151 69
151 70
151 71
151 72
151 75
151 76
151 78
151 79
151 80
151 82
151 83
151 84
151 85
151 86
151 87
151 88
151 90
151 92
151 95
151 96
151 97
151 99
151 100
151 101
151 102
151 103
151 104
151 105
151 106
151 108
151 109
151 110
151 111
151 113
151 114
151 115
151 116
151 117
151 118
151 122
151 125
151 126
151 129
151 135
151 137
151 139
151 140
151 141
151 143
151 144
151 145
151 146
151 148
151 149
152 0
152 1
152 2
152 3
152 4
152 5
152 6
152 7
152 8
152 9
152 10
152 11
152 12
152 13
152 14
152 15
152 16
152 17
152 18
152 19
152 20
152 22
152 23
152 24
152 25
152 26
152 27
152 28
152 29
152 30
152 31
152 32
152 33
152 34
152 36
152 37
152 38
152 39
152 40
152 41
152 42
152 43
152 44
152 45
152 46
152 47
152 48
152 49
152 50
152 51
152 52
152 54
152 56
152 57
152 59
152 62
152 63
152 64
152 65
152 68
152 71
152 72
152 74
152 75
152 76
152 78
152 79
152 80
152 81
152 82
152 84
152 85
152 86
152 87
152 89
152 92
152 96
152 97
152 99
152 101
152 102
152 103
152 104
152 105
152 106
152 109
152 110
152 111
152 113
152 114
152 115
152 117
152 118
152 121
152 125
152 126
152 129
152 135
152 136
152 137
152 139
152 140
152 141
152 142
152 143
152 145
152 146
152 148
152 149
152 151
153 8
153 151
154 0
154 1
154 2
154 3
154 4
154 5
154 6
154 7
154 8
154 9
154 10
154 11
154 12
154 13
154 14
154 15
154 16
154 17
154 18
154 19
154 20
154 21
154 22
154 23
154 24
154 25
154 26
154 27
154 28
154 29
154 30
154 31
154 32
154 33
154 34
154 35
154 36
154 37
154 38
154 39
154 40
154 41
154 42
154 43
154 44
154 45
154 46
154 47
154 48
154 49
154 50
154 51
154 52
154 53
154 54
154 55
154 56
154 57
154 58
154 59
154 61
154 62
154 63
154 64
154 65
154 66
154 69
154 70
154 71
154 72
154 73
154 74
154 75
154 76
154 77
154 78
154 79
154 80
154 81
154 82
154 83
154 84
154 85
154 86
154 87
154 88
154 89
154 92
154 93
154 94
154 95
154 96
154 97
154 99
154 100
154 101
154 102
154 103
154 104
154 105
154 106
154 107
154 109
154 110
154 111
154 112
154 113
154 114
154 115
154 116
154 117
154 118
154 123
154 125
154 126
154 129
154 135
154 136
154 137
154 139
154 140
154 141
154 143
154 145
154 146
154 148
154 149
154 151
154 152
154 153
155 0
155 1
155 2
155 3
155 4
155 5
155 6
155 7
155 8
155 9
155 10
155 11
155 12
155 13
155 14
155 15
155 16
155 17
155 18
155 19
155 20
155 21
155 22
155 23
155 24
155 25
155 26
155 28
155 29
155 30
155 31
155 32
155 33
155 34
155 35
155 37
155 38
155 39
155 40
155 41
155 42
155 43
155 45
155 46
155 47
155 48
155 49
155 50
155 52
155 53
155 54
155 56
155 57
155 58
155 59
155 62
155 63
155 64
155 65
155 66
155 68
155 71
155 72
155 74
155 75
155 76
155 78
155 79
155 80
155 81
155 82
155 84
155 85
155 86
155 87
155 90
155 92
155 94
155 96
155 97
155 99
155 102
155 103
155 104
155 105
155 106
155 109
155 110
155 111
155 113
155 114
155 115
155 118
155 123
155 125
155 126
155 129
155 137
155 139
155 140
155 141
155 143
155 145
155 146
155 148
155 149
155 151
155 152
155 154
156 92
156 97
157 93
158 124
159 0
159 1
159 2
159 3
159 4
159 5
159 6
159 7
159 8
159 9
159 10
159 11
159 14
159 15
159 16
159 17
159 18
159 19
159 20
159 22
159 23
159 24
159 25
159 26
159 27
159 28
159 29
159 30
159 32
159 33
159 34
159 36
159 37
159 38
159 39
159 40
159 41
159 42
159 44
159 45
159 46
159 47
159 48
159 49
159 50
159 51
159 52
159 54
159 56
159 57
159 58
159 59
159 61
159 62
159 63
159 64
159 65
159 68
159 70
159 71
159 72
159 73
159 75
159 76
159 78
159 79
159 81
159 82
159 84
159 85
159 86
159 87
159 89
159 92
159 96
159 97
159 99
159 101
159 102
159 103
159 104
159 105
159 106
159 109
159 110
159 111
159 113
159 114
159 115
159 116
159 117
159 118
159 119
159 120
159 122
159 125
159 126
159 128
159 129
159 132
159 135
159 136
159 137
159 139
159 140
159 141
159 143
159 144
159 145
159 146
159 148
159 149
159 151
159 152
159 154
159 155
160 1
160 109
161 6
162 0
162 1
162 2
162 7
162 27
162 33
163 0
163 1
163 2
163 3
163 4
163 5
163 6
163 7
163 8
163 9
163 10
163 11
163 12
163 13
163 14
163 15
163 16
163 17
163 18
163 19
163 20
163 21
163 22
163 23
163 24
163 25
163 26
163 27
163 28
163 29
163 30
163 31
163 32
163 33
163 34
163 35
163 36
163 37
163 38
163 39
163 40
163 41
163 42
163 44
163 45
163 46
163 47
163 48
163 49
163 50
163 51
163 52
163 54
163 55
163 56
163 57
163 58
163 59
163 61
163 62
163 63
163 64
163 65
163 66
163 67
163 68
163 70
163 71
163 72
163 73
163 74
163 75
163 76
163 77
163 78
163 79
163 80
163 81
163 82
163 84
163 85
163 86
163 87
163 92
163 96
163 97
163 99
163 100
163 102
163 103
163 104
163 105
163 106
163 109
163 110
163 111
163 113
163 114
163 115
163 118
163 119
163 124
163 125
163 126
163 129
163 137
163 139
163 140
163 141
163 143
163 144
163 145
163 146
163 148
163 149
163 151
163 152
163 154
163 155
163 159
163 161
163 162
164 0
164 1
164 2
164 3
164 4
164 5
164 6
164 7
164 8
164 9
164 10
164 11
164 12
164 13
164 14
164 15
164 16
164 17
164 18
164 19
164 20
164 21
164 22
164 23
164 24
164 25
164 26
164 27
164 28
164 29
164 30
164 31
164 32
164 33
164 34
164 36
164 37
164 38
164 39
164 40
164 41
164 42
164 43
164 44
164 45
164 46
164 47
164 48
164 49
164 50
164 51
164 52
164 54
164 55
164 56
164 57
164 58
164 59
164 61
164 62
164 63
164 64
164 65
164 66
164 69
164 70
164 71
164 72
164 75
164 76
164 78
164 79
164 82
164 83
164 84
164 85
164 86
164 87
164 88
164 90
164 92
164 94
164 95
164 96
164 97
164 99
164 101
164 102
164 103
164 104
164 105
164 106
164 109
164 110
164 111
164 113
164 114
164 115
164 117
164 118
164 119
164 122
164 123
164 125
164 126
164 129
164 135
164 137
164 139
164 140
164 141
164 143
164 145
164 146
164 148
164 149
164 151
164 152
164 154
164 155
164 159
164 163
165 13
165 21
165 163
166 0
166 1
166 2
166 3
166 4
166 5
166 6
166 7
166 8
166 9
166 10
166 11
166 12
166 13
166 14
166 15
166 16
166 17
166 18
166 19
166 20
166 21
166 22
166 23
166 24
166 25
166 26
166 27
166 28
166 29
166 30
166 31
166 32
166 33
166 34
166 36
166 37
166 38
166 39
166 40
166 41
166 42
166 43
166 44
166 45
166 46
166 47
166 48
166 49
166 50
166 51
166 52
166 53
166 54
166 55
166 56
166 57
166 58
166 59
166 61
166 62
166 63
166 64
166 65
166 66
166 67
166 69
166 70
166 71
166 72
166 73
166 74
166 75
166 76
166 78
166 79
166 80
166 81
166 82
166 84
166 85
166 86
166 87
166 88
166 89
166 90
166 92
166 93
166 94
166 96
166 97
166 99
166 102
166 103
166 104
166 105
166 106
166 108
166 109
166 110
166 111
166 112
166 113
166 114
166 115
166 116
166 118
166 119
166 120
166 122
166 124
166 125
166 126
166 129
166 131
166 132
166 133
166 135
166 136
166 137
166 138
166 139
166 140
166 141
166 143
166 144
166 145
166 146
166 148
166 149
166 151
166 152
166 154
166 155
166 158
166 159
166 163
166 164
166 165
167 124
168 144
169 50
170 0
170 1
170 2
170 3
170 4
170 5
170 6
170 7
170 8
170 9
170 10
170 11
170 12
170 13
170 14
170 15
170 16
170 17
170 18
170 19
170 20
170 21
170 22
170 23
170 24
170 25
170 26
170 27
170 28
170 29
170 30
170 31
170 32
170 33
170 34
170 35
170 36
170 37
170 38
170 39
170 40
170 41
170 42
170 43
170 44
170 45
170 46
170 47
170 48
170 49
170 50
170 51
170 52
170 53
170 54
170 55
170 56
170 57
170 58
170 59
170 60
170 61
170 62
170 63
170 64
170 65
170 66
170 68
170 69
170 70
170 71
170 72
170 73
170 74
170 75
170 76
170 77
170 78
170 79
170 80
170 81
170 82
170 83
170 84
170 85
170 86
170 87
170 88
170 89
170 90
170 91
170 92
170 94
170 96
170 97
170 99
170 101
170 102
170 103
170 104
170 105
170 106
170 108
170 109
170 110
170 111
170 112
170 113
170 114
170 115
170 116
170 118
170 119
170 120
170 121
170 125
170 126
170 128
170 129
170 132
170 133
170 134
170 136
170 137
170 139
170 140
170 141
170 143
170 144
170 145
170 146
170 148
170 149
170 151
170 152
170 154
170 155
170 159
170 160
170 161
170 163
170 164
170 165
170 166
170 168
171 40
172 0
172 1
172 2
172 3
172 4
172 5
172 7
172 8
172 11
172 15
172 17
172 18
172 19
172 20
172 22
172 23
172 25
172 26
172 32
172 34
172 36
172 37
172 38
172 41
172 45
172 46
172 49
172 50
172 52
172 54
172 56
172 57
172 58
172 59
172 61
172 64
172 70
172 71
172 72
172 74
172 75
172 76
172 82
172 85
172 86
172 87
172 92
172 96
172 97
172 99
172 101
172 103
172 104
172 105
172 106
172 109
172 110
172 111
172 113
172 114
172 115
172 118
172 119
172 126
172 129
172 135
172 137
172 138
172 139
172 140
172 141
172 143
172 144
172 145
172 146
172 148
172 149
172 151
172 152
172 154
172 155
172 159
172 163
172 164
172 166
172 170
173 16
173 85
173 118
173 146
174 0
174 1
174 2
174 3
174 4
174 5
174 6
174 7
174 8
174 9
174 10
174 11
174 12
174 13
174 14
174 15
174 16
174 17
174 18
174 19
174 20
174 21
174 22
174 23
174 24
174 25
174 26
174 27
174 28
174 29
174 30
174 31
174 32
174 33
174 34
174 35
174 36
174 37
174 38
174 39
174 40
174 41
174 42
174 43
174 44
174 45
174 46
174 47
174 48
174 49
174 50
174 52
174 54
174 55
174 56
174 57
174 58
174 59
174 61
174 62
174 63
174 64
174 65
174 66
174 69
174 71
174 72
174 75
174 76
174 78
174 79
174 80
174 81
174 82
174 84
174 85
174 86
174 87
174 88
174 89
174 91
174 92
174 93
174 96
174 97
174 99
174 102
174 103
174 104
174 105
174 106
174 109
174 110
174 111
174 113
174 114
174 115
174 116
174 118
174 122
174 124
174 125
174 126
174 129
174 131
174 137
174 139
174 140
174 141
174 142
174 143
174 144
174 145
174 146
174 148
174 149
174 151
174 152
174 154
174 155
174 159
174 162
174 163
174 164
174 166
174 170
174 172
175 63
176 0
176 1
176 2
176 3
176 4
176 5
176 6
176 7
176 8
176 9
176 10
176 11
176 12
176 13
176 14
176 15
176 16
176 17
176 18
176 19
176 20
176 21
176 22
176 23
176 24
176 25
176 26
176 27
176 28
176 29
176 30
176 31
176 32
176 33
176 34
176 36
176 37
176 38
176 39
176 40
176 41
176 42
176 43
176 44
176 45
176 46
176 47
176 48
176 49
176 50
176 51
176 52
176 53
176 54
176 55
176 56
176 57
176 58
176 59
176 60
176 61
176 62
176 63
176 64
176 65
176 66
176 69
176 70
176 71
176 72
176 73
176 74
176 75
176 76
176 78
176 79
176 80
176 81
176 82
176 84
176 85
176 86
176 87
176 88
176 89
176 90
176 92
176 94
176 96
176 97
176 99
176 101
176 102
176 103
176 104
176 105
176 106
176 109
176 110
176 111
176 112
176 113
176 114
176 115
176 116
176 118
176 122
176 125
176 126
176 129
176 135
176 136
176 137
176 139
176 140
176 141
176 143
176 144
176 145
176 146
176 148
176 149
176 151
176 152
176 154
176 155
176 159
176 163
176 164
176 166
176 169
176 170
176 172
176 174
177 127
177 130
178 0
178 10
178 17
178 32
178 39
178 54
178 70
178 111
178 163
178 166
178 176
179 2
179 49
179 62
179 77
179 87
180 0
180 3
181 0
181 1
181 2
181 3
181 4
181 5
181 6
181 7
181 8
181 9
181 10
181 11
181 12
181 13
181 14
181 15
181 16
181 17
181 18
181 19
181 20
181 21
181 22
181 23
181 24
181 25
181 26
181 27
181 28
181 29
181 30
181 31
181 32
181 33
181 34
181 36
181 37
181 38
181 39
181 40
181 41
181 42
181 43
181 45
181 46
181 47
181 48
181 49
181 50
181 52
181 54
181 56
181 57
181 58
181 59
181 60
181 61
181 62
181 63
181 64
181 65
181 66
181 68
181 69
181 70
181 71
181 72
181 73
181 74
181 75
181 76
181 78
181 79
181 80
181 81
181 82
181 84
181 85
181 86
181 87
181 91
181 92
181 93
181 96
181 97
181 99
181 101
181 102
181 103
181 104
181 105
181 106
181 108
181 109
181 110
181 111
181 112
181 113
181 114
181 115
181 116
181 117
181 118
181 124
181 125
181 126
181 129
181 131
181 134
181 135
181 136
181 137
181 139
181 140
181 141
181 143
181 145
181 146
181 147
181 148
181 149
181 151
181 152
181 154
181 155
181 156
181 159
181 160
181 162
181 163
181 164
181 165
181 166
181 170
181 172
181 174
181 175
181 176
181 178
181 179
182 0
182 1
182 2
182 3
182 4
182 5
182 6
182 7
182 8
182 9
182 10
182 11
182 12
182 13
182 14
182 15
182 16
182 17
182 18
182 19
182 20
182 21
182 22
182 23
182 24
182 25
182 26
182 27
182 28
182 29
182 30
182 31
182 32
182 33
182 34
182 37
182 38
182 39
182 40
182 41
182 42
182 43
182 44
182 45
182 46
182 47
182 48
182 49
182 50
182 51
182 52
182 54
182 56
182 57
182 58
182 59
182 61
182 62
182 63
182 64
182 65
182 66
182 68
182 70
182 71
182 72
182 73
182 74
182 75
182 76
182 77
182 78
182 79
182 80
182 81
182 82
182 83
182 84
182 85
182 86
182 87
182 90
182 92
182 93
182 94
182 95
182 96
182 97
182 99
182 101
182 102
182 103
182 104
182 105
182 106
182 109
182 110
182 111
182 112
182 113
182 114
182 115
182 118
182 120
182 122
182 124
182 126
182 128
182 129
182 135
182 136
182 137
182 139
182 140
182 141
182 142
182 143
182 145
182 146
182 147
182 148
182 149
182 151
182 152
182 153
182 154
182 155
182 159
182 162
182 163
182 164
182 166
182 170
182 171
182 172
182 174
182 176
182 178
182 179
182 181
183 0
183 1
183 2
183 3
183 4
183 5
183 6
183 7
183 8
183 9
183 10
183 11
183 12
183 13
183 14
183 15
183 16
183 17
183 18
183 19
183 20
183 22
183 23
183 24
183 25
183 26
183 27
183 28
183 29
183 30
183 31
183 32
183 33
183 34
183 36
183 37
183 38
183 39
183 40
183 41
183 42
183 44
183 45
183 46
183 47
183 48
183 49
183 50
183 52
183 53
183 54
183 56
183 57
183 59
183 62
183 63
183 64
183 65
183 67
183 68
183 70
183 71
183 72
183 74
183 75
183 76
183 78
183 79
183 80
183 82
183 84
183 85
183 86
183 87
183 88
183 90
183 92
183 94
183 96
183 97
183 98
183 99
183 100
183 102
183 103
183 104
183 105
183 106
183 109
183 110
183 111
183 113
183 114
183 115
183 116
183 118
183 120
183 125
183 126
183 128
183 129
183 131
183 136
183 137
183 139
183 140
183 141
183 143
183 144
183 145
183 146
183 147
183 148
183 149
183 151
183 152
183 154
183 155
183 159
183 163
183 164
183 166
183 170
183 172
183 173
183 174
183 176
183 178
183 181
183 182
184 30
184 145
184 182
184 183
185 92
185 107
186 85
187 7
187 31
187 99
188 0
188 1
188 2
188 3
188 4
188 5
188 6
188 7
188 8
188 9
188 10
188 11
188 12
188 13
188 14
188 15
188 16
188 17
188 18
188 19
188 20
188 22
188 23
188 24
188 25
188 26
188 27
188 28
188 29
188 30
188 31
188 32
188 33
188 34
188 36
188 37
188 38
188 39
188 40
188 41
188 42
188 43
188 44
188 45
188 46
188 47
188 48
188 49
188 50
188 51
188 52
188 53
188 54
188 55
188 56
188 57
188 58
188 59
188 61
188 62
188 63
188 64
188 65
188 66
188 69
188 70
188 71
188 72
188 73
188 74
188 75
188 76
188 78
188 79
188 80
188 81
188 82
188 84
188 85
188 86
188 87
188 88
188 89
188 90
188 92
188 93
188 94
188 95
188 96
188 97
188 99
188 100
188 101
188 102
188 103
188 104
188 105
188 106
188 109
188 110
188 111
188 112
188 113
188 114
188 115
188 118
188 119
188 120
188 122
188 125
188 126
188 128
188 129
188 133
188 137
188 139
188 140
188 141
188 143
188 144
188 145
188 146
188 148
188 149
188 151
188 152
188 153
188 154
188 155
188 159
188 163
188 164
188 165
188 166
188 169
188 170
188 172
188 174
188 175
188 176
188 178
188 179
188 181
188 182
188 183
188 184
189 0
189 1
189 2
189 3
189 4
189 5
189 6
189 7
189 8
189 9
189 10
189 11
189 12
189 13
189 14
189 15
189 16
189 17
189 18
189 19
189 20
189 21
189 22
189 23
189 24
189 25
189 26
189 27
189 28
189 29
189 30
189 31
189 32
189 33
189 34
189 36
189 37
189 38
189 39
189 40
189 41
189 42
189 43
189 44
189 45
189 46
189 47
189 48
189 49
189 50
189 51
189 52
189 53
189 54
189 55
189 56
189 57
189 58
189 59
189 61
189 62
189 63
189 64
189 65
189 68
189 69
189 70
189 71
189 72
189 73
189 74
189 75
189 76
189 77
189 78
189 79
189 80
189 81
189 82
189 83
189 84
189 85
189 86
189 87
189 88
189 89
189 90
189 92
189 94
189 96
189 97
189 99
189 100
189 101
189 102
189 103
189 104
189 105
189 106
189 109
189 110
189 111
189 113
189 114
189 115
189 116
189 118
189 119
189 120
189 122
189 124
189 125
189 126
189 128
189 129
189 133
189 137
189 138
189 139
189 140
189 141
189 143
189 145
189 146
189 148
189 149
189 151
189 152
189 154
189 155
189 156
189 159
189 160
189 162
189 163
189 164
189 165
189 166
189 170
189 172
189 174
189 176
189 179
189 180
189 181
189 182
189 183
189 184
189 186
189 187
189 188
190 0
190 1
190 2
190 3
190 4
190 5
190 6
190 7
190 8
190 9
190 10
190 11
190 12
190 13
190 14
190 15
190 16
190 17
190 18
190 19
190 20
190 21
190 22
190 23
190 24
190 25
190 26
190 27
190 28
190 29
190 30
190 31
190 32
190 33
190 34
190 36
190 37
190 38
190 39
190 40
190 41
190 42
190 44
190 45
190 46
190 47
190 48
190 49
190 50
190 51
190 52
190 53
190 54
190 55
190 56
190 57
190 58
190 59
190 60
190 61
190 62
190 63
190 64
190 65
190 66
190 68
190 70
190 71
190 72
190 73
190 74
190 75
190 76
190 77
190 78
190 79
190 80
190 81
190 82
190 83
190 84
190 85
190 86
190 87
190 89
190 90
190 91
190 92
190 93
190 94
190 96
190 97
190 99
190 100
190 101
190 102
190 103
190 104
190 105
190 106
190 109
190 110
190 111
190 113
190 114
190 115
190 116
190 118
190 125
190 126
190 129
190 131
190 137
190 138
190 139
190 140
190 141
190 143
190 144
190 145
190 146
190 148
190 149
190 151
190 152
190 153
190 154
190 155
190 159
190 163
190 164
190 165
190 166
190 168
190 170
190 172
190 174
190 176
190 178
190 180
190 181
190 182
190 183
190 184
190 187
190 188
190 189
191 106
191 181
192 0
192 1
192 2
192 3
192 4
192 5
192 6
192 7
192 8
192 9
192 10
192 11
192 12
192 13
192 14
192 15
192 16
192 17
192 18
192 19
192 20
192 21
192 22
192 23
192 24
192 25
192 26
192 27
192 28
192 29
192 30
192 31
192 32
192 33
192 34
192 37
192 38
192 39
192 40
192 41
192 42
192 44
192 45
192 46
192 47
192 48
192 49
192 50
192 51
192 52
192 53
192 54
192 55
192 56
192 57
192 58
192 59
192 61
192 62
192 63
192 64
192 65
192 66
192 68
192 69
192 70
192 71
192 72
192 73
192 74
192 75
192 76
192 78
192 79
192 81
192 82
192 84
192 85
192 86
192 87
192 90
192 92
192 93
192 96
192 97
192 99
192 100
192 101
192 102
192 103
192 104
192 105
192 106
192 109
192 110
192 111
192 113
192 114
192 115
192 116
192 118
192 119
192 120
192 122
192 126
192 129
192 137
192 139
192 140
192 141
192 143
192 145
192 146
192 148
192 149
192 151
192 152
192 154
192 155
192 157
192 159
192 163
192 164
192 166
192 170
192 172
192 174
192 176
192 178
192 181
192 182
192 183
192 184
192 187
192 188
192 189
192 190
192 191
193 0
193 1
193 2
193 3
193 4
193 5
193 6
193 7
193 8
193 9
193 10
193 11
193 12
193 13
193 14
193 15
193 16
193 17
193 18
193 19
193 20
193 21
193 22
193 23
193 24
193 25
193 26
193 27
193 28
193 29
193 30
193 31
193 32
193 33
193 34
193 36
193 37
193 38
193 39
193 40
193 41
193 42
193 43
193 44
193 45
193 46
193 47
193 48
193 49
193 50
193 51
193 52
193 53
193 54
193 55
193 56
193 57
193 58
193 59
193 61
193 62
193 63
193 64
193 65
193 68
193 69
193 70
193 71
193 72
193 73
193 74
193 75
193 76
193 77
193 78
193 79
193 80
193 81
193 82
193 83
193 84
193 85
193 86
193 87
193 88
193 89
193 90
193 92
193 94
193 96
193 97
193 99
193 101
193 102
193 103
193 104
193 105
193 106
193 109
193 110
193 111
193 113
193 114
193 115
193 116
193 118
193 120
193 122
193 125
193 126
193 129
193 135
193 136
193 137
193 139
193 140
193 141
193 142
193 143
193 145
193 146
193 148
193 149
193 151
193 152
193 153
193 154
193 155
193 159
193 163
193 164
193 165
193 166
193 170
193 172
193 174
193 176
193 178
193 181
193 182
193 183
193 187
193 188
193 189
193 190
193 191
193 192
194 0
194 1
194 2
194 3
194 4
194 5
194 6
194 7
194 8
194 9
194 10
194 11
194 12
194 13
194 14
194 15
194 16
194 17
194 18
194 19
194 20
194 21
194 22
194 23
194 24
194 25
194 26
194 27
194 28
194 29
194 30
194 31
194 32
194 33
194 34
194 35
194 36
194 37
194 38
194 39
194 40
194 41
194 42
194 44
194 45
194 46
194 47
194 48
194 49
194 50
194 51
194 52
194 53
194 54
194 55
194 56
194 57
194 58
194 59
194 60
194 61
194 62
194 63
194 64
194 65
194 69
194 70
194 71
194 72
194 74
194 75
194 76
194 78
194 79
194 80
194 81
194 82
194 83
194 84
194 85
194 86
194 87
194 89
194 90
194 92
194 94
194 96
194 97
194 98
194 99
194 101
194 102
194 103
194 104
194 105
194 106
194 107
194 109
194 110
194 111
194 113
194 114
194 115
194 117
194 118
194 120
194 121
194 122
194 123
194 125
194 126
194 128
194 129
194 135
194 136
194 137
194 138
194 139
194 140
194 141
194 143
194 144
194 145
194 146
194 148
194 149
194 151
194 152
194 154
194 155
194 159
194 160
194 163
194 164
194 165
194 166
194 168
194 170
194 172
194 173
194 174
194 176
194 178
194 181
194 182
194 183
194 184
194 186
194 187
194 188
194 189
194 190
194 192
194 193
195 0
195 1
195 2
195 3
195 4
195 5
195 6
195 7
195 8
195 9
195 10
195 11
195 12
195 13
195 14
195 15
195 16
195 17
195 18
195 19
195 20
195 21
195 22
195 23
195 24
195 25
195 26
195 27
195 28
195 29
195 30
195 31
195 32
195 33
195 34
195 36
195 37
195 38
195 39
195 40
195 41
195 42
195 43
195 44
195 45
195 46
195 47
195 48
195 49
195 50
195 51
195 52
195 53
195 54
195 55
195 56
195 57
195 59
195 61
195 62
195 63
195 64
195 65
195 66
195 67
195 68
195 69
195 70
195 71
195 72
195 74
195 75
195 76
195 77
195 78
195 79
195 80
195 81
195 82
195 83
195 84
195 85
195 86
195 87
195 89
195 90
195 92
195 94
195 96
195 97
195 99
195 101
195 102
195 103
195 104
195 105
195 106
195 109
195 110
195 111
195 113
195 114
195 115
195 116
195 118
195 120
195 122
195 125
195 126
195 128
195 129
195 131
195 132
195 137
195 139
195 140
195 141
195 143
195 144
195 145
195 146
195 148
195 149
195 151
195 152
195 153
195 154
195 155
195 157
195 159
195 161
195 162
195 163
195 164
195 165
195 166
195 170
195 172
195 174
195 176
195 178
195 179
195 181
195 182
195 183
195 187
195 188
195 189
195 190
195 192
195 193
195 194
196 23
197 0
197 1
197 2
197 3
197 4
197 5
197 6
197 7
197 8
197 9
197 10
197 11
197 12
197 13
197 14
197 15
197 16
197 17
197 18
197 19
197 20
197 21
197 22
197 23
197 24
197 25
197 26
197 27
197 28
197 29
197 30
197 31
197 32
197 33
197 34
197 36
197 37
197 38
197 39
197 40
197 41
197 42
197 43
197 44
197 45
197 46
197 47
197 48
197 49
197 50
197 51
197 52
197 53
197 54
197 55
197 56
197 57
197 58
197 59
197 60
197 61
197 62
197 63
197 64
197 65
197 66
197 67
197 68
197 69
197 70
197 71
197 72
197 73
197 74
197 75
197 76
197 77
197 78
197 79
197 80
197 81
197 82
197 84
197 85
197 86
197 87
197 88
197 89
197 92
197 93
197 94
197 95
197 96
197 97
197 98
197 99
197 100
197 101
197 102
197 103
197 104
197 105
197 106
197 109
197 110
197 111
197 113
197 114
197 115
197 116
197 117
197 118
197 120
197 121
197 126
197 128
197 129
197 132
197 135
197 136
197 137
197 139
197 140
197 141
197 143
197 144
197 145
197 146
197 148
197 149
197 151
197 152
197 154
197 155
197 159
197 160
197 163
197 164
197 165
197 166
197 168
197 170
197 171
197 172
197 173
197 174
197 176
197 179
197 181
197 182
197 183
197 188
197 189
197 190
197 192
197 193
197 194
197 195
198 22
199 0
199 1
199 2
199 3
199 4
199 5
199 6
199 7
199 8
199 9
199 10
199 11
199 12
199 13
199 14
199 15
199 16
199 17
199 18
199 19
199 20
199 22
199 23
199 24
199 25
199 26
199 27
199 28
199 29
199 30
199 31
199 32
199 33
199 34
199 35
199 36
199 37
199 38
199 39
199 40
199 41
199 42
199 43
199 44
199 45
199 46
199 47
199 48
199 49
199 50
199 51
199 52
199 53
199 54
199 56
199 57
199 59
199 60
199 61
199 62
199 63
199 64
199 65
199 66
199 70
199 71
199 72
199 73
199 74
199 75
199 76
199 77
199 78
199 79
199 80
199 81
199 82
199 84
199 85
199 86
199 87
199 89
199 90
199 92
199 93
199 94
199 95
199 96
199 97
199 98
199 99
199 100
199 101
199 102
199 103
199 104
199 105
199 106
199 109
199 110
199 111
199 113
199 114
199 115
199 116
199 117
199 118
199 121
199 122
199 125
199 126
199 129
199 131
199 132
199 135
199 136
199 137
199 139
199 140
199 141
199 143
199 144
199 145
199 146
199 147
199 148
199 149
199 151
199 152
199 153
199 154
199 155
199 159
199 160
199 162
199 163
199 164
199 166
199 170
199 172
199 173
199 174
199 176
199 178
199 181
199 182
199 183
199 187
199 188
199 189
199 190
199 192
199 193
199 194
199 195
199 196
199 197
