1 0
2 1
3 0
3 1
4 0
4 1
4 3
5 4
6 0
6 3
7 0
7 1
7 2
7 3
7 4
7 6
8 1
8 2
8 3
8 4
8 6
8 7
9 0
9 3
9 4
9 5
9 6
9 7
9 8
10 6
11 6
12 0
12 1
12 2
12 3
12 4
12 6
12 7
12 8
12 9
12 11
13 0
13 1
13 2
13 3
13 4
13 5
13 6
13 7
13 8
13 9
13 12
14 0
14 1
14 2
14 3
14 4
14 5
14 6
14 7
14 8
14 9
14 12
14 13
15 0
15 3
15 6
15 8
15 9
15 11
15 12
16 0
16 1
16 2
16 3
16 4
16 5
16 6
16 7
16 8
16 9
16 11
16 12
16 13
16 14
16 15
17 7
18 0
18 1
18 3
18 4
18 14
19 0
19 1
19 2
19 3
19 4
19 5
19 6
19 7
19 8
19 9
19 12
19 13
19 14
19 15
19 16
19 17
19 18
20 9
21 0
21 4
21 9
21 14
21 18
21 20
22 0
22 1
22 2
22 3
22 4
22 6
22 8
22 9
22 10
22 11
22 12
22 14
22 15
22 16
22 18
22 19
22 20
22 21
23 22
24 0
24 1
24 2
24 3
24 4
24 5
24 6
24 7
24 8
24 9
24 12
24 13
24 14
24 15
24 16
24 17
24 18
24 19
24 21
24 22
25 2
26 16
27 0
27 1
27 2
27 3
27 4
27 6
27 7
27 8
27 10
27 13
27 14
27 17
27 22
27 24
28 1
28 2
28 3
28 9
29 25
30 22
31 21
32 7
32 14
33 0
33 1
33 2
33 3
33 4
33 5
33 6
33 7
33 8
33 9
33 10
33 11
33 12
33 13
33 14
33 15
33 16
33 17
33 18
33 19
33 20
33 21
33 22
33 23
33 24
33 25
33 27
33 30
33 31
33 32
34 7
34 14
34 32
35 0
35 1
35 2
35 3
35 4
35 6
35 7
35 8
35 9
35 10
35 11
35 12
35 13
35 14
35 15
35 16
35 17
35 19
35 22
35 24
35 27
35 31
35 33
36 0
36 12
36 16
36 21
36 33
37 0
37 1
37 2
37 3
37 4
37 5
37 6
37 7
37 8
37 10
37 12
37 13
37 14
37 15
37 16
37 18
37 19
37 21
37 22
37 24
37 27
37 28
37 31
37 33
37 35
37 36
38 5
38 37
39 0
39 1
39 2
39 3
39 4
39 5
39 6
39 7
39 8
39 9
39 11
39 12
39 13
39 14
39 15
39 16
39 17
39 18
39 19
39 21
39 22
39 24
39 27
39 28
39 32
39 33
39 34
39 35
39 36
39 37
39 38
40 0
40 1
40 2
40 3
40 4
40 5
40 6
40 7
40 8
40 9
40 10
40 11
40 12
40 13
40 14
40 15
40 16
40 18
40 19
40 20
40 21
40 22
40 24
40 27
40 28
40 30
40 31
40 33
40 35
40 36
40 37
40 38
40 39
41 0
41 1
41 2
41 5
41 14
41 40
42 0
42 1
42 3
42 4
42 5
42 6
42 8
42 9
42 16
42 19
43 28
44 30
45 0
45 6
45 12
46 21
47 0
48 4
48 37
49 21
49 31
49 46
50 31
50 35
51 13
51 16
51 24
51 27
51 37
51 40
52 16
52 26
53 0
53 1
53 2
53 3
53 4
53 5
53 6
53 7
53 8
53 9
53 11
53 12
53 13
53 14
53 15
53 16
53 17
53 19
53 20
53 22
53 24
53 27
53 32
53 33
53 35
53 37
53 39
53 40
53 41
53 42
54 0
54 3
54 6
54 10
54 15
54 24
54 28
54 37
54 43
55 33
56 0
56 1
56 2
56 3
56 4
56 5
56 6
56 7
56 8
56 9
56 10
56 12
56 13
56 14
56 17
56 18
56 19
56 20
56 21
56 22
56 24
56 25
56 27
56 30
56 31
56 33
56 35
56 37
56 39
56 40
56 41
56 42
56 44
56 45
56 46
56 49
56 50
56 53
57 0
57 1
57 4
57 7
57 9
57 12
57 20
57 21
57 36
57 37
57 48
57 56
58 47
59 0
59 1
59 2
59 3
59 4
59 5
59 6
59 7
59 8
59 9
59 10
59 11
59 12
59 13
59 14
59 15
59 16
59 17
59 18
59 19
59 21
59 22
59 24
59 27
59 28
59 31
59 32
59 33
59 34
59 35
59 37
59 39
59 40
59 42
59 46
59 49
59 50
59 53
59 55
59 56
60 47
60 58
61 0
61 1
61 2
61 3
61 4
61 5
61 6
61 7
61 8
61 9
61 10
61 11
61 12
61 13
61 14
61 15
61 16
61 17
61 18
61 19
61 21
61 22
61 24
61 27
61 31
61 32
61 33
61 34
61 35
61 36
61 37
61 39
61 40
61 41
61 42
61 45
61 46
61 49
61 50
61 51
61 53
61 54
61 56
61 57
61 59
62 9
62 19
63 0
63 1
63 2
63 3
63 4
63 5
63 6
63 7
63 8
63 9
63 10
63 11
63 12
63 13
63 14
63 15
63 16
63 17
63 18
63 19
63 20
63 21
63 22
63 24
63 27
63 28
63 31
63 32
63 33
63 35
63 36
63 37
63 39
63 40
63 42
63 51
63 53
63 54
63 55
63 56
63 59
63 61
64 13
65 0
65 1
65 2
65 3
65 4
65 5
65 6
65 7
65 8
65 9
65 11
65 12
65 13
65 14
65 15
65 16
65 17
65 18
65 19
65 22
65 24
65 27
65 32
65 33
65 34
65 35
65 36
65 37
65 38
65 39
65 40
65 41
65 42
65 45
65 51
65 52
65 53
65 54
65 56
65 57
65 59
65 61
65 63
66 22
67 53
68 13
69 0
69 1
69 2
69 3
69 4
69 5
69 6
69 7
69 8
69 9
69 12
69 13
69 14
69 15
69 16
69 17
69 18
69 19
69 21
69 22
69 23
69 24
69 27
69 31
69 32
69 33
69 35
69 36
69 37
69 39
69 40
69 42
69 45
69 50
69 51
69 53
69 56
69 57
69 59
69 61
69 62
69 63
69 65
70 18
70 22
71 0
71 1
71 2
71 3
71 4
71 5
71 6
71 7
71 8
71 9
71 10
71 11
71 12
71 13
71 14
71 15
71 16
71 17
71 18
71 19
71 20
71 21
71 22
71 24
71 25
71 26
71 27
71 28
71 29
71 32
71 33
71 34
71 35
71 36
71 37
71 38
71 39
71 40
71 41
71 42
71 43
71 48
71 49
71 51
71 52
71 53
71 54
71 56
71 57
71 59
71 61
71 62
71 63
71 65
71 69
72 56
73 8
73 13
73 21
73 24
73 51
73 53
73 54
73 61
73 65
74 58
75 0
75 1
75 2
75 3
75 4
75 5
75 6
75 7
75 8
75 9
75 10
75 11
75 12
75 13
75 14
75 15
75 16
75 17
75 18
75 19
75 20
75 21
75 22
75 23
75 24
75 27
75 28
75 31
75 32
75 33
75 34
75 35
75 36
75 37
75 38
75 39
75 40
75 41
75 42
75 43
75 48
75 50
75 51
75 53
75 54
75 56
75 57
75 59
75 61
75 62
75 63
75 65
75 66
75 68
75 69
75 71
75 73
76 0
76 1
76 3
76 4
76 5
76 14
76 24
76 65
76 71
77 21
77 46
78 9
78 16
78 19
78 22
78 27
78 37
78 40
79 0
79 1
79 2
79 3
79 4
79 5
79 6
79 7
79 8
79 9
79 10
79 11
79 12
79 13
79 14
79 15
79 16
79 17
79 18
79 19
79 20
79 21
79 22
79 23
79 24
79 25
79 27
79 28
79 31
79 32
79 33
79 35
79 36
79 37
79 38
79 39
79 40
79 42
79 43
79 45
79 48
79 51
79 53
79 54
79 56
79 57
79 59
79 61
79 63
79 65
79 69
79 71
79 73
79 75
79 76
79 78
80 41
81 0
82 54
83 1
83 7
83 34
84 0
84 1
84 2
84 3
84 4
84 5
84 6
84 7
84 8
84 9
84 10
84 13
84 14
84 15
84 16
84 17
84 19
84 21
84 22
84 24
84 26
84 27
84 28
84 30
84 31
84 33
84 34
84 35
84 37
84 38
84 39
84 40
84 41
84 42
84 44
84 49
84 52
84 53
84 54
84 56
84 59
84 61
84 62
84 63
84 65
84 69
84 71
84 75
84 78
84 79
84 80
85 4
85 29
85 71
85 79
85 84
86 4
87 53
88 0
88 1
88 2
88 3
88 4
88 5
88 6
88 7
88 8
88 9
88 10
88 11
88 12
88 13
88 14
88 15
88 20
88 21
88 22
88 28
88 30
88 32
88 35
88 37
88 40
88 43
88 44
88 47
88 54
88 56
88 63
88 69
88 71
88 75
89 36
90 47
91 0
91 1
91 2
91 3
91 4
91 5
91 6
91 7
91 8
91 9
91 10
91 11
91 12
91 13
91 14
91 15
91 16
91 17
91 18
91 19
91 20
91 21
91 22
91 23
91 24
91 26
91 27
91 28
91 30
91 31
91 32
91 33
91 34
91 35
91 36
91 37
91 38
91 39
91 40
91 41
91 42
91 45
91 47
91 51
91 52
91 53
91 56
91 57
91 59
91 61
91 62
91 63
91 65
91 69
91 70
91 71
91 75
91 78
91 79
91 84
91 85
91 88
92 15
92 54
93 0
93 1
93 2
93 3
93 4
93 5
93 6
93 7
93 8
93 9
93 12
93 13
93 14
93 15
93 16
93 18
93 19
93 20
93 21
93 22
93 24
93 25
93 27
93 32
93 33
93 34
93 35
93 36
93 37
93 38
93 39
93 40
93 48
93 51
93 53
93 54
93 56
93 57
93 59
93 61
93 63
93 65
93 69
93 71
93 73
93 75
93 79
93 81
93 84
93 85
93 88
93 89
93 91
94 58
95 17
96 0
96 1
96 2
96 3
96 4
96 5
96 6
96 7
96 8
96 9
96 10
96 11
96 12
96 13
96 14
96 15
96 16
96 17
96 18
96 19
96 20
96 21
96 22
96 24
96 25
96 27
96 28
96 30
96 31
96 32
96 33
96 34
96 35
96 36
96 37
96 39
96 40
96 41
96 42
96 43
96 45
96 46
96 47
96 48
96 50
96 51
96 53
96 54
96 55
96 56
96 57
96 59
96 61
96 62
96 63
96 65
96 66
96 67
96 68
96 69
96 71
96 73
96 75
96 76
96 77
96 78
96 79
96 81
96 83
96 84
96 87
96 88
96 91
96 93
97 0
97 1
97 2
97 3
97 4
97 5
97 6
97 7
97 8
97 9
97 10
97 11
97 12
97 13
97 14
97 15
97 16
97 17
97 18
97 19
97 20
97 21
97 22
97 24
97 26
97 27
97 28
97 30
97 32
97 33
97 35
97 37
97 38
97 39
97 40
97 41
97 42
97 48
97 51
97 52
97 53
97 54
97 56
97 57
97 59
97 61
97 63
97 65
97 68
97 69
97 71
97 73
97 75
97 76
97 79
97 84
97 85
97 86
97 88
97 91
97 93
97 96
98 63
99 47
99 58
100 37
100 39
100 69
101 32
102 0
102 1
102 2
102 3
102 4
102 5
102 6
102 7
102 8
102 9
102 10
102 11
102 12
102 13
102 14
102 15
102 16
102 17
102 18
102 19
102 20
102 21
102 22
102 24
102 25
102 27
102 28
102 30
102 31
102 33
102 34
102 35
102 36
102 37
102 39
102 40
102 41
102 42
102 44
102 46
102 49
102 50
102 51
102 53
102 54
102 56
102 57
102 59
102 61
102 63
102 65
102 66
102 69
102 71
102 73
102 75
102 77
102 78
102 79
102 84
102 85
102 88
102 89
102 91
102 93
102 96
102 97
103 0
103 1
103 2
103 3
103 4
103 5
103 6
103 7
103 8
103 9
103 10
103 11
103 12
103 13
103 14
103 15
103 16
103 17
103 18
103 19
103 20
103 21
103 22
103 24
103 25
103 27
103 28
103 29
103 30
103 31
103 32
103 33
103 35
103 36
103 37
103 38
103 39
103 40
103 41
103 42
103 43
103 44
103 45
103 46
103 49
103 50
103 51
103 53
103 54
103 56
103 57
103 59
103 61
103 63
103 65
103 68
103 69
103 71
103 73
103 75
103 76
103 79
103 80
103 84
103 85
103 88
103 89
103 91
103 93
103 96
103 97
103 98
103 102
104 0
104 1
104 2
104 3
104 4
104 5
104 6
104 7
104 8
104 9
104 10
104 11
104 12
104 13
104 14
104 15
104 16
104 17
104 18
104 19
104 20
104 21
104 22
104 24
104 25
104 27
104 28
104 30
104 31
104 32
104 33
104 34
104 35
104 36
104 37
104 38
104 39
104 40
104 41
104 42
104 43
104 44
104 45
104 48
104 49
104 50
104 51
104 53
104 54
104 56
104 57
104 59
104 61
104 62
104 63
104 65
104 69
104 71
104 72
104 73
104 75
104 78
104 79
104 80
104 83
104 84
104 85
104 86
104 87
104 88
104 91
104 93
104 96
104 97
104 100
104 102
104 103
105 79
106 0
106 1
106 2
106 3
106 4
106 5
106 6
106 7
106 8
106 9
106 10
106 11
106 12
106 13
106 14
106 15
106 16
106 17
106 19
106 20
106 22
106 24
106 26
106 30
106 31
106 32
106 33
106 35
106 37
106 40
106 44
106 47
106 52
106 56
106 57
106 61
106 63
106 71
106 75
106 78
106 79
106 84
106 86
106 88
106 91
106 93
106 96
106 97
106 102
106 103
106 104
107 24
108 0
108 1
108 2
108 3
108 4
108 5
108 6
108 7
108 8
108 9
108 10
108 11
108 12
108 13
108 14
108 15
108 16
108 17
108 18
108 19
108 20
108 21
108 22
108 24
108 28
108 29
108 30
108 31
108 33
108 34
108 35
108 36
108 37
108 39
108 40
108 42
108 43
108 46
108 48
108 49
108 51
108 53
108 54
108 55
108 56
108 57
108 59
108 61
108 62
108 63
108 65
108 67
108 68
108 69
108 71
108 72
108 73
108 75
108 76
108 77
108 79
108 82
108 83
108 84
108 85
108 88
108 91
108 92
108 93
108 95
108 96
108 97
108 100
108 102
108 103
108 104
108 106
109 65
110 64
111 95
112 0
112 1
112 2
112 3
112 4
112 5
112 6
112 7
112 8
112 9
112 10
112 11
112 12
112 13
112 14
112 15
112 16
112 17
112 18
112 19
112 20
112 21
112 22
112 24
112 25
112 26
112 27
112 28
112 29
112 30
112 31
112 32
112 33
112 35
112 36
112 37
112 38
112 39
112 40
112 41
112 43
112 44
112 45
112 46
112 47
112 49
112 50
112 53
112 54
112 56
112 57
112 59
112 61
112 62
112 63
112 65
112 68
112 69
112 71
112 75
112 77
112 78
112 79
112 80
112 84
112 85
112 88
112 91
112 93
112 96
112 97
112 102
112 103
112 104
112 106
112 108
113 104
114 83
115 100
116 30
117 55
118 21
118 46
118 49
119 38
120 0
120 1
120 2
120 3
120 4
120 5
120 6
120 7
120 8
120 9
120 10
120 11
120 12
120 13
120 14
120 15
120 16
120 17
120 18
120 19
120 20
120 21
120 22
120 23
120 24
120 25
120 26
120 27
120 28
120 29
120 30
120 31
120 32
120 33
120 34
120 35
120 36
120 37
120 38
120 39
120 40
120 41
120 42
120 43
120 44
120 46
120 47
120 48
120 49
120 50
120 51
120 53
120 54
120 55
120 56
120 57
120 59
120 61
120 62
120 63
120 65
120 67
120 69
120 71
120 72
120 75
120 76
120 78
120 79
120 83
120 84
120 85
120 88
120 90
120 91
120 92
120 93
120 96
120 97
120 100
120 102
120 103
120 104
120 105
120 106
120 108
120 112
120 114
120 116
121 0
121 1
121 2
121 3
121 4
121 5
121 6
121 7
121 8
121 9
121 11
121 12
121 13
121 14
121 16
121 18
121 19
121 20
121 21
121 22
121 24
121 25
121 27
121 28
121 31
121 32
121 33
121 34
121 35
121 36
121 37
121 38
121 39
121 40
121 42
121 45
121 50
121 53
121 54
121 56
121 57
121 59
121 61
121 63
121 65
121 69
121 71
121 73
121 75
121 78
121 79
121 83
121 84
121 88
121 91
121 93
121 96
121 97
121 98
121 100
121 101
121 102
121 103
121 104
121 106
121 108
121 112
121 113
121 115
121 120
122 0
122 1
122 2
122 3
122 4
122 5
122 6
122 7
122 8
122 9
122 10
122 11
122 12
122 13
122 14
122 15
122 16
122 17
122 18
122 19
122 20
122 21
122 22
122 23
122 24
122 25
122 26
122 27
122 29
122 30
122 31
122 32
122 33
122 34
122 35
122 36
122 37
122 38
122 39
122 40
122 41
122 42
122 43
122 44
122 45
122 46
122 47
122 48
122 49
122 50
122 51
122 52
122 53
122 55
122 56
122 57
122 59
122 60
122 61
122 62
122 63
122 65
122 66
122 69
122 70
122 71
122 73
122 75
122 76
122 77
122 78
122 79
122 84
122 85
122 88
122 91
122 93
122 95
122 96
122 97
122 100
122 102
122 103
122 104
122 106
122 108
122 111
122 112
122 113
122 115
122 118
122 120
122 121
123 51
124 0
124 1
124 2
124 3
124 4
124 5
124 6
124 7
124 8
124 9
124 10
124 11
124 12
124 13
124 14
124 15
124 16
124 17
124 18
124 19
124 20
124 21
124 22
124 24
124 26
124 27
124 28
124 30
124 31
124 32
124 33
124 34
124 35
124 36
124 37
124 38
124 39
124 40
124 41
124 42
124 43
124 45
124 47
124 48
124 50
124 51
124 52
124 53
124 54
124 55
124 56
124 57
124 59
124 61
124 62
124 63
124 65
124 69
124 71
124 75
124 77
124 78
124 79
124 80
124 83
124 84
124 86
124 88
124 91
124 92
124 93
124 96
124 97
124 100
124 102
124 103
124 104
124 106
124 108
124 112
124 114
124 119
124 120
124 121
124 122
125 0
125 1
125 2
125 3
125 4
125 5
125 6
125 7
125 8
125 9
125 10
125 11
125 12
125 13
125 14
125 15
125 16
125 17
125 18
125 19
125 20
125 21
125 22
125 24
125 25
125 26
125 27
125 28
125 29
125 30
125 31
125 32
125 33
125 34
125 35
125 36
125 37
125 38
125 39
125 40
125 41
125 42
125 43
125 44
125 45
125 46
125 48
125 49
125 51
125 52
125 53
125 54
125 55
125 56
125 57
125 59
125 61
125 62
125 63
125 65
125 66
125 69
125 71
125 72
125 73
125 75
125 79
125 83
125 84
125 85
125 87
125 88
125 91
125 92
125 93
125 95
125 96
125 97
125 98
125 101
125 102
125 103
125 104
125 106
125 108
125 112
125 113
125 114
125 116
125 120
125 121
125 122
125 124
126 0
126 1
126 2
126 3
126 4
126 5
126 6
126 7
126 8
126 9
126 10
126 11
126 12
126 13
126 14
126 15
126 16
126 17
126 18
126 19
126 20
126 21
126 22
126 23
126 24
126 25
126 27
126 28
126 30
126 31
126 32
126 33
126 34
126 35
126 36
126 37
126 38
126 39
126 40
126 41
126 42
126 44
126 45
126 46
126 48
126 49
126 50
126 51
126 52
126 53
126 54
126 55
126 56
126 57
126 59
126 61
126 62
126 63
126 65
126 69
126 70
126 71
126 72
126 73
126 75
126 76
126 77
126 79
126 80
126 81
126 83
126 84
126 85
126 88
126 89
126 91
126 92
126 93
126 96
126 97
126 100
126 101
126 102
126 103
126 104
126 105
126 106
126 108
126 109
126 112
126 114
126 120
126 121
126 122
126 124
126 125
127 102
128 86
129 0
129 1
129 2
129 3
129 4
129 5
129 6
129 7
129 8
129 9
129 10
129 11
129 12
129 13
129 14
129 15
129 16
129 17
129 18
129 19
129 20
129 21
129 22
129 24
129 26
129 27
129 28
129 30
129 31
129 32
129 33
129 35
129 36
129 37
129 39
129 40
129 41
129 42
129 44
129 45
129 48
129 51
129 52
129 53
129 54
129 56
129 59
129 61
129 62
129 63
129 65
129 67
129 68
129 69
129 71
129 73
129 75
129 76
129 78
129 79
129 80
129 82
129 84
129 85
129 87
129 88
129 89
129 91
129 92
129 93
129 96
129 97
129 98
129 101
129 102
129 103
129 104
129 106
129 108
129 112
129 120
129 121
129 122
129 124
129 125
129 126
130 2
131 79
131 97
131 105
131 121
132 88
132 96
133 90
134 37
134 40
134 51
134 123
135 0
135 1
135 2
135 3
135 4
135 5
135 6
135 7
135 8
135 9
135 14
135 15
135 19
135 34
135 35
135 39
135 40
135 41
135 56
135 61
135 65
135 69
135 71
135 75
135 79
135 84
135 93
135 98
135 103
135 104
135 108
135 112
135 120
135 121
135 122
135 125
135 126
135 129
136 0
136 1
136 2
136 3
136 4
136 6
136 7
136 8
136 12
136 20
136 21
136 22
136 30
136 31
136 34
136 40
136 44
136 49
136 61
136 69
136 78
136 97
136 102
136 106
136 121
136 122
136 124
136 125
136 129
137 0
137 1
137 2
137 3
137 4
137 5
137 6
137 7
137 8
137 9
137 10
137 11
137 12
137 13
137 14
137 15
137 16
137 17
137 18
137 19
137 20
137 21
137 22
137 24
137 25
137 27
137 28
137 29
137 30
137 31
137 32
137 33
137 34
137 35
137 36
137 37
137 38
137 39
137 40
137 41
137 42
137 43
137 45
137 46
137 48
137 49
137 50
137 51
137 52
137 53
137 54
137 56
137 57
137 59
137 61
137 62
137 63
137 65
137 67
137 68
137 69
137 71
137 72
137 73
137 75
137 76
137 79
137 80
137 84
137 85
137 86
137 88
137 91
137 93
137 96
137 97
137 98
137 102
137 103
137 104
137 105
137 106
137 108
137 112
137 118
137 119
137 120
137 121
137 122
137 124
137 125
137 126
137 129
137 131
137 132
137 135
137 136
138 22
138 30
138 122
139 71
140 34
141 0
141 1
141 2
141 3
141 4
141 5
141 6
141 7
141 8
141 9
141 10
141 11
141 12
141 13
141 14
141 15
141 16
141 17
141 18
141 19
141 20
141 21
141 22
141 24
141 25
141 26
141 27
141 28
141 29
141 30
141 31
141 32
141 33
141 34
141 35
141 36
141 37
141 38
141 39
141 40
141 41
141 42
141 43
141 45
141 46
141 49
141 51
141 53
141 54
141 56
141 57
141 59
141 61
141 63
141 65
141 69
141 71
141 72
141 73
141 75
141 76
141 78
141 79
141 80
141 84
141 85
141 88
141 91
141 93
141 96
141 97
141 100
141 102
141 103
141 104
141 106
141 108
141 112
141 113
141 118
141 120
141 121
141 122
141 124
141 125
141 126
141 129
141 131
141 134
141 135
141 136
141 137
141 138
142 84
142 104
143 79
143 105
143 120
144 0
144 1
144 2
144 3
144 4
144 5
144 6
144 7
144 8
144 9
144 10
144 11
144 12
144 13
144 14
144 15
144 16
144 17
144 18
144 19
144 20
144 21
144 22
144 24
144 27
144 28
144 30
144 32
144 33
144 34
144 35
144 36
144 37
144 38
144 39
144 40
144 41
144 42
144 43
144 44
144 45
144 46
144 47
144 49
144 51
144 52
144 53
144 54
144 55
144 56
144 57
144 59
144 61
144 63
144 65
144 68
144 69
144 71
144 73
144 75
144 78
144 79
144 80
144 84
144 85
144 88
144 89
144 91
144 93
144 96
144 97
144 98
144 100
144 102
144 103
144 104
144 106
144 108
144 112
144 115
144 117
144 120
144 121
144 122
144 124
144 125
144 126
144 129
144 132
144 134
144 135
144 136
144 137
144 141
145 19
146 69
147 102
147 127
148 0
148 1
148 2
148 3
148 4
148 5
148 6
148 7
148 8
148 9
148 10
148 11
148 12
148 13
148 14
148 15
148 16
148 17
148 18
148 19
148 20
148 21
148 22
148 23
148 24
148 25
148 26
148 27
148 28
148 29
148 30
148 31
148 32
148 33
148 34
148 35
148 36
148 37
148 38
148 39
148 40
148 41
148 42
148 43
148 44
148 45
148 48
148 49
148 50
148 51
148 52
148 53
148 54
148 55
148 56
148 57
148 59
148 61
148 63
148 64
148 65
148 69
148 71
148 73
148 75
148 76
148 78
148 79
148 83
148 84
148 85
148 86
148 88
148 89
148 91
148 93
148 95
148 96
148 97
148 100
148 101
148 102
148 103
148 104
148 105
148 106
148 108
148 109
148 111
148 112
148 115
148 117
148 118
148 119
148 120
148 121
148 122
148 124
148 125
148 126
148 128
148 129
148 132
148 135
148 136
148 137
148 138
148 141
148 142
148 143
148 144
149 72
149 108
150 14
150 18
151 62
152 0
152 1
152 2
152 3
152 4
152 5
152 6
152 7
152 8
152 9
152 10
152 11
152 12
152 13
152 14
152 15
152 16
152 17
152 18
152 19
152 21
152 22
152 23
152 24
152 27
152 28
152 30
152 33
152 35
152 36
152 37
152 40
152 42
152 43
152 51
152 52
152 54
152 56
152 59
152 61
152 63
152 65
152 69
152 71
152 72
152 79
152 84
152 86
152 88
152 91
152 93
152 96
152 97
152 102
152 103
152 104
152 106
152 108
152 112
152 113
152 120
152 121
152 122
152 124
152 125
152 126
152 128
152 129
152 135
152 136
152 137
152 138
152 141
152 144
152 148
153 150
154 0
154 1
154 2
154 3
154 4
154 5
154 6
154 7
154 8
154 9
154 10
154 11
154 12
154 13
154 14
154 15
154 16
154 17
154 18
154 19
154 20
154 21
154 22
154 23
154 24
154 25
154 26
154 27
154 28
154 30
154 31
154 32
154 33
154 34
154 35
154 36
154 37
154 38
154 39
154 40
154 41
154 42
154 43
154 44
154 45
154 46
154 47
154 48
154 49
154 50
154 51
154 52
154 53
154 54
154 56
154 57
154 58
154 59
154 61
154 62
154 63
154 65
154 66
154 68
154 69
154 71
154 72
154 73
154 74
154 75
154 78
154 79
154 80
154 83
154 84
154 86
154 87
154 88
154 91
154 93
154 94
154 96
154 97
154 98
154 101
154 102
154 103
154 104
154 106
154 108
154 112
154 113
154 114
154 120
154 121
154 122
154 123
154 124
154 125
154 126
154 129
154 132
154 134
154 135
154 136
154 137
154 141
154 144
154 145
154 148
154 149
154 152
155 24
155 107
156 135
157 38
157 40
157 97
157 119
157 124
158 22
158 120
159 0
159 1
159 2
159 3
159 4
159 5
159 6
159 7
159 8
159 9
159 10
159 11
159 12
159 13
159 14
159 15
159 16
159 17
159 18
159 19
159 20
159 21
159 22
159 23
159 24
159 25
159 26
159 27
159 28
159 29
159 30
159 31
159 32
159 33
159 34
159 35
159 36
159 37
159 38
159 39
159 40
159 41
159 42
159 43
159 44
159 46
159 48
159 49
159 50
159 51
159 52
159 53
159 54
159 55
159 56
159 57
159 59
159 61
159 63
159 65
159 69
159 71
159 72
159 73
159 75
159 76
159 77
159 78
159 79
159 83
159 84
159 85
159 86
159 88
159 89
159 91
159 92
159 93
159 96
159 97
159 102
159 103
159 104
159 105
159 106
159 107
159 108
159 109
159 112
159 113
159 114
159 116
159 117
159 118
159 119
159 120
159 121
159 122
159 123
159 124
159 125
159 126
159 128
159 129
159 131
159 132
159 134
159 135
159 136
159 137
159 138
159 141
159 143
159 144
159 148
159 149
159 150
159 152
159 153
159 154
159 155
159 157
159 158
160 148
161 0
161 1
161 2
161 3
161 4
161 5
161 6
161 7
161 8
161 9
161 10
161 11
161 12
161 13
161 14
161 15
161 16
161 17
161 18
161 19
161 20
161 21
161 22
161 24
161 26
161 27
161 28
161 31
161 32
161 33
161 34
161 35
161 36
161 37
161 39
161 40
161 41
161 42
161 46
161 47
161 48
161 49
161 51
161 52
161 53
161 54
161 56
161 57
161 59
161 61
161 63
161 65
161 67
161 69
161 70
161 71
161 73
161 75
161 76
161 77
161 78
161 79
161 84
161 86
161 88
161 91
161 93
161 95
161 96
161 97
161 98
161 100
161 102
161 103
161 104
161 106
161 108
161 112
161 120
161 121
161 122
161 124
161 125
161 126
161 128
161 129
161 131
161 132
161 135
161 136
161 137
161 141
161 144
161 148
161 152
161 154
161 159
162 0
162 1
162 2
162 3
162 4
162 5
162 6
162 7
162 8
162 9
162 10
162 11
162 12
162 13
162 14
162 15
162 16
162 17
162 18
162 19
162 20
162 21
162 22
162 24
162 26
162 27
162 28
162 30
162 31
162 32
162 33
162 34
162 35
162 36
162 37
162 38
162 39
162 40
162 41
162 42
162 43
162 44
162 46
162 47
162 49
162 50
162 51
162 52
162 53
162 54
162 55
162 56
162 58
162 59
162 61
162 62
162 63
162 64
162 65
162 68
162 69
162 71
162 73
162 75
162 78
162 79
162 80
162 81
162 83
162 84
162 85
162 88
162 91
162 92
162 93
162 96
162 97
162 98
162 99
162 100
162 101
162 102
162 103
162 104
162 106
162 108
162 112
162 115
162 118
162 120
162 121
162 122
162 124
162 125
162 126
162 129
162 131
162 132
162 135
162 136
162 137
162 140
162 141
162 144
162 148
162 150
162 152
162 153
162 154
162 156
162 157
162 158
162 159
162 161
163 0
163 1
163 2
163 3
163 4
163 5
163 6
163 7
163 9
163 14
163 15
163 16
163 19
163 40
163 41
163 53
163 61
163 62
163 73
163 96
163 106
163 121
163 124
163 125
163 137
163 159
164 0
164 1
164 2
164 3
164 4
164 5
164 6
164 7
164 8
164 9
164 10
164 11
164 12
164 13
164 14
164 15
164 16
164 17
164 18
164 19
164 20
164 21
164 22
164 24
164 25
164 26
164 27
164 28
164 29
164 30
164 31
164 32
164 33
164 34
164 35
164 36
164 37
164 38
164 39
164 40
164 41
164 42
164 44
164 45
164 46
164 47
164 48
164 49
164 50
164 51
164 52
164 53
164 54
164 55
164 56
164 57
164 59
164 61
164 62
164 63
164 65
164 69
164 71
164 73
164 75
164 76
164 77
164 78
164 79
164 80
164 83
164 84
164 85
164 88
164 89
164 90
164 91
164 92
164 93
164 95
164 96
164 97
164 98
164 102
164 103
164 104
164 105
164 106
164 108
164 111
164 112
164 117
164 119
164 120
164 121
164 122
164 123
164 124
164 125
164 126
164 129
164 131
164 133
164 134
164 135
164 136
164 137
164 140
164 141
164 144
164 148
164 151
164 152
164 154
164 156
164 157
164 159
164 160
164 161
164 162
164 163
165 124
165 125
165 129
165 161
166 0
166 1
166 2
166 3
166 4
166 5
166 6
166 7
166 8
166 9
166 10
166 11
166 12
166 13
166 14
166 15
166 16
166 17
166 18
166 19
166 20
166 21
166 22
166 23
166 24
166 25
166 27
166 28
166 29
166 30
166 31
166 32
166 33
166 34
166 35
166 36
166 37
166 38
166 39
166 40
166 41
166 42
166 43
166 44
166 46
166 51
166 53
166 54
166 55
166 56
166 57
166 59
166 61
166 63
166 65
166 69
166 70
166 71
166 73
166 75
166 76
166 78
166 79
166 80
166 83
166 84
166 85
166 88
166 89
166 91
166 93
166 96
166 97
166 98
166 100
166 102
166 103
166 104
166 105
166 106
166 107
166 108
166 112
166 117
166 119
166 120
166 121
166 122
166 124
166 125
166 126
166 129
166 134
166 135
166 136
166 137
166 138
166 141
166 144
166 146
166 148
166 150
166 152
166 154
166 155
166 156
166 157
166 159
166 160
166 161
166 162
166 163
166 164
166 165
167 0
167 1
167 2
167 3
167 4
167 5
167 6
167 7
167 8
167 9
167 10
167 11
167 12
167 13
167 14
167 15
167 16
167 17
167 18
167 19
167 20
167 21
167 22
167 23
167 24
167 25
167 26
167 27
167 28
167 29
167 30
167 31
167 32
167 33
167 34
167 35
167 36
167 37
167 38
167 39
167 40
167 41
167 42
167 43
167 44
167 45
167 46
167 47
167 48
167 49
167 50
167 51
167 52
167 53
167 54
167 55
167 56
167 57
167 58
167 59
167 61
167 62
167 63
167 65
167 66
167 67
167 69
167 70
167 71
167 73
167 75
167 76
167 78
167 79
167 80
167 83
167 84
167 85
167 88
167 89
167 91
167 93
167 95
167 96
167 97
167 101
167 102
167 103
167 104
167 106
167 108
167 112
167 118
167 120
167 121
167 122
167 124
167 125
167 126
167 129
167 135
167 136
167 137
167 140
167 141
167 144
167 148
167 152
167 154
167 156
167 159
167 160
167 161
167 162
167 163
167 164
167 166
168 0
168 1
168 2
168 3
168 4
168 5
168 6
168 7
168 8
168 9
168 10
168 11
168 12
168 13
168 14
168 15
168 16
168 17
168 18
168 19
168 20
168 21
168 22
168 24
168 26
168 27
168 28
168 29
168 30
168 31
168 32
168 33
168 34
168 35
168 36
168 37
168 38
168 39
168 40
168 41
168 42
168 43
168 44
168 46
168 47
168 48
168 49
168 50
168 51
168 52
168 53
168 54
168 55
168 56
168 57
168 58
168 59
168 61
168 62
168 63
168 65
168 68
168 69
168 71
168 73
168 75
168 76
168 77
168 78
168 79
168 80
168 83
168 84
168 85
168 86
168 88
168 90
168 91
168 93
168 95
168 96
168 97
168 99
168 100
168 101
168 102
168 103
168 104
168 105
168 106
168 108
168 111
168 112
168 115
168 116
168 119
168 120
168 121
168 122
168 124
168 125
168 126
168 127
168 129
168 131
168 132
168 135
168 136
168 137
168 138
168 141
168 143
168 144
168 147
168 148
168 152
168 154
168 156
168 157
168 159
168 161
168 162
168 163
168 164
168 165
168 166
168 167
169 101
170 0
170 1
170 2
170 3
170 4
170 5
170 6
170 7
170 8
170 9
170 10
170 11
170 12
170 13
170 14
170 15
170 16
170 17
170 18
170 19
170 20
170 21
170 22
170 23
170 24
170 25
170 26
170 27
170 28
170 29
170 30
170 31
170 32
170 33
170 34
170 35
170 36
170 37
170 38
170 39
170 40
170 41
170 42
170 43
170 44
170 45
170 46
170 47
170 48
170 49
170 50
170 51
170 52
170 53
170 54
170 55
170 56
170 57
170 59
170 61
170 62
170 63
170 65
170 66
170 68
170 69
170 71
170 72
170 73
170 75
170 76
170 77
170 78
170 79
170 80
170 84
170 85
170 86
170 88
170 91
170 93
170 96
170 97
170 98
170 102
170 103
170 104
170 105
170 106
170 108
170 109
170 112
170 113
170 118
170 119
170 120
170 121
170 122
170 124
170 125
170 126
170 129
170 131
170 132
170 134
170 135
170 136
170 137
170 141
170 143
170 144
170 148
170 149
170 152
170 154
170 157
170 159
170 161
170 162
170 163
170 164
170 166
170 167
170 168
171 0
171 1
171 2
171 3
171 4
171 5
171 6
171 7
171 8
171 9
171 10
171 11
171 12
171 13
171 14
171 15
171 16
171 17
171 18
171 19
171 20
171 21
171 22
171 23
171 24
171 25
171 26
171 27
171 28
171 30
171 31
171 32
171 33
171 34
171 35
171 36
171 37
171 38
171 39
171 40
171 41
171 42
171 43
171 44
171 46
171 47
171 48
171 49
171 50
171 51
171 52
171 53
171 54
171 55
171 56
171 57
171 59
171 61
171 62
171 63
171 65
171 69
171 71
171 73
171 75
171 76
171 78
171 79
171 80
171 83
171 84
171 86
171 88
171 89
171 90
171 91
171 92
171 93
171 96
171 97
171 98
171 100
171 102
171 103
171 104
171 106
171 108
171 112
171 114
171 118
171 120
171 121
171 122
171 124
171 125
171 126
171 127
171 129
171 135
171 136
171 137
171 141
171 142
171 144
171 148
171 152
171 154
171 158
171 159
171 161
171 162
171 163
171 164
171 165
171 166
171 167
171 168
171 170
172 0
172 1
172 2
172 3
172 4
172 5
172 6
172 7
172 8
172 9
172 10
172 11
172 12
172 13
172 14
172 15
172 16
172 17
172 18
172 19
172 20
172 21
172 22
172 23
172 24
172 25
172 27
172 28
172 29
172 30
172 31
172 32
172 33
172 34
172 35
172 36
172 37
172 38
172 39
172 40
172 41
172 42
172 43
172 44
172 45
172 47
172 48
172 49
172 50
172 51
172 52
172 53
172 54
172 56
172 57
172 59
172 61
172 62
172 63
172 65
172 68
172 69
172 71
172 75
172 76
172 78
172 79
172 83
172 84
172 85
172 88
172 91
172 93
172 96
172 97
172 98
172 100
172 101
172 102
172 103
172 104
172 106
172 107
172 108
172 112
172 114
172 115
172 116
172 120
172 121
172 122
172 123
172 124
172 125
172 126
172 129
172 131
172 132
172 135
172 136
172 137
172 140
172 141
172 142
172 144
172 148
172 152
172 154
172 155
172 156
172 159
172 160
172 161
172 162
172 163
172 164
172 165
172 166
172 167
172 168
172 170
172 171
173 0
173 19
173 22
173 36
173 39
173 45
173 96
173 105
173 120
173 148
173 160
173 171
174 0
174 1
174 2
174 3
174 4
174 5
174 6
174 7
174 8
174 9
174 10
174 11
174 12
174 13
174 14
174 15
174 16
174 17
174 18
174 19
174 20
174 21
174 22
174 23
174 24
174 25
174 26
174 27
174 28
174 30
174 31
174 32
174 33
174 34
174 35
174 36
174 37
174 38
174 39
174 40
174 41
174 42
174 43
174 45
174 46
174 47
174 48
174 49
174 50
174 51
174 52
174 53
174 54
174 55
174 56
174 57
174 59
174 61
174 63
174 65
174 66
174 69
174 71
174 73
174 75
174 76
174 78
174 79
174 80
174 84
174 85
174 86
174 87
174 88
174 89
174 91
174 93
174 96
174 97
174 98
174 101
174 102
174 103
174 104
174 106
174 108
174 109
174 112
174 113
174 117
174 118
174 119
174 120
174 121
174 122
174 124
174 125
174 126
174 127
174 128
174 129
174 132
174 135
174 136
174 137
174 138
174 139
174 140
174 141
174 144
174 148
174 152
174 154
174 157
174 159
174 161
174 162
174 163
174 164
174 165
174 166
174 167
174 168
174 169
174 170
174 171
174 172
174 173
175 100
175 148
175 160
176 0
176 1
176 2
176 3
176 4
176 5
176 6
176 7
176 8
176 9
176 10
176 11
176 12
176 13
176 14
176 15
176 16
176 17
176 18
176 19
176 20
176 21
176 22
176 23
176 24
176 25
176 26
176 27
176 28
176 29
176 30
176 31
176 32
176 33
176 34
176 35
176 37
176 38
176 39
176 40
176 41
176 42
176 43
176 45
176 46
176 47
176 49
176 50
176 51
176 52
176 53
176 54
176 55
176 56
176 57
176 59
176 61
176 63
176 65
176 66
176 67
176 69
176 70
176 71
176 72
176 75
176 76
176 77
176 78
176 79
176 80
176 83
176 84
176 85
176 87
176 88
176 91
176 92
176 93
176 96
176 97
176 102
176 103
176 104
176 105
176 106
176 108
176 109
176 112
176 113
176 117
176 118
176 120
176 121
176 122
176 123
176 124
176 125
176 126
176 128
176 129
176 131
176 134
176 135
176 136
176 137
176 138
176 139
176 141
176 142
176 143
176 144
176 146
176 147
176 148
176 149
176 150
176 152
176 154
176 158
176 159
176 160
176 161
176 162
176 163
176 164
176 166
176 167
176 168
176 170
176 171
176 172
176 173
176 174
177 96
178 0
178 1
178 2
178 3
178 4
178 5
178 6
178 7
178 8
178 9
178 10
178 11
178 12
178 13
178 14
178 15
178 16
178 17
178 18
178 19
178 20
178 21
178 22
178 23
178 24
178 25
178 27
178 28
178 29
178 30
178 31
178 32
178 33
178 34
178 35
178 36
178 37
178 38
178 39
178 40
178 41
178 42
178 43
178 44
178 45
178 47
178 48
178 49
178 50
178 51
178 52
178 53
178 54
178 55
178 56
178 57
178 59
178 61
178 62
178 63
178 65
178 67
178 68
178 69
178 71
178 73
178 75
178 76
178 77
178 78
178 79
178 80
178 81
178 83
178 84
178 85
178 87
178 88
178 89
178 91
178 92
178 93
178 96
178 97
178 98
178 102
178 103
178 104
178 106
178 108
178 112
178 119
178 120
178 121
178 122
178 123
178 124
178 125
178 126
178 129
178 132
178 134
178 135
178 136
178 137
178 141
178 143
178 144
178 148
178 152
178 154
178 157
178 159
178 161
178 162
178 163
178 164
178 165
178 166
178 167
178 168
178 170
178 171
178 172
178 173
178 174
178 176
178 177
179 0
179 1
179 2
179 3
179 4
179 5
179 6
179 7
179 8
179 9
179 10
179 11
179 12
179 13
179 14
179 15
179 16
179 17
179 18
179 19
179 20
179 21
179 22
179 24
179 25
179 26
179 27
179 28
179 29
179 30
179 31
179 33
179 35
179 36
179 37
179 38
179 39
179 40
179 41
179 42
179 43
179 44
179 45
179 46
179 49
179 50
179 52
179 53
179 54
179 56
179 59
179 62
179 63
179 65
179 66
179 67
179 68
179 69
179 71
179 75
179 76
179 79
179 81
179 84
179 85
179 86
179 88
179 91
179 93
179 96
179 97
179 99
179 102
179 103
179 104
179 105
179 106
179 108
179 112
179 114
179 120
179 121
179 122
179 124
179 125
179 126
179 128
179 129
179 131
179 135
179 136
179 137
179 141
179 143
179 144
179 148
179 152
179 154
179 156
179 159
179 160
179 161
179 162
179 163
179 164
179 165
179 166
179 167
179 168
179 170
179 171
179 172
179 173
179 174
179 176
179 177
179 178
180 106
180 154
181 0
181 1
181 2
181 3
181 4
181 5
181 6
181 7
181 8
181 9
181 10
181 11
181 12
181 13
181 14
181 15
181 16
181 17
181 18
181 19
181 20
181 21
181 22
181 24
181 25
181 26
181 27
181 28
181 31
181 33
181 34
181 35
181 36
181 37
181 38
181 39
181 40
181 41
181 42
181 43
181 44
181 45
181 48
181 49
181 51
181 53
181 54
181 56
181 57
181 59
181 61
181 62
181 63
181 65
181 67
181 68
181 69
181 70
181 71
181 72
181 73
181 75
181 76
181 77
181 78
181 79
181 84
181 87
181 88
181 89
181 91
181 92
181 93
181 96
181 97
181 98
181 100
181 102
181 103
181 104
181 105
181 106
181 108
181 109
181 112
181 120
181 121
181 122
181 123
181 124
181 125
181 126
181 129
181 131
181 132
181 134
181 135
181 136
181 137
181 141
181 142
181 144
181 148
181 152
181 154
181 156
181 159
181 160
181 161
181 162
181 163
181 164
181 165
181 166
181 167
181 168
181 170
181 171
181 172
181 173
181 174
181 175
181 176
181 177
181 178
181 179
182 179
183 65
183 96
183 132
184 0
184 1
184 2
184 3
184 4
184 5
184 6
184 7
184 8
184 9
184 10
184 11
184 12
184 13
184 14
184 15
184 16
184 17
184 18
184 19
184 20
184 21
184 22
184 24
184 26
184 27
184 28
184 29
184 30
184 31
184 32
184 33
184 34
184 35
184 36
184 37
184 38
184 39
184 40
184 41
184 42
184 44
184 46
184 47
184 48
184 49
184 50
184 51
184 52
184 53
184 54
184 55
184 56
184 57
184 59
184 61
184 62
184 63
184 65
184 68
184 69
184 71
184 72
184 73
184 75
184 78
184 79
184 80
184 83
184 84
184 85
184 86
184 88
184 89
184 91
184 93
184 96
184 97
184 99
184 100
184 102
184 103
184 104
184 105
184 106
184 108
184 112
184 117
184 120
184 121
184 122
184 123
184 124
184 125
184 126
184 128
184 129
184 131
184 132
184 134
184 135
184 136
184 137
184 138
184 141
184 142
184 144
184 148
184 151
184 152
184 154
184 159
184 160
184 161
184 162
184 163
184 164
184 166
184 167
184 168
184 170
184 171
184 172
184 173
184 174
184 175
184 176
184 178
184 179
184 181
185 126
186 149
187 42
187 179
188 50
188 131
188 164
188 184
189 9
189 159
190 135
191 0
191 1
191 4
192 45
193 110
194 183
195 44
196 0
196 1
196 2
196 3
196 4
196 5
196 6
196 7
196 8
196 9
196 10
196 11
196 12
196 13
196 14
196 15
196 16
196 17
196 18
196 19
196 20
196 21
196 22
196 23
196 24
196 25
196 26
196 27
196 28
196 29
196 30
196 31
196 32
196 33
196 34
196 35
196 36
196 37
196 38
196 39
196 40
196 41
196 42
196 43
196 44
196 45
196 46
196 48
196 49
196 51
196 52
196 53
196 54
196 55
196 56
196 57
196 59
196 61
196 62
196 63
196 65
196 67
196 69
196 71
196 72
196 73
196 75
196 76
196 77
196 78
196 79
196 81
196 83
196 84
196 85
196 86
196 87
196 88
196 91
196 92
196 93
196 95
196 96
196 97
196 100
196 101
196 102
196 103
196 104
196 105
196 106
196 108
196 111
196 112
196 113
196 114
196 118
196 120
196 121
196 122
196 123
196 124
196 125
196 126
196 127
196 128
196 129
196 131
196 132
196 134
196 135
196 136
196 137
196 138
196 140
196 141
196 144
196 147
196 148
196 149
196 152
196 154
196 157
196 159
196 161
196 162
196 163
196 164
196 165
196 166
196 167
196 168
196 170
196 171
196 172
196 174
196 176
196 178
196 179
196 181
196 184
196 188
196 189
197 0
197 1
197 2
197 3
197 4
197 5
197 6
197 7
197 8
197 9
197 10
197 11
197 12
197 13
197 14
197 15
197 16
197 17
197 18
197 19
197 20
197 21
197 22
197 23
197 24
197 25
197 26
197 27
197 28
197 29
197 30
197 31
197 32
197 33
197 34
197 35
197 36
197 37
197 38
197 39
197 40
197 41
197 42
197 43
197 44
197 45
197 46
197 47
197 48
197 49
197 50
197 51
197 52
197 53
197 54
197 55
197 56
197 57
197 59
197 61
197 62
197 63
197 65
197 68
197 69
197 71
197 72
197 73
197 75
197 76
197 77
197 78
197 79
197 80
197 81
197 83
197 84
197 85
197 88
197 89
197 91
197 93
197 96
197 97
197 98
197 99
197 101
197 102
197 103
197 104
197 105
197 106
197 108
197 112
197 114
197 118
197 119
197 120
197 121
197 122
197 124
197 125
197 126
197 129
197 131
197 134
197 135
197 136
197 137
197 141
197 143
197 144
197 145
197 146
197 148
197 152
197 154
197 156
197 157
197 158
197 159
197 160
197 161
197 162
197 163
197 164
197 165
197 166
197 167
197 168
197 170
197 171
197 172
197 173
197 174
197 175
197 176
197 178
197 179
197 181
197 184
197 185
197 188
197 190
197 192
197 195
197 196
198 120
198 171
198 173
199 0
199 1
199 2
199 3
199 4
199 6
199 10
199 11
199 12
199 19
199 27
199 35
199 39
199 54
199 59
199 97
199 129
199 167
199 184
