1 0
2 0
2 1
3 0
3 1
3 2
4 1
5 3
6 0
6 1
6 4
7 0
8 4
8 6
9 3
9 5
10 0
10 4
10 6
10 8
11 0
11 1
11 2
11 3
11 4
11 6
11 7
11 8
11 10
12 10
13 0
13 1
13 2
13 3
13 4
13 6
13 7
13 10
13 11
14 11
14 13
15 1
15 4
16 0
16 1
16 4
16 6
16 8
16 10
16 11
17 0
17 1
17 6
17 11
17 13
18 12
19 1
19 2
19 3
19 5
19 9
19 13
20 19
21 0
21 1
22 16
23 12
24 0
24 1
24 2
24 3
24 4
24 6
24 7
24 8
24 10
24 11
24 12
24 13
24 15
24 16
24 17
24 19
24 21
25 0
26 2
27 0
27 10
27 13
28 0
29 0
29 1
29 2
29 3
29 5
29 8
29 9
29 11
29 13
29 16
29 19
29 21
29 24
30 28
31 28
31 30
32 0
32 1
32 4
32 7
32 11
32 13
32 14
32 24
33 27
34 4
34 6
34 8
34 29
34 32
35 0
35 1
35 2
35 3
35 16
35 22
36 0
36 1
36 2
36 3
36 4
36 15
36 17
37 2
38 4
38 6
38 8
39 23
40 27
40 33
41 0
41 1
41 2
41 3
41 4
41 6
41 7
41 8
41 9
41 10
41 11
41 13
41 14
41 16
41 17
41 19
41 21
41 22
41 27
41 32
41 35
41 36
41 37
41 38
42 23
42 39
43 0
43 1
43 2
43 3
43 4
43 5
43 6
43 7
43 8
43 9
43 10
43 11
43 13
43 14
43 15
43 16
43 17
43 19
43 22
43 24
43 28
43 29
43 30
43 31
43 32
43 34
43 35
43 36
43 38
43 41
44 0
44 1
44 2
44 3
44 4
44 5
44 6
44 8
44 9
44 10
44 11
44 13
44 15
44 16
44 17
44 19
44 22
44 24
44 29
44 32
44 34
44 35
44 36
44 37
44 38
44 41
44 43
45 0
45 25
45 43
46 6
47 1
47 4
47 6
47 8
47 16
47 17
47 38
47 41
48 0
48 1
48 2
48 3
48 16
48 21
48 22
48 35
48 44
49 0
49 1
49 2
49 3
49 4
49 6
49 7
49 8
49 10
49 11
49 13
49 16
49 17
49 19
49 21
49 22
49 24
49 25
49 29
49 35
49 36
49 37
49 38
49 41
49 43
49 44
49 45
49 47
49 48
50 39
50 42
51 2
51 5
51 16
51 29
51 34
51 36
51 37
51 41
51 43
51 44
52 1
52 4
52 34
53 0
53 1
53 2
53 3
53 4
53 5
53 6
53 7
53 8
53 9
53 10
53 11
53 12
53 13
53 15
53 16
53 17
53 19
53 22
53 23
53 24
53 27
53 28
53 29
53 32
53 34
53 35
53 36
53 37
53 38
53 41
53 43
53 44
53 47
53 48
53 49
53 51
54 23
55 2
55 22
55 28
55 35
55 37
55 41
55 43
55 44
55 47
55 48
55 49
55 51
55 53
56 1
56 4
57 0
57 1
57 4
57 6
57 8
57 16
57 29
57 49
57 55
58 27
59 41
60 13
60 14
61 0
61 1
61 2
61 3
61 4
61 6
61 7
61 8
61 10
61 11
61 12
61 13
61 14
61 15
61 16
61 17
61 18
61 19
61 22
61 23
61 24
61 27
61 29
61 32
61 33
61 35
61 36
61 37
61 38
61 39
61 41
61 42
61 43
61 44
61 45
61 47
61 48
61 49
61 50
61 51
61 53
61 55
61 57
61 60
62 35
63 52
64 37
65 29
66 0
66 1
66 4
66 5
66 11
66 13
66 43
66 45
66 49
67 23
67 39
67 42
67 50
67 54
67 61
68 10
68 12
68 14
68 22
68 23
68 39
68 42
68 50
68 54
68 60
68 61
68 67
69 0
69 3
69 5
69 7
69 24
69 41
69 43
69 45
69 51
70 62
71 0
71 1
71 4
71 6
72 8
73 21
74 8
74 61
75 0
75 25
76 4
77 0
77 10
77 13
77 27
77 28
77 30
77 33
77 38
77 40
77 43
77 53
77 58
77 61
78 1
79 58
80 28
80 30
80 31
81 0
81 1
81 2
81 3
81 4
81 5
81 6
81 7
81 8
81 9
81 10
81 11
81 12
81 13
81 14
81 15
81 16
81 17
81 18
81 19
81 21
81 22
81 23
81 24
81 25
81 27
81 28
81 29
81 32
81 34
81 35
81 36
81 37
81 38
81 39
81 41
81 42
81 43
81 44
81 45
81 46
81 47
81 48
81 49
81 50
81 51
81 53
81 54
81 55
81 57
81 61
81 62
81 64
81 65
81 67
81 68
81 69
81 70
81 75
81 77
82 0
82 1
82 2
82 3
82 4
82 5
82 6
82 7
82 8
82 9
82 10
82 11
82 12
82 13
82 14
82 16
82 17
82 18
82 19
82 20
82 21
82 22
82 23
82 24
82 26
82 27
82 29
82 32
82 34
82 35
82 36
82 37
82 39
82 41
82 42
82 43
82 44
82 45
82 47
82 48
82 49
82 51
82 52
82 53
82 55
82 57
82 59
82 60
82 61
82 63
82 64
82 66
82 68
82 69
82 73
82 81
83 35
83 48
84 41
84 81
84 82
85 9
86 37
86 64
86 81
87 1
87 4
87 56
88 0
88 1
88 2
88 3
88 4
88 6
88 7
88 8
88 9
88 10
88 11
88 12
88 13
88 15
88 16
88 17
88 19
88 21
88 22
88 24
88 27
88 28
88 29
88 30
88 32
88 34
88 35
88 36
88 38
88 41
88 42
88 43
88 44
88 49
88 51
88 52
88 53
88 55
88 57
88 61
88 69
88 73
88 77
88 78
88 81
88 82
88 84
88 85
89 0
89 1
89 2
89 4
89 6
89 8
89 34
89 37
89 46
89 64
89 71
89 81
89 82
89 84
89 86
89 88
90 0
90 1
90 2
90 3
90 6
90 8
90 17
90 24
90 25
90 29
90 34
90 41
90 43
90 44
90 45
90 47
90 48
90 52
90 53
90 55
90 61
90 63
90 66
90 69
90 74
90 81
90 82
90 84
90 88
90 89
91 54
92 12
92 23
93 76
94 47
95 0
95 2
95 12
95 13
95 23
95 27
95 82
95 90
95 92
96 55
96 88
97 0
97 1
97 2
97 3
97 4
97 5
97 6
97 7
97 8
97 9
97 10
97 11
97 12
97 13
97 15
97 16
97 19
97 20
97 23
97 24
97 26
97 27
97 29
97 33
97 34
97 35
97 38
97 39
97 41
97 43
97 44
97 45
97 47
97 48
97 49
97 51
97 52
97 53
97 55
97 57
97 61
97 65
97 66
97 67
97 68
97 69
97 71
97 74
97 77
97 81
97 82
97 84
97 88
97 89
97 90
97 94
97 95
97 96
98 6
98 7
98 13
98 69
98 97
99 98
