1 0
2 0
2 1
3 0
4 3
5 0
5 1
5 2
6 3
6 4
7 0
7 1
7 2
7 3
7 5
8 2
9 3
9 4
9 6
10 0
10 1
10 2
10 3
10 7
11 2
12 0
12 1
12 2
12 3
12 4
12 5
12 7
12 8
12 10
13 4
14 10
15 7
16 0
16 3
16 4
16 5
16 6
16 7
16 9
16 10
16 12
17 9
17 12
17 16
18 1
18 2
19 9
19 12
19 16
19 17
20 19
21 0
21 1
21 2
21 3
21 4
21 5
21 6
21 7
21 8
21 9
21 10
21 12
21 13
21 14
21 15
21 16
22 0
22 1
22 3
22 4
22 6
22 9
22 12
22 19
22 20
22 21
23 10
24 0
24 1
24 2
25 0
25 1
25 2
25 3
25 4
25 5
25 6
25 7
25 9
25 10
25 12
25 13
25 14
25 16
25 17
25 19
25 20
25 21
25 22
25 23
26 1
26 2
26 10
26 21
26 22
26 23
26 25
27 10
27 14
28 8
29 1
29 18
30 0
30 1
30 2
30 3
30 4
30 5
30 6
30 7
30 9
30 10
30 13
30 21
30 22
30 25
30 26
31 0
31 3
31 4
31 24
32 30
33 3
33 4
33 7
33 9
33 15
33 16
33 21
34 20
35 28
36 0
36 1
36 2
36 3
36 4
36 5
36 6
36 7
36 9
36 10
36 12
36 13
36 15
36 16
36 21
36 22
36 24
36 25
36 26
36 30
36 31
36 32
37 27
38 0
38 1
38 2
38 5
38 10
38 11
38 12
38 20
38 24
38 25
38 26
38 36
39 0
40 3
41 32
42 35
43 3
44 0
44 1
44 2
44 3
44 5
44 6
44 8
44 9
44 10
44 12
44 16
44 17
44 19
44 20
44 21
44 22
44 23
44 25
44 26
44 30
44 31
44 32
44 33
44 36
44 38
44 39
45 0
45 1
45 2
45 3
45 4
45 5
45 6
45 7
45 8
45 9
45 10
45 12
45 14
45 15
45 16
45 17
45 19
45 20
45 21
45 22
45 24
45 25
45 26
45 28
45 30
45 31
45 33
45 36
45 38
45 44
46 0
46 3
46 16
46 25
47 0
47 1
47 2
47 3
47 4
47 5
47 6
47 7
47 8
47 9
47 10
47 11
47 12
47 13
47 14
47 15
47 16
47 17
47 18
47 19
47 20
47 21
47 22
47 23
47 24
47 25
47 26
47 27
47 30
47 31
47 32
47 33
47 36
47 38
47 44
47 45
48 10
48 23
48 25
48 27
48 38
48 47
49 0
49 1
49 2
49 11
49 18
50 0
50 1
50 2
50 3
50 4
50 5
50 6
50 7
50 9
50 10
50 12
50 13
50 14
50 15
50 16
50 17
50 18
50 19
50 21
50 22
50 23
50 24
50 25
50 26
50 27
50 29
50 33
50 36
50 37
50 38
50 43
50 44
50 45
50 47
50 48
50 49
51 0
51 10
51 14
52 10
52 23
53 31
54 5
54 6
54 13
54 21
54 22
54 30
54 44
54 50
55 0
55 1
55 2
55 3
55 4
55 5
55 6
55 7
55 9
55 10
55 11
55 12
55 13
55 14
55 16
55 17
55 19
55 20
55 21
55 22
55 24
55 25
55 26
55 30
55 31
55 36
55 38
55 44
55 45
55 47
55 48
55 50
55 51
55 54
56 1
56 10
56 23
56 47
56 50
56 52
56 54
57 49
58 0
58 1
58 2
58 3
58 4
58 5
58 6
58 7
58 8
58 9
58 10
58 11
58 12
58 13
58 14
58 15
58 16
58 17
58 19
58 20
58 21
58 22
58 23
58 24
58 25
58 26
58 27
58 30
58 31
58 32
58 33
58 36
58 38
58 44
58 45
58 47
58 48
58 50
58 51
58 54
58 55
58 56
59 12
60 56
61 0
61 1
61 2
61 3
61 4
61 7
61 8
61 10
61 15
61 31
61 36
61 44
61 45
61 47
61 50
61 55
61 58
62 0
62 1
62 2
62 3
62 4
62 5
62 6
62 7
62 8
62 9
62 10
62 12
62 14
62 16
62 18
62 20
62 21
62 22
62 23
62 25
62 26
62 27
62 28
62 30
62 32
62 33
62 35
62 36
62 38
62 42
62 44
62 45
62 47
62 48
62 50
62 51
62 52
62 54
62 55
62 56
62 58
62 61
63 34
64 59
65 33
66 24
67 0
67 1
67 3
67 4
67 5
67 6
67 7
67 10
67 14
67 15
67 19
67 21
67 22
67 23
67 24
67 25
67 31
67 33
67 38
67 43
67 44
67 45
67 47
67 50
67 51
67 55
67 58
67 61
67 62
68 0
68 1
68 2
68 3
68 4
68 5
68 6
68 7
68 9
68 10
68 12
68 16
68 17
68 18
68 19
68 20
68 21
68 22
68 23
68 24
68 25
68 26
68 29
68 30
68 31
68 33
68 36
68 38
68 44
68 45
68 47
68 48
68 50
68 52
68 54
68 55
68 56
68 58
68 59
68 61
68 62
68 64
68 65
68 67
69 38
70 1
70 12
70 36
70 38
71 0
71 1
71 2
71 5
71 11
71 18
71 29
71 31
71 43
71 47
71 48
71 49
71 50
71 55
71 57
71 62
71 67
71 68
72 0
72 3
72 4
72 43
72 50
72 55
72 67
72 71
73 0
73 1
73 2
73 3
73 4
73 5
73 6
73 7
73 8
73 9
73 10
73 11
73 12
73 13
73 14
73 15
73 16
73 17
73 19
73 20
73 21
73 22
73 23
73 24
73 25
73 26
73 27
73 28
73 29
73 30
73 31
73 33
73 34
73 36
73 37
73 38
73 43
73 44
73 45
73 47
73 48
73 50
73 52
73 54
73 55
73 56
73 58
73 60
73 61
73 62
73 65
73 66
73 67
73 68
73 70
73 71
73 72
74 23
74 52
74 62
75 2
76 3
76 4
76 5
76 6
76 7
76 10
76 14
76 16
76 27
77 61
78 62
79 59
79 64
79 68
80 6
81 20
81 34
81 63
81 73
82 31
83 42
84 24
85 0
85 1
85 2
85 3
85 4
85 5
85 6
85 7
85 9
85 10
85 11
85 12
85 13
85 14
85 15
85 16
85 17
85 19
85 20
85 21
85 22
85 23
85 24
85 25
85 26
85 30
85 32
85 33
85 34
85 36
85 38
85 44
85 45
85 46
85 47
85 48
85 50
85 52
85 54
85 55
85 56
85 58
85 60
85 61
85 62
85 65
85 66
85 67
85 68
85 70
85 71
85 73
85 76
85 79
86 10
87 62
87 74
87 85
88 54
89 12
89 19
89 20
89 44
90 20
90 34
91 3
91 4
92 0
92 1
92 2
92 3
92 4
92 5
92 6
92 7
92 9
92 10
92 11
92 12
92 13
92 14
92 15
92 16
92 17
92 19
92 21
92 22
92 24
92 25
92 26
92 29
92 33
92 44
92 45
92 46
92 47
92 48
92 50
92 54
92 55
92 58
92 61
92 67
92 68
92 72
92 73
92 76
92 77
92 85
93 0
93 1
93 2
93 3
93 4
93 5
93 6
93 7
93 9
93 10
93 11
93 12
93 13
93 14
93 16
93 17
93 19
93 21
93 22
93 23
93 25
93 26
93 30
93 33
93 34
93 35
93 36
93 38
93 42
93 44
93 46
93 47
93 50
93 51
93 52
93 54
93 55
93 56
93 62
93 65
93 67
93 68
93 70
93 73
93 74
93 81
93 85
93 87
93 88
93 90
93 92
94 0
94 1
94 2
94 3
94 4
94 5
94 6
94 7
94 8
94 9
94 10
94 11
94 12
94 13
94 14
94 15
94 16
94 17
94 18
94 19
94 20
94 21
94 22
94 23
94 24
94 25
94 26
94 27
94 28
94 29
94 30
94 31
94 33
94 35
94 36
94 38
94 43
94 44
94 45
94 46
94 47
94 48
94 49
94 50
94 51
94 54
94 55
94 56
94 58
94 59
94 61
94 62
94 64
94 65
94 66
94 67
94 68
94 71
94 72
94 73
94 76
94 77
94 85
94 88
94 89
94 92
94 93
95 3
95 43
95 67
95 73
96 43
97 78
98 79
98 85
99 0
99 1
99 2
99 3
99 4
99 5
99 6
99 7
99 9
99 10
99 12
99 14
99 15
99 16
99 17
99 19
99 20
99 21
99 22
99 23
99 24
99 25
99 26
99 27
99 30
99 31
99 32
99 33
99 36
99 38
99 43
99 44
99 45
99 47
99 48
99 49
99 50
99 51
99 52
99 54
99 55
99 56
99 58
99 59
99 61
99 62
99 65
99 67
99 68
99 70
99 71
99 72
99 73
99 76
99 79
99 85
99 90
99 92
99 93
99 94
99 95
99 98
100 0
100 1
100 2
100 5
100 18
100 26
100 30
100 50
100 54
100 56
100 60
100 73
101 0
101 1
101 2
101 3
101 4
101 5
101 6
101 7
101 8
101 9
101 10
101 11
101 12
101 13
101 14
101 15
101 16
101 17
101 18
101 19
101 20
101 21
101 23
101 24
101 25
101 26
101 27
101 29
101 30
101 31
101 32
101 33
101 34
101 36
101 37
101 38
101 41
101 43
101 44
101 45
101 46
101 47
101 48
101 49
101 50
101 51
101 52
101 53
101 54
101 55
101 56
101 58
101 60
101 61
101 62
101 63
101 65
101 67
101 68
101 71
101 72
101 73
101 81
101 85
101 90
101 92
101 93
101 94
101 95
101 99
101 100
102 70
102 87
102 93
102 99
103 6
104 0
104 1
104 2
104 3
104 4
104 5
104 7
104 8
104 9
104 10
104 11
104 12
104 13
104 14
104 16
104 17
104 18
104 19
104 20
104 21
104 22
104 23
104 24
104 25
104 26
104 27
104 29
104 30
104 32
104 33
104 36
104 38
104 43
104 44
104 45
104 47
104 48
104 49
104 50
104 51
104 52
104 54
104 55
104 56
104 57
104 58
104 61
104 62
104 67
104 68
104 71
104 72
104 73
104 74
104 76
104 77
104 85
104 87
104 91
104 92
104 93
104 94
104 99
104 100
104 101
105 37
106 0
106 1
106 2
106 3
106 4
106 5
106 6
106 7
106 8
106 9
106 10
106 12
106 13
106 14
106 15
106 16
106 18
106 19
106 20
106 21
106 22
106 23
106 24
106 25
106 26
106 27
106 30
106 31
106 33
106 34
106 36
106 37
106 38
106 43
106 44
106 45
106 46
106 47
106 48
106 50
106 53
106 54
106 55
106 58
106 61
106 62
106 63
106 65
106 67
106 68
106 70
106 71
106 72
106 73
106 76
106 77
106 85
106 87
106 90
106 92
106 93
106 94
106 98
106 99
106 101
106 102
106 104
106 105
107 29
108 0
108 7
108 25
108 61
108 67
108 73
108 85
108 95
108 98
108 99
109 58
110 37
111 27
111 37
112 0
112 1
112 2
112 3
112 4
112 5
112 6
112 7
112 8
112 10
112 12
112 14
112 15
112 16
112 17
112 18
112 20
112 21
112 22
112 23
112 24
112 25
112 26
112 27
112 30
112 32
112 33
112 36
112 38
112 41
112 44
112 46
112 47
112 48
112 49
112 50
112 52
112 54
112 55
112 56
112 57
112 58
112 60
112 61
112 62
112 66
112 67
112 68
112 71
112 72
112 73
112 74
112 76
112 85
112 87
112 92
112 93
112 94
112 99
112 100
112 101
112 102
112 104
112 106
112 108
112 109
112 111
113 4
114 24
115 40
116 0
116 1
116 2
116 3
116 4
116 5
116 6
116 7
116 8
116 9
116 10
116 12
116 13
116 14
116 15
116 16
116 18
116 19
116 20
116 21
116 22
116 23
116 24
116 25
116 26
116 27
116 28
116 29
116 31
116 33
116 36
116 37
116 38
116 41
116 44
116 45
116 46
116 47
116 48
116 50
116 51
116 52
116 55
116 58
116 59
116 61
116 62
116 64
116 66
116 67
116 68
116 70
116 71
116 73
116 74
116 76
116 77
116 79
116 85
116 87
116 89
116 90
116 92
116 93
116 94
116 98
116 99
116 101
116 102
116 104
116 105
116 106
116 109
116 111
116 112
117 65
118 76
119 18
120 0
120 1
120 2
120 3
120 4
120 5
120 6
120 7
120 8
120 9
120 10
120 11
120 12
120 13
120 14
120 16
120 17
120 18
120 19
120 20
120 21
120 22
120 23
120 24
120 25
120 26
120 27
120 28
120 30
120 31
120 33
120 34
120 36
120 37
120 38
120 42
120 43
120 44
120 45
120 46
120 47
120 48
120 50
120 51
120 52
120 54
120 55
120 56
120 58
120 59
120 60
120 62
120 64
120 67
120 68
120 71
120 73
120 74
120 76
120 79
120 81
120 83
120 85
120 87
120 90
120 92
120 93
120 94
120 95
120 98
120 99
120 100
120 101
120 102
120 104
120 106
120 108
120 112
120 116
120 119
121 83
121 120
122 0
122 1
122 2
122 3
122 4
122 5
122 6
122 7
122 8
122 9
122 10
122 15
122 16
122 17
122 18
122 19
122 20
122 21
122 22
122 24
122 25
122 26
122 29
122 30
122 32
122 33
122 34
122 36
122 41
122 43
122 44
122 45
122 46
122 47
122 49
122 50
122 52
122 54
122 55
122 56
122 57
122 58
122 59
122 60
122 61
122 62
122 64
122 65
122 66
122 67
122 68
122 71
122 73
122 74
122 77
122 79
122 81
122 83
122 85
122 87
122 89
122 90
122 92
122 93
122 94
122 98
122 99
122 100
122 101
122 102
122 104
122 106
122 108
122 109
122 112
122 116
122 117
122 120
122 121
123 9
123 25
124 0
124 3
124 25
125 41
126 0
126 3
126 4
126 104
126 113
127 54
128 68
129 3
129 4
129 6
130 56
131 0
131 1
131 2
131 3
131 4
131 10
131 38
131 68
131 79
131 113
131 126
132 131
133 0
133 1
133 2
133 3
133 4
133 5
133 6
133 7
133 8
133 9
133 10
133 11
133 12
133 13
133 14
133 15
133 16
133 17
133 18
133 19
133 20
133 21
133 22
133 23
133 24
133 25
133 26
133 27
133 28
133 29
133 30
133 31
133 33
133 34
133 35
133 36
133 37
133 38
133 41
133 42
133 43
133 44
133 45
133 46
133 47
133 48
133 49
133 50
133 52
133 54
133 55
133 56
133 57
133 58
133 59
133 61
133 62
133 63
133 64
133 67
133 68
133 70
133 71
133 72
133 73
133 74
133 76
133 79
133 81
133 85
133 87
133 90
133 92
133 93
133 94
133 98
133 99
133 100
133 101
133 102
133 104
133 106
133 108
133 112
133 116
133 118
133 120
133 121
133 122
133 123
133 124
133 126
133 131
133 132
134 106
135 0
135 1
135 2
135 3
135 4
135 5
135 6
135 7
135 9
135 10
135 11
135 12
135 13
135 14
135 16
135 17
135 19
135 20
135 21
135 22
135 23
135 24
135 25
135 26
135 27
135 30
135 31
135 32
135 36
135 38
135 43
135 44
135 45
135 46
135 47
135 48
135 50
135 51
135 52
135 54
135 55
135 58
135 59
135 61
135 62
135 64
135 67
135 68
135 70
135 72
135 73
135 74
135 77
135 79
135 83
135 85
135 89
135 90
135 92
135 93
135 94
135 95
135 98
135 99
135 100
135 101
135 102
135 104
135 106
135 108
135 112
135 113
135 116
135 120
135 121
135 122
135 126
135 131
135 132
135 133
136 59
137 35
137 42
138 54
139 1
139 3
139 10
139 47
139 52
139 56
139 58
140 0
140 3
140 4
140 9
140 16
140 21
140 45
140 68
140 122
141 40
141 115
142 0
142 1
142 2
142 3
142 4
142 5
142 6
142 7
142 8
142 9
142 10
142 11
142 12
142 13
142 14
142 15
142 16
142 17
142 18
142 19
142 20
142 21
142 22
142 24
142 25
142 26
142 27
142 29
142 30
142 31
142 33
142 34
142 36
142 37
142 38
142 43
142 44
142 45
142 47
142 48
142 49
142 50
142 51
142 52
142 54
142 55
142 56
142 58
142 60
142 61
142 62
142 63
142 67
142 68
142 70
142 71
142 73
142 74
142 76
142 77
142 81
142 84
142 85
142 87
142 92
142 93
142 94
142 95
142 99
142 100
142 101
142 102
142 104
142 106
142 110
142 111
142 112
142 116
142 120
142 121
142 122
142 133
142 134
142 135
143 0
143 1
143 2
143 3
143 4
143 5
143 6
143 7
143 8
143 9
143 10
143 11
143 12
143 13
143 14
143 15
143 16
143 17
143 18
143 19
143 20
143 21
143 22
143 23
143 25
143 26
143 27
143 29
143 30
143 33
143 36
143 38
143 44
143 45
143 46
143 47
143 50
143 51
143 52
143 54
143 55
143 56
143 58
143 60
143 61
143 62
143 64
143 67
143 68
143 71
143 72
143 73
143 76
143 85
143 89
143 91
143 92
143 93
143 94
143 95
143 99
143 100
143 101
143 104
143 106
143 112
143 116
143 118
143 119
143 120
143 122
143 126
143 130
143 131
143 132
143 133
143 134
143 135
143 138
143 139
143 140
143 142
144 0
144 1
144 2
144 3
144 4
144 5
144 6
144 7
144 8
144 9
144 10
144 11
144 12
144 13
144 14
144 16
144 17
144 19
144 20
144 21
144 22
144 23
144 24
144 25
144 26
144 27
144 28
144 30
144 33
144 34
144 35
144 36
144 38
144 42
144 43
144 44
144 45
144 47
144 48
144 49
144 50
144 51
144 54
144 55
144 58
144 59
144 61
144 62
144 63
144 67
144 68
144 70
144 71
144 72
144 73
144 74
144 76
144 81
144 83
144 85
144 87
144 90
144 93
144 94
144 99
144 101
144 102
144 104
144 106
144 112
144 116
144 118
144 120
144 121
144 122
144 127
144 129
144 131
144 133
144 134
144 135
144 137
144 142
144 143
145 5
146 0
146 1
146 2
146 3
146 4
146 5
146 6
146 7
146 8
146 9
146 10
146 11
146 12
146 13
146 14
146 15
146 16
146 17
146 18
146 19
146 20
146 21
146 22
146 23
146 24
146 25
146 26
146 27
146 28
146 29
146 30
146 31
146 32
146 33
146 34
146 35
146 36
146 38
146 41
146 42
146 43
146 44
146 45
146 47
146 48
146 49
146 50
146 51
146 52
146 54
146 55
146 57
146 58
146 59
146 61
146 62
146 63
146 64
146 67
146 68
146 69
146 70
146 71
146 72
146 73
146 75
146 76
146 79
146 81
146 85
146 87
146 89
146 90
146 92
146 93
146 94
146 95
146 96
146 98
146 99
146 100
146 101
146 104
146 106
146 108
146 112
146 113
146 116
146 120
146 121
146 122
146 124
146 125
146 126
146 128
146 131
146 132
146 133
146 135
146 137
146 139
146 142
146 143
146 144
147 31
148 0
148 1
148 2
148 3
148 4
148 5
148 6
148 7
148 8
148 9
148 10
148 11
148 12
148 13
148 14
148 15
148 16
148 17
148 18
148 19
148 20
148 21
148 22
148 23
148 24
148 25
148 26
148 28
148 29
148 30
148 31
148 32
148 33
148 34
148 35
148 36
148 38
148 39
148 41
148 42
148 43
148 44
148 45
148 47
148 48
148 49
148 50
148 51
148 52
148 54
148 55
148 56
148 57
148 58
148 59
148 60
148 61
148 62
148 67
148 68
148 70
148 71
148 72
148 73
148 76
148 77
148 79
148 82
148 83
148 85
148 87
148 89
148 92
148 93
148 94
148 98
148 99
148 100
148 101
148 102
148 104
148 106
148 107
148 108
148 112
148 116
148 120
148 121
148 122
148 125
148 133
148 135
148 137
148 140
148 142
148 143
148 144
148 146
149 138
149 143
150 57
151 3
152 137
152 146
153 59
154 61
155 147
156 0
156 1
156 2
156 3
156 4
156 5
156 6
156 7
156 8
156 9
156 10
156 11
156 12
156 13
156 14
156 15
156 16
156 17
156 18
156 19
156 20
156 21
156 22
156 23
156 24
156 25
156 26
156 27
156 28
156 29
156 30
156 31
156 32
156 33
156 36
156 37
156 38
156 41
156 43
156 44
156 45
156 47
156 48
156 49
156 50
156 52
156 54
156 55
156 56
156 58
156 59
156 61
156 62
156 64
156 65
156 67
156 68
156 72
156 73
156 76
156 79
156 83
156 85
156 87
156 89
156 92
156 93
156 94
156 95
156 98
156 99
156 100
156 101
156 104
156 106
156 107
156 108
156 111
156 112
156 113
156 116
156 117
156 120
156 121
156 122
156 123
156 126
156 127
156 129
156 131
156 133
156 135
156 139
156 140
156 142
156 143
156 144
156 146
156 148
156 152
156 153
157 0
157 1
157 2
157 3
157 4
157 5
157 6
157 7
157 8
157 9
157 10
157 12
157 13
157 14
157 15
157 16
157 17
157 18
157 19
157 20
157 21
157 22
157 24
157 25
157 26
157 27
157 29
157 30
157 31
157 32
157 33
157 34
157 36
157 38
157 39
157 41
157 43
157 44
157 45
157 46
157 47
157 50
157 51
157 52
157 54
157 55
157 56
157 58
157 61
157 62
157 67
157 68
157 70
157 71
157 72
157 73
157 74
157 76
157 84
157 85
157 87
157 89
157 90
157 92
157 93
157 94
157 95
157 96
157 98
157 99
157 100
157 101
157 102
157 104
157 106
157 107
157 108
157 112
157 113
157 116
157 120
157 122
157 125
157 126
157 127
157 131
157 133
157 135
157 140
157 142
157 143
157 144
157 146
157 148
157 156
158 2
158 11
158 14
158 42
158 51
158 120
158 143
158 148
159 23
160 64
160 133
161 29
161 107
162 50
163 0
163 1
163 29
163 107
163 161
164 77
165 0
165 3
166 0
166 1
166 2
166 3
166 4
166 5
166 6
166 7
166 8
166 9
166 10
166 12
166 13
166 14
166 15
166 16
166 17
166 19
166 20
166 21
166 22
166 23
166 24
166 25
166 26
166 27
166 29
166 30
166 31
166 33
166 34
166 36
166 37
166 38
166 43
166 44
166 45
166 47
166 50
166 51
166 54
166 55
166 58
166 61
166 62
166 63
166 65
166 66
166 67
166 68
166 70
166 71
166 72
166 73
166 74
166 81
166 85
166 89
166 90
166 91
166 92
166 93
166 94
166 95
166 99
166 101
166 104
166 106
166 111
166 112
166 116
166 120
166 122
166 126
166 133
166 135
166 138
166 142
166 143
166 144
166 146
166 148
166 149
166 156
166 157
166 158
167 0
167 1
167 2
167 3
167 4
167 5
167 6
167 7
167 8
167 9
167 10
167 11
167 12
167 13
167 14
167 15
167 16
167 17
167 18
167 19
167 20
167 21
167 22
167 23
167 24
167 25
167 26
167 27
167 28
167 29
167 30
167 31
167 32
167 33
167 34
167 35
167 36
167 37
167 38
167 41
167 42
167 43
167 44
167 45
167 46
167 47
167 48
167 49
167 50
167 51
167 52
167 54
167 55
167 56
167 57
167 58
167 59
167 61
167 62
167 63
167 64
167 67
167 68
167 70
167 71
167 72
167 73
167 74
167 76
167 79
167 81
167 82
167 83
167 85
167 87
167 89
167 90
167 92
167 93
167 94
167 95
167 96
167 98
167 99
167 100
167 101
167 102
167 103
167 104
167 105
167 106
167 108
167 109
167 110
167 111
167 112
167 113
167 116
167 118
167 120
167 121
167 122
167 126
167 127
167 131
167 132
167 133
167 134
167 135
167 137
167 139
167 142
167 143
167 144
167 145
167 146
167 148
167 150
167 152
167 156
167 157
167 158
167 166
168 32
168 41
168 125
169 37
169 111
170 93
170 102
171 134
172 138
172 149
173 138
173 143
173 149
173 156
173 158
173 166
173 167
173 172
174 0
174 1
174 2
174 3
174 4
174 5
174 6
174 7
174 8
174 9
174 10
174 11
174 12
174 13
174 14
174 15
174 16
174 17
174 18
174 19
174 20
174 21
174 22
174 23
174 24
174 25
174 26
174 27
174 29
174 30
174 31
174 32
174 33
174 35
174 36
174 38
174 39
174 42
174 43
174 44
174 45
174 47
174 48
174 49
174 50
174 51
174 52
174 54
174 55
174 56
174 57
174 58
174 61
174 62
174 65
174 67
174 68
174 71
174 72
174 73
174 74
174 83
174 85
174 90
174 92
174 93
174 94
174 95
174 96
174 99
174 100
174 101
174 104
174 106
174 108
174 112
174 116
174 120
174 121
174 122
174 126
174 129
174 131
174 132
174 133
174 135
174 139
174 142
174 143
174 144
174 146
174 148
174 150
174 156
174 157
174 166
174 167
175 0
175 1
175 2
175 3
175 4
175 5
175 6
175 7
175 8
175 9
175 10
175 11
175 12
175 13
175 14
175 15
175 16
175 17
175 18
175 19
175 20
175 21
175 22
175 23
175 24
175 25
175 26
175 27
175 28
175 29
175 30
175 31
175 32
175 33
175 34
175 35
175 36
175 37
175 38
175 39
175 41
175 42
175 43
175 44
175 45
175 46
175 47
175 48
175 49
175 50
175 51
175 52
175 54
175 55
175 56
175 58
175 59
175 61
175 62
175 64
175 65
175 67
175 68
175 71
175 72
175 73
175 74
175 79
175 83
175 85
175 86
175 89
175 92
175 93
175 94
175 95
175 99
175 101
175 102
175 104
175 106
175 108
175 112
175 116
175 119
175 120
175 121
175 122
175 125
175 131
175 133
175 134
175 135
175 137
175 139
175 142
175 143
175 144
175 146
175 147
175 148
175 152
175 156
175 157
175 158
175 160
175 162
175 166
175 167
175 168
175 170
175 173
175 174
176 137
176 144
176 146
176 152
177 1
177 3
177 4
177 10
177 13
177 14
177 16
177 18
177 20
177 26
177 33
177 51
177 58
177 65
177 68
177 104
177 109
177 112
177 131
177 143
177 146
177 156
177 166
177 167
178 112
179 0
179 2
179 3
179 4
179 23
179 24
179 31
179 42
179 45
179 74
179 79
179 83
179 98
179 102
179 108
179 120
179 122
179 133
179 142
179 144
179 146
179 147
179 148
179 155
179 157
179 167
179 174
179 175
180 0
180 1
180 2
180 3
180 4
180 5
180 6
180 7
180 8
180 9
180 10
180 11
180 12
180 13
180 14
180 15
180 16
180 17
180 18
180 19
180 20
180 21
180 22
180 23
180 24
180 25
180 26
180 27
180 28
180 30
180 31
180 32
180 33
180 34
180 36
180 38
180 41
180 42
180 43
180 44
180 45
180 46
180 47
180 48
180 49
180 50
180 51
180 52
180 53
180 54
180 55
180 56
180 57
180 58
180 59
180 60
180 61
180 62
180 63
180 66
180 67
180 68
180 70
180 71
180 72
180 73
180 74
180 76
180 78
180 81
180 84
180 85
180 87
180 92
180 93
180 94
180 95
180 96
180 98
180 99
180 100
180 101
180 102
180 104
180 106
180 108
180 109
180 112
180 116
180 118
180 120
180 121
180 122
180 126
180 128
180 133
180 135
180 138
180 139
180 142
180 143
180 144
180 146
180 147
180 148
180 149
180 152
180 156
180 157
180 158
180 166
180 167
180 170
180 172
180 173
180 174
180 175
180 176
180 177
180 179
181 0
181 1
181 2
181 3
181 4
181 5
181 6
181 7
181 8
181 9
181 10
181 11
181 12
181 13
181 14
181 15
181 16
181 17
181 18
181 19
181 20
181 21
181 22
181 23
181 24
181 25
181 26
181 27
181 29
181 30
181 31
181 32
181 33
181 34
181 36
181 37
181 38
181 42
181 43
181 44
181 45
181 46
181 47
181 48
181 49
181 50
181 51
181 52
181 53
181 54
181 55
181 56
181 57
181 58
181 61
181 62
181 65
181 66
181 67
181 68
181 70
181 71
181 72
181 73
181 74
181 79
181 81
181 85
181 87
181 90
181 92
181 93
181 94
181 95
181 98
181 99
181 100
181 101
181 102
181 104
181 106
181 109
181 111
181 112
181 116
181 120
181 122
181 133
181 135
181 138
181 139
181 142
181 143
181 144
181 146
181 148
181 149
181 152
181 156
181 157
181 166
181 167
181 172
181 173
181 174
181 175
181 176
181 177
181 179
181 180
182 0
182 1
182 2
182 3
182 4
182 5
182 6
182 7
182 8
182 9
182 10
182 11
182 12
182 13
182 14
182 15
182 16
182 17
182 18
182 19
182 20
182 21
182 22
182 23
182 24
182 25
182 26
182 27
182 28
182 29
182 30
182 31
182 32
182 33
182 34
182 35
182 36
182 38
182 42
182 43
182 44
182 45
182 46
182 47
182 48
182 49
182 50
182 51
182 52
182 54
182 55
182 56
182 58
182 61
182 62
182 66
182 67
182 68
182 70
182 71
182 73
182 77
182 78
182 83
182 85
182 87
182 90
182 92
182 93
182 94
182 98
182 99
182 100
182 101
182 102
182 104
182 106
182 107
182 108
182 109
182 112
182 116
182 119
182 120
182 121
182 122
182 124
182 131
182 132
182 133
182 135
182 137
182 138
182 140
182 142
182 143
182 144
182 146
182 147
182 148
182 149
182 152
182 154
182 155
182 156
182 157
182 158
182 164
182 166
182 167
182 172
182 173
182 174
182 175
182 176
182 177
182 179
182 180
182 181
183 0
183 1
183 2
183 3
183 4
183 5
183 6
183 7
183 8
183 9
183 10
183 11
183 12
183 13
183 14
183 15
183 16
183 17
183 18
183 19
183 20
183 21
183 22
183 23
183 24
183 25
183 26
183 27
183 29
183 30
183 31
183 32
183 33
183 34
183 35
183 36
183 37
183 38
183 42
183 43
183 44
183 45
183 46
183 47
183 48
183 49
183 50
183 51
183 52
183 54
183 55
183 56
183 58
183 59
183 61
183 62
183 64
183 65
183 66
183 67
183 68
183 70
183 71
183 73
183 76
183 77
183 79
183 81
183 83
183 84
183 85
183 89
183 90
183 92
183 93
183 94
183 95
183 96
183 99
183 100
183 101
183 102
183 104
183 106
183 107
183 108
183 112
183 116
183 120
183 121
183 122
183 127
183 128
183 131
183 132
183 133
183 135
183 137
183 138
183 140
183 142
183 143
183 144
183 146
183 148
183 149
183 152
183 154
183 156
183 157
183 158
183 163
183 166
183 167
183 172
183 173
183 174
183 175
183 176
183 177
183 179
183 180
183 181
183 182
184 20
184 34
184 63
185 0
185 1
185 2
185 3
185 4
185 5
185 6
185 7
185 8
185 9
185 10
185 11
185 12
185 13
185 14
185 15
185 16
185 17
185 18
185 19
185 20
185 21
185 22
185 23
185 24
185 25
185 26
185 27
185 29
185 30
185 32
185 33
185 35
185 36
185 37
185 38
185 39
185 41
185 42
185 43
185 44
185 45
185 46
185 47
185 48
185 49
185 50
185 52
185 54
185 55
185 56
185 57
185 58
185 59
185 60
185 62
185 64
185 65
185 67
185 68
185 70
185 71
185 73
185 74
185 76
185 77
185 79
185 80
185 83
185 85
185 87
185 89
185 92
185 93
185 94
185 98
185 99
185 101
185 102
185 104
185 105
185 106
185 108
185 109
185 112
185 116
185 119
185 120
185 122
185 129
185 133
185 135
185 136
185 142
185 143
185 144
185 146
185 148
185 153
185 156
185 157
185 158
185 162
185 164
185 166
185 167
185 174
185 175
185 179
185 180
185 181
185 182
185 183
186 44
187 1
187 93
187 156
188 0
188 1
188 2
188 3
188 4
188 5
188 6
188 7
188 8
188 9
188 10
188 11
188 12
188 13
188 14
188 15
188 16
188 17
188 18
188 19
188 20
188 21
188 22
188 23
188 24
188 25
188 26
188 28
188 29
188 30
188 31
188 33
188 36
188 38
188 42
188 43
188 44
188 45
188 46
188 47
188 48
188 49
188 50
188 51
188 52
188 54
188 55
188 56
188 58
188 59
188 60
188 61
188 62
188 64
188 65
188 67
188 68
188 70
188 71
188 72
188 73
188 74
188 77
188 79
188 81
188 83
188 85
188 87
188 92
188 93
188 94
188 95
188 96
188 98
188 99
188 100
188 101
188 102
188 104
188 106
188 108
188 112
188 116
188 120
188 121
188 122
188 125
188 133
188 135
188 140
188 142
188 143
188 144
188 146
188 148
188 154
188 156
188 157
188 158
188 160
188 166
188 167
188 168
188 170
188 173
188 174
188 175
188 179
188 180
188 181
188 182
188 183
188 185
189 0
189 1
189 2
189 3
189 4
189 5
189 6
189 7
189 8
189 9
189 10
189 11
189 12
189 13
189 16
189 17
189 18
189 19
189 21
189 22
189 23
189 24
189 25
189 26
189 27
189 28
189 29
189 30
189 31
189 32
189 33
189 36
189 38
189 43
189 44
189 45
189 47
189 48
189 49
189 50
189 54
189 55
189 56
189 57
189 58
189 59
189 60
189 61
189 62
189 65
189 67
189 68
189 69
189 70
189 71
189 72
189 73
189 79
189 80
189 85
189 87
189 92
189 93
189 94
189 95
189 98
189 99
189 100
189 101
189 102
189 104
189 106
189 108
189 112
189 113
189 116
189 120
189 121
189 122
189 126
189 127
189 129
189 131
189 133
189 135
189 136
189 139
189 142
189 143
189 144
189 146
189 148
189 150
189 154
189 156
189 157
189 158
189 159
189 166
189 167
189 170
189 173
189 174
189 175
189 176
189 177
189 179
189 180
189 181
189 182
189 183
189 185
189 188
190 111
190 169
191 178
192 58
192 109
192 116
193 67
193 185
194 0
194 1
194 2
194 3
194 4
194 5
194 6
194 7
194 8
194 9
194 10
194 12
194 14
194 15
194 16
194 17
194 18
194 19
194 20
194 21
194 22
194 23
194 24
194 25
194 26
194 27
194 28
194 30
194 31
194 32
194 33
194 34
194 36
194 38
194 39
194 41
194 43
194 44
194 45
194 47
194 48
194 50
194 51
194 52
194 55
194 58
194 59
194 61
194 62
194 64
194 67
194 68
194 70
194 71
194 72
194 73
194 74
194 76
194 77
194 78
194 79
194 85
194 87
194 92
194 93
194 94
194 95
194 96
194 97
194 98
194 99
194 101
194 102
194 104
194 106
194 108
194 109
194 112
194 116
194 118
194 119
194 120
194 121
194 122
194 125
194 133
194 135
194 139
194 140
194 142
194 143
194 144
194 146
194 148
194 156
194 157
194 159
194 166
194 167
194 168
194 174
194 175
194 177
194 179
194 180
194 181
194 182
194 183
194 185
194 187
194 188
194 189
194 193
195 0
195 1
195 2
195 3
195 4
195 5
195 6
195 7
195 8
195 9
195 10
195 11
195 12
195 13
195 14
195 15
195 16
195 17
195 18
195 19
195 20
195 21
195 22
195 23
195 24
195 25
195 26
195 27
195 28
195 29
195 30
195 31
195 32
195 33
195 34
195 35
195 36
195 38
195 41
195 42
195 43
195 44
195 45
195 46
195 47
195 48
195 49
195 50
195 51
195 52
195 53
195 54
195 55
195 56
195 58
195 59
195 61
195 62
195 63
195 65
195 67
195 68
195 70
195 72
195 73
195 74
195 76
195 77
195 78
195 79
195 81
195 83
195 84
195 85
195 87
195 89
195 90
195 91
195 92
195 93
195 94
195 95
195 97
195 98
195 99
195 101
195 102
195 104
195 106
195 107
195 108
195 109
195 111
195 112
195 113
195 116
195 119
195 120
195 121
195 122
195 126
195 131
195 132
195 133
195 134
195 135
195 137
195 142
195 143
195 144
195 146
195 147
195 148
195 152
195 154
195 155
195 156
195 157
195 166
195 167
195 169
195 170
195 174
195 175
195 176
195 177
195 179
195 180
195 181
195 182
195 183
195 184
195 185
195 186
195 187
195 188
195 189
195 190
195 194
196 0
196 1
196 2
196 3
196 4
196 5
196 6
196 7
196 8
196 9
196 10
196 11
196 12
196 13
196 14
196 15
196 16
196 17
196 18
196 19
196 20
196 21
196 22
196 23
196 24
196 25
196 27
196 28
196 30
196 31
196 32
196 33
196 34
196 35
196 36
196 38
196 41
196 42
196 43
196 44
196 45
196 47
196 48
196 49
196 50
196 51
196 52
196 54
196 55
196 56
196 57
196 58
196 60
196 61
196 62
196 64
196 66
196 67
196 68
196 70
196 71
196 72
196 73
196 74
196 75
196 79
196 85
196 87
196 92
196 93
196 94
196 95
196 98
196 99
196 100
196 101
196 102
196 104
196 106
196 108
196 112
196 113
196 116
196 120
196 122
196 130
196 133
196 135
196 137
196 140
196 142
196 143
196 144
196 145
196 146
196 148
196 152
196 156
196 157
196 166
196 167
196 174
196 175
196 176
196 177
196 179
196 180
196 181
196 182
196 183
196 185
196 188
196 189
196 192
196 193
196 194
196 195
197 0
197 3
197 6
197 17
197 21
197 26
197 30
197 43
197 54
197 55
197 67
197 93
197 94
197 95
197 96
197 120
197 166
197 174
197 196
198 0
198 1
198 2
198 3
198 4
198 5
198 6
198 7
198 8
198 9
198 10
198 11
198 12
198 13
198 14
198 15
198 16
198 17
198 18
198 19
198 20
198 21
198 22
198 23
198 24
198 25
198 26
198 27
198 28
198 30
198 31
198 32
198 33
198 34
198 35
198 36
198 37
198 38
198 42
198 43
198 44
198 45
198 46
198 47
198 48
198 49
198 50
198 51
198 52
198 53
198 54
198 55
198 56
198 57
198 58
198 59
198 60
198 61
198 62
198 64
198 65
198 67
198 68
198 69
198 70
198 71
198 72
198 73
198 74
198 76
198 78
198 79
198 83
198 85
198 87
198 88
198 89
198 92
198 93
198 94
198 95
198 98
198 99
198 100
198 101
198 102
198 104
198 105
198 106
198 108
198 109
198 110
198 111
198 112
198 116
198 120
198 122
198 131
198 133
198 135
198 137
198 139
198 140
198 142
198 143
198 144
198 145
198 146
198 148
198 152
198 155
198 156
198 157
198 166
198 167
198 170
198 173
198 174
198 175
198 177
198 179
198 180
198 181
198 182
198 183
198 185
198 188
198 189
198 194
198 195
198 196
198 197
199 0
199 3
199 4
199 154
199 174
199 182
199 195
200 80
201 36
202 56
203 68
204 0
204 1
204 2
204 3
204 4
204 5
204 6
204 7
204 8
204 9
204 10
204 11
204 12
204 13
204 14
204 15
204 16
204 17
204 18
204 19
204 20
204 21
204 22
204 23
204 24
204 25
204 26
204 27
204 28
204 29
204 30
204 31
204 32
204 33
204 34
204 35
204 36
204 38
204 42
204 43
204 44
204 45
204 46
204 47
204 48
204 50
204 51
204 52
204 53
204 54
204 55
204 56
204 57
204 58
204 59
204 60
204 61
204 62
204 63
204 64
204 65
204 66
204 67
204 68
204 70
204 71
204 72
204 73
204 74
204 76
204 78
204 79
204 81
204 82
204 83
204 84
204 85
204 86
204 87
204 88
204 89
204 90
204 92
204 93
204 94
204 95
204 96
204 97
204 98
204 99
204 100
204 101
204 102
204 104
204 106
204 107
204 108
204 109
204 112
204 116
204 117
204 120
204 122
204 123
204 133
204 134
204 135
204 137
204 139
204 140
204 142
204 143
204 144
204 145
204 146
204 147
204 148
204 152
204 155
204 156
204 157
204 158
204 161
204 163
204 164
204 166
204 167
204 173
204 174
204 175
204 176
204 177
204 179
204 180
204 181
204 182
204 183
204 184
204 185
204 187
204 188
204 189
204 192
204 193
204 194
204 195
204 196
204 197
204 198
204 201
205 0
205 1
205 2
205 3
205 4
205 5
205 6
205 7
205 8
205 9
205 10
205 11
205 12
205 13
205 14
205 16
205 17
205 18
205 19
205 20
205 21
205 22
205 23
205 24
205 25
205 26
205 27
205 30
205 31
205 32
205 33
205 34
205 36
205 37
205 38
205 39
205 41
205 44
205 45
205 46
205 47
205 48
205 49
205 50
205 51
205 52
205 54
205 55
205 56
205 57
205 58
205 61
205 62
205 64
205 65
205 67
205 68
205 71
205 72
205 73
205 74
205 76
205 79
205 81
205 85
205 86
205 87
205 90
205 92
205 93
205 94
205 95
205 98
205 99
205 100
205 101
205 102
205 104
205 105
205 106
205 108
205 109
205 110
205 111
205 112
205 116
205 117
205 120
205 122
205 129
205 130
205 131
205 132
205 133
205 134
205 135
205 138
205 142
205 143
205 144
205 146
205 148
205 149
205 152
205 156
205 157
205 158
205 159
205 160
205 166
205 167
205 169
205 170
205 171
205 172
205 173
205 174
205 175
205 176
205 177
205 179
205 180
205 181
205 182
205 183
205 185
205 186
205 188
205 189
205 190
205 192
205 193
205 194
205 195
205 196
205 197
205 198
205 199
205 204
206 0
206 1
207 142
208 204
208 205
209 0
209 1
209 2
209 3
209 4
209 5
209 6
209 7
209 8
209 9
209 10
209 11
209 12
209 13
209 14
209 15
209 16
209 17
209 18
209 19
209 20
209 21
209 22
209 23
209 24
209 25
209 26
209 27
209 28
209 29
209 30
209 31
209 32
209 33
209 34
209 35
209 36
209 37
209 38
209 42
209 43
209 44
209 45
209 46
209 47
209 48
209 49
209 50
209 51
209 52
209 53
209 54
209 55
209 56
209 58
209 59
209 60
209 61
209 62
209 63
209 64
209 65
209 67
209 68
209 69
209 70
209 71
209 72
209 73
209 74
209 76
209 77
209 79
209 81
209 83
209 84
209 85
209 87
209 89
209 90
209 91
209 92
209 93
209 94
209 95
209 96
209 98
209 99
209 100
209 101
209 102
209 104
209 106
209 108
209 109
209 111
209 112
209 113
209 116
209 117
209 118
209 120
209 121
209 122
209 124
209 126
209 129
209 130
209 131
209 133
209 135
209 138
209 142
209 143
209 144
209 146
209 147
209 148
209 149
209 151
209 154
209 155
209 156
209 157
209 158
209 159
209 160
209 164
209 166
209 167
209 169
209 170
209 172
209 173
209 174
209 175
209 177
209 178
209 179
209 180
209 181
209 182
209 183
209 184
209 185
209 187
209 188
209 189
209 194
209 195
209 196
209 197
209 198
209 199
209 201
209 204
209 205
209 208
210 0
210 1
210 2
210 3
210 4
210 5
210 6
210 7
210 8
210 9
210 10
210 12
210 13
210 14
210 15
210 16
210 18
210 19
210 20
210 21
210 22
210 23
210 24
210 25
210 26
210 27
210 30
210 31
210 32
210 33
210 36
210 38
210 42
210 44
210 45
210 46
210 47
210 48
210 49
210 50
210 51
210 52
210 54
210 55
210 56
210 57
210 58
210 59
210 60
210 62
210 65
210 67
210 68
210 70
210 71
210 73
210 74
210 79
210 81
210 85
210 86
210 88
210 89
210 90
210 92
210 93
210 94
210 98
210 99
210 100
210 101
210 102
210 104
210 106
210 108
210 109
210 112
210 116
210 120
210 121
210 122
210 127
210 133
210 135
210 138
210 139
210 140
210 142
210 143
210 144
210 146
210 148
210 152
210 156
210 157
210 158
210 166
210 167
210 174
210 175
210 177
210 179
210 180
210 181
210 182
210 183
210 185
210 188
210 189
210 193
210 194
210 195
210 196
210 197
210 198
210 199
210 204
210 205
210 207
210 208
210 209
211 0
211 1
211 2
211 3
211 4
211 5
211 6
211 7
211 8
211 9
211 10
211 11
211 12
211 13
211 14
211 15
211 16
211 17
211 18
211 19
211 20
211 21
211 22
211 23
211 24
211 25
211 26
211 27
211 28
211 29
211 30
211 31
211 32
211 33
211 34
211 35
211 36
211 37
211 38
211 41
211 42
211 43
211 44
211 45
211 46
211 47
211 48
211 49
211 50
211 51
211 52
211 54
211 55
211 56
211 57
211 58
211 59
211 60
211 61
211 62
211 63
211 67
211 68
211 70
211 71
211 72
211 73
211 75
211 76
211 77
211 79
211 81
211 85
211 86
211 87
211 88
211 90
211 91
211 92
211 93
211 94
211 95
211 96
211 98
211 99
211 100
211 101
211 102
211 104
211 106
211 107
211 108
211 111
211 112
211 116
211 118
211 119
211 120
211 122
211 123
211 125
211 126
211 129
211 131
211 133
211 134
211 135
211 137
211 138
211 139
211 140
211 142
211 143
211 144
211 146
211 148
211 154
211 156
211 157
211 158
211 159
211 161
211 163
211 165
211 166
211 167
211 171
211 172
211 173
211 174
211 175
211 176
211 178
211 179
211 180
211 181
211 182
211 183
211 184
211 185
211 188
211 189
211 194
211 195
211 196
211 197
211 198
211 199
211 201
211 204
211 205
211 208
211 209
211 210
212 146
213 96
214 0
214 1
214 2
214 3
214 4
214 5
214 6
214 7
214 8
214 9
214 10
214 11
214 12
214 13
214 14
214 15
214 16
214 17
214 18
214 19
214 20
214 21
214 22
214 23
214 24
214 25
214 26
214 27
214 28
214 29
214 30
214 31
214 32
214 33
214 34
214 35
214 36
214 38
214 41
214 42
214 43
214 44
214 45
214 46
214 47
214 48
214 49
214 50
214 51
214 54
214 55
214 57
214 58
214 60
214 61
214 62
214 65
214 67
214 68
214 70
214 71
214 72
214 73
214 76
214 79
214 81
214 82
214 83
214 85
214 91
214 92
214 93
214 94
214 95
214 98
214 99
214 100
214 101
214 102
214 104
214 106
214 108
214 111
214 112
214 113
214 116
214 117
214 118
214 120
214 121
214 122
214 124
214 126
214 131
214 132
214 133
214 134
214 135
214 138
214 140
214 142
214 143
214 144
214 146
214 148
214 149
214 156
214 157
214 158
214 160
214 166
214 167
214 168
214 171
214 172
214 173
214 174
214 175
214 176
214 177
214 179
214 180
214 181
214 182
214 183
214 185
214 188
214 189
214 192
214 194
214 195
214 196
214 197
214 198
214 203
214 204
214 205
214 208
214 209
214 210
214 211
215 122
216 106
216 134
216 171
217 108
218 0
218 3
218 4
218 6
218 9
218 12
218 19
218 20
218 25
218 124
218 129
219 0
219 1
219 2
219 3
219 4
219 5
219 6
219 7
219 8
219 9
219 10
219 11
219 12
219 13
219 14
219 15
219 16
219 17
219 18
219 19
219 20
219 21
219 22
219 23
219 24
219 25
219 26
219 27
219 28
219 29
219 30
219 31
219 32
219 33
219 34
219 35
219 36
219 38
219 39
219 41
219 42
219 43
219 44
219 45
219 46
219 47
219 48
219 49
219 50
219 51
219 52
219 54
219 55
219 56
219 58
219 59
219 61
219 62
219 63
219 65
219 67
219 68
219 70
219 71
219 72
219 73
219 74
219 76
219 77
219 79
219 81
219 83
219 85
219 88
219 89
219 90
219 92
219 93
219 94
219 95
219 96
219 98
219 99
219 101
219 102
219 104
219 106
219 107
219 108
219 112
219 114
219 116
219 120
219 121
219 122
219 123
219 125
219 126
219 130
219 131
219 133
219 135
219 137
219 138
219 140
219 142
219 143
219 144
219 146
219 147
219 148
219 152
219 153
219 154
219 155
219 156
219 157
219 158
219 161
219 163
219 166
219 167
219 168
219 170
219 173
219 174
219 175
219 177
219 179
219 180
219 181
219 182
219 183
219 184
219 185
219 187
219 188
219 189
219 194
219 195
219 196
219 197
219 198
219 199
219 201
219 203
219 204
219 205
219 207
219 209
219 210
219 211
219 214
219 217
219 218
220 73
221 0
221 1
221 2
221 3
221 4
221 5
221 6
221 7
221 8
221 9
221 10
221 11
221 12
221 13
221 14
221 15
221 16
221 17
221 18
221 19
221 20
221 21
221 22
221 23
221 24
221 25
221 26
221 27
221 28
221 29
221 30
221 31
221 32
221 33
221 34
221 35
221 36
221 37
221 38
221 39
221 41
221 42
221 43
221 44
221 45
221 46
221 47
221 48
221 49
221 50
221 51
221 52
221 54
221 55
221 56
221 57
221 58
221 59
221 61
221 62
221 63
221 64
221 65
221 66
221 67
221 68
221 70
221 71
221 72
221 73
221 74
221 76
221 79
221 81
221 85
221 87
221 88
221 90
221 92
221 93
221 94
221 95
221 96
221 98
221 99
221 101
221 102
221 104
221 105
221 106
221 107
221 108
221 109
221 111
221 112
221 113
221 116
221 120
221 122
221 126
221 131
221 132
221 133
221 134
221 135
221 138
221 139
221 140
221 142
221 143
221 144
221 146
221 148
221 149
221 156
221 157
221 163
221 166
221 167
221 169
221 171
221 172
221 173
221 174
221 175
221 177
221 179
221 180
221 181
221 182
221 183
221 184
221 185
221 186
221 188
221 189
221 190
221 192
221 194
221 195
221 196
221 197
221 198
221 199
221 204
221 205
221 207
221 208
221 209
221 210
221 211
221 214
221 216
221 219
222 0
222 1
222 2
222 3
222 4
222 5
222 6
222 7
222 8
222 9
222 10
222 12
222 13
222 14
222 15
222 16
222 17
222 18
222 19
222 20
222 21
222 22
222 23
222 24
222 25
222 26
222 28
222 29
222 30
222 31
222 32
222 33
222 34
222 36
222 38
222 41
222 42
222 43
222 44
222 45
222 46
222 47
222 50
222 51
222 52
222 53
222 54
222 55
222 56
222 58
222 59
222 60
222 61
222 62
222 63
222 64
222 65
222 67
222 68
222 70
222 71
222 72
222 73
222 74
222 76
222 79
222 81
222 82
222 83
222 85
222 87
222 89
222 91
222 92
222 93
222 94
222 95
222 96
222 98
222 99
222 100
222 101
222 102
222 104
222 106
222 108
222 109
222 111
222 112
222 113
222 116
222 117
222 118
222 120
222 121
222 122
222 125
222 126
222 127
222 129
222 130
222 131
222 133
222 134
222 135
222 136
222 138
222 140
222 142
222 143
222 144
222 145
222 146
222 147
222 148
222 149
222 152
222 154
222 155
222 156
222 157
222 158
222 166
222 167
222 168
222 171
222 172
222 173
222 174
222 175
222 177
222 179
222 180
222 181
222 182
222 183
222 185
222 188
222 189
222 190
222 192
222 194
222 195
222 196
222 197
222 198
222 199
222 201
222 203
222 204
222 205
222 208
222 209
222 210
222 211
222 214
222 216
222 217
222 218
222 219
222 221
223 133
224 0
224 1
224 2
224 3
224 4
224 5
224 6
224 7
224 8
224 9
224 10
224 11
224 12
224 13
224 14
224 15
224 16
224 17
224 18
224 19
224 20
224 21
224 22
224 23
224 24
224 25
224 26
224 27
224 28
224 29
224 30
224 31
224 32
224 33
224 34
224 35
224 36
224 38
224 39
224 41
224 42
224 43
224 44
224 45
224 46
224 47
224 48
224 49
224 50
224 51
224 52
224 53
224 54
224 55
224 56
224 57
224 58
224 59
224 61
224 62
224 65
224 67
224 68
224 70
224 71
224 72
224 73
224 74
224 76
224 77
224 81
224 85
224 87
224 89
224 90
224 92
224 93
224 94
224 95
224 99
224 100
224 101
224 102
224 104
224 106
224 112
224 116
224 117
224 119
224 120
224 122
224 123
224 125
224 130
224 131
224 133
224 135
224 136
224 138
224 139
224 142
224 143
224 144
224 146
224 148
224 149
224 152
224 153
224 156
224 157
224 158
224 166
224 167
224 168
224 172
224 174
224 175
224 177
224 179
224 180
224 181
224 182
224 183
224 185
224 188
224 189
224 193
224 194
224 195
224 196
224 198
224 204
224 205
224 207
224 208
224 209
224 210
224 211
224 214
224 218
224 219
224 221
224 222
225 98
225 135
225 221
226 0
226 2
226 3
226 4
226 6
226 7
226 12
226 13
226 21
226 33
226 43
226 49
226 93
226 106
226 112
226 133
226 219
227 77
227 94
227 211
227 214
227 222
227 224
228 0
228 3
228 7
229 0
229 1
229 2
229 3
229 4
229 5
229 6
229 7
229 8
229 9
229 10
229 11
229 12
229 13
229 14
229 15
229 16
229 17
229 18
229 19
229 20
229 21
229 22
229 23
229 24
229 25
229 26
229 27
229 28
229 29
229 30
229 31
229 32
229 33
229 34
229 35
229 36
229 37
229 38
229 41
229 42
229 43
229 44
229 45
229 46
229 47
229 48
229 49
229 50
229 51
229 52
229 53
229 54
229 55
229 56
229 57
229 58
229 59
229 60
229 61
229 62
229 64
229 65
229 66
229 67
229 68
229 71
229 72
229 73
229 74
229 75
229 76
229 77
229 79
229 82
229 85
229 87
229 88
229 89
229 90
229 92
229 93
229 94
229 95
229 96
229 98
229 99
229 100
229 101
229 102
229 104
229 106
229 107
229 108
229 109
229 111
229 112
229 116
229 117
229 119
229 120
229 122
229 123
229 124
229 126
229 130
229 131
229 133
229 135
229 136
229 137
229 138
229 139
229 140
229 142
229 143
229 144
229 146
229 147
229 148
229 152
229 154
229 155
229 156
229 157
229 158
229 163
229 166
229 167
229 168
229 169
229 173
229 174
229 175
229 176
229 177
229 179
229 180
229 181
229 182
229 183
229 185
229 188
229 189
229 190
229 194
229 195
229 196
229 197
229 198
229 199
229 204
229 205
229 209
229 210
229 211
229 214
229 219
229 221
229 222
229 224
229 227
230 83
231 159
232 68
232 76
232 126
232 156
232 166
232 181
233 20
233 34
233 81
233 90
233 98
233 104
233 157
233 182
233 195
233 198
233 205
233 225
234 198
235 0
235 1
235 2
235 3
235 4
235 5
235 6
235 7
235 8
235 9
235 10
235 11
235 12
235 13
235 14
235 15
235 16
235 17
235 18
235 19
235 20
235 21
235 22
235 23
235 24
235 25
235 26
235 27
235 28
235 29
235 30
235 31
235 32
235 33
235 34
235 35
235 36
235 37
235 38
235 39
235 41
235 42
235 43
235 44
235 45
235 46
235 47
235 48
235 49
235 50
235 51
235 52
235 54
235 55
235 56
235 57
235 58
235 59
235 60
235 61
235 62
235 65
235 66
235 67
235 68
235 70
235 71
235 72
235 73
235 74
235 76
235 77
235 84
235 85
235 87
235 88
235 90
235 92
235 93
235 94
235 95
235 96
235 98
235 99
235 100
235 101
235 102
235 103
235 104
235 105
235 106
235 108
235 110
235 112
235 113
235 116
235 117
235 118
235 119
235 120
235 122
235 124
235 126
235 129
235 131
235 132
235 133
235 135
235 137
235 138
235 142
235 143
235 144
235 146
235 148
235 150
235 154
235 156
235 157
235 158
235 166
235 167
235 169
235 170
235 173
235 174
235 175
235 177
235 179
235 180
235 181
235 182
235 183
235 185
235 187
235 188
235 189
235 190
235 192
235 194
235 195
235 196
235 197
235 198
235 199
235 202
235 204
235 205
235 209
235 210
235 211
235 213
235 214
235 218
235 219
235 221
235 222
235 224
235 226
235 227
235 229
235 232
235 233
235 234
236 0
236 100
236 133
236 160
237 3
237 44
237 179
237 185
238 0
238 1
238 2
238 3
238 4
238 5
238 6
238 7
238 9
238 10
238 11
238 12
238 13
238 14
238 15
238 16
238 18
238 19
238 20
238 21
238 22
238 23
238 24
238 25
238 26
238 28
238 29
238 30
238 31
238 34
238 35
238 36
238 37
238 38
238 39
238 42
238 44
238 45
238 47
238 48
238 50
238 52
238 54
238 55
238 56
238 58
238 59
238 60
238 61
238 62
238 63
238 64
238 66
238 67
238 68
238 71
238 72
238 73
238 74
238 77
238 78
238 79
238 81
238 84
238 85
238 87
238 88
238 91
238 92
238 93
238 94
238 95
238 97
238 98
238 99
238 100
238 101
238 104
238 106
238 111
238 112
238 113
238 116
238 119
238 120
238 121
238 122
238 126
238 131
238 133
238 134
238 135
238 138
238 139
238 142
238 143
238 144
238 146
238 147
238 148
238 149
238 156
238 157
238 160
238 164
238 166
238 167
238 171
238 172
238 173
238 174
238 175
238 177
238 179
238 180
238 181
238 182
238 183
238 185
238 188
238 189
238 194
238 195
238 196
238 198
238 199
238 204
238 205
238 209
238 210
238 211
238 214
238 216
238 219
238 221
238 222
238 224
238 227
238 229
238 232
238 233
238 235
238 236
239 0
239 1
239 2
239 3
239 4
239 5
239 6
239 7
239 8
239 9
239 10
239 11
239 12
239 13
239 14
239 15
239 16
239 17
239 18
239 19
239 20
239 21
239 22
239 23
239 24
239 25
239 26
239 27
239 28
239 29
239 30
239 31
239 32
239 33
239 34
239 35
239 36
239 38
239 41
239 42
239 43
239 44
239 45
239 47
239 48
239 49
239 50
239 51
239 52
239 54
239 55
239 57
239 58
239 61
239 62
239 67
239 68
239 69
239 70
239 71
239 72
239 73
239 74
239 76
239 77
239 79
239 85
239 87
239 92
239 93
239 94
239 98
239 99
239 100
239 101
239 102
239 104
239 106
239 107
239 108
239 109
239 112
239 116
239 118
239 120
239 121
239 122
239 124
239 125
239 133
239 135
239 137
239 140
239 142
239 143
239 144
239 146
239 147
239 148
239 150
239 156
239 157
239 158
239 161
239 163
239 166
239 167
239 168
239 171
239 173
239 174
239 175
239 176
239 177
239 179
239 180
239 181
239 182
239 183
239 185
239 188
239 189
239 192
239 193
239 194
239 195
239 196
239 197
239 198
239 204
239 205
239 208
239 209
239 210
239 211
239 214
239 215
239 218
239 219
239 221
239 222
239 224
239 225
239 227
239 229
239 235
239 237
239 238
240 93
241 0
241 1
241 2
241 3
241 4
241 5
241 7
241 10
241 11
241 12
241 14
241 23
241 24
241 25
241 27
241 31
241 36
241 38
241 48
241 59
241 73
241 79
241 92
241 93
241 101
241 104
241 113
241 126
241 133
241 181
241 195
241 196
241 209
241 210
241 211
241 214
241 219
241 221
241 226
241 229
241 235
241 238
241 239
242 0
242 1
242 2
242 3
242 4
242 5
242 6
242 7
242 8
242 9
242 10
242 11
242 12
242 13
242 14
242 15
242 16
242 17
242 18
242 19
242 20
242 21
242 22
242 23
242 24
242 25
242 26
242 27
242 28
242 29
242 30
242 32
242 33
242 34
242 36
242 37
242 38
242 39
242 41
242 42
242 43
242 44
242 45
242 47
242 48
242 49
242 50
242 51
242 52
242 54
242 55
242 56
242 57
242 58
242 59
242 60
242 61
242 62
242 64
242 67
242 68
242 70
242 71
242 72
242 73
242 74
242 76
242 77
242 79
242 83
242 84
242 85
242 87
242 90
242 92
242 93
242 94
242 95
242 96
242 98
242 99
242 100
242 101
242 102
242 103
242 104
242 105
242 106
242 107
242 108
242 110
242 111
242 112
242 116
242 120
242 121
242 122
242 123
242 124
242 126
242 128
242 129
242 131
242 132
242 133
242 135
242 138
242 139
242 140
242 142
242 143
242 144
242 146
242 148
242 149
242 156
242 157
242 158
242 160
242 161
242 163
242 164
242 166
242 167
242 172
242 173
242 174
242 175
242 177
242 178
242 179
242 180
242 181
242 182
242 183
242 185
242 188
242 189
242 193
242 194
242 195
242 196
242 197
242 198
242 199
242 204
242 205
242 209
242 210
242 211
242 213
242 214
242 218
242 219
242 221
242 222
242 224
242 225
242 226
242 227
242 229
242 232
242 233
242 235
242 237
242 238
242 239
242 241
243 0
243 1
243 2
243 3
243 4
243 5
243 6
243 7
243 8
243 9
243 10
243 11
243 12
243 13
243 14
243 15
243 16
243 17
243 18
243 19
243 20
243 21
243 22
243 23
243 24
243 25
243 26
243 27
243 28
243 29
243 30
243 31
243 32
243 33
243 35
243 36
243 38
243 41
243 42
243 43
243 44
243 45
243 47
243 48
243 49
243 50
243 51
243 52
243 53
243 54
243 55
243 56
243 57
243 58
243 59
243 60
243 61
243 62
243 65
243 66
243 67
243 68
243 70
243 71
243 72
243 73
243 74
243 75
243 76
243 77
243 79
243 81
243 85
243 89
243 92
243 93
243 94
243 95
243 96
243 97
243 98
243 99
243 100
243 101
243 104
243 106
243 108
243 112
243 113
243 116
243 117
243 120
243 122
243 126
243 131
243 132
243 133
243 135
243 138
243 139
243 142
243 143
243 144
243 145
243 146
243 148
243 149
243 152
243 154
243 156
243 157
243 158
243 160
243 166
243 167
243 172
243 173
243 174
243 175
243 177
243 179
243 180
243 181
243 182
243 183
243 185
243 188
243 189
243 192
243 193
243 194
243 195
243 196
243 197
243 198
243 199
243 204
243 205
243 208
243 209
243 210
243 211
243 213
243 214
243 219
243 221
243 222
243 224
243 226
243 227
243 229
243 232
243 233
243 235
243 238
243 239
243 241
243 242
244 0
244 1
244 2
244 3
244 4
244 5
244 6
244 7
244 8
244 9
244 10
244 11
244 12
244 13
244 14
244 15
244 16
244 17
244 18
244 19
244 20
244 21
244 22
244 23
244 24
244 25
244 26
244 27
244 28
244 29
244 30
244 31
244 32
244 33
244 34
244 35
244 36
244 37
244 38
244 41
244 42
244 43
244 44
244 45
244 47
244 48
244 50
244 51
244 52
244 54
244 55
244 56
244 58
244 59
244 61
244 62
244 65
244 66
244 67
244 68
244 70
244 71
244 72
244 73
244 74
244 76
244 77
244 81
244 83
244 85
244 87
244 89
244 90
244 92
244 93
244 94
244 95
244 96
244 98
244 99
244 100
244 101
244 102
244 104
244 106
244 108
244 109
244 111
244 112
244 116
244 120
244 121
244 122
244 124
244 129
244 133
244 135
244 137
244 139
244 140
244 142
244 143
244 144
244 146
244 147
244 148
244 152
244 154
244 156
244 157
244 158
244 164
244 166
244 167
244 169
244 173
244 174
244 175
244 176
244 177
244 179
244 180
244 181
244 182
244 183
244 185
244 187
244 188
244 189
244 190
244 192
244 193
244 194
244 195
244 196
244 197
244 198
244 199
244 204
244 205
244 208
244 209
244 210
244 211
244 213
244 214
244 218
244 219
244 220
244 221
244 222
244 224
244 226
244 227
244 229
244 230
244 232
244 233
244 235
244 236
244 237
244 238
244 239
244 241
244 242
244 243
245 149
246 61
246 77
246 164
246 244
247 37
247 111
247 116
248 0
248 1
248 2
248 3
248 4
248 5
248 6
248 7
248 8
248 9
248 10
248 11
248 12
248 13
248 14
248 15
248 16
248 17
248 18
248 19
248 20
248 21
248 22
248 23
248 24
248 25
248 26
248 27
248 29
248 30
248 31
248 33
248 34
248 35
248 36
248 37
248 38
248 42
248 44
248 45
248 47
248 48
248 49
248 50
248 51
248 52
248 53
248 54
248 55
248 56
248 58
248 59
248 60
248 61
248 62
248 64
248 65
248 66
248 67
248 68
248 69
248 70
248 71
248 72
248 73
248 74
248 76
248 77
248 79
248 81
248 82
248 85
248 89
248 90
248 92
248 93
248 94
248 98
248 99
248 100
248 101
248 102
248 104
248 106
248 107
248 108
248 109
248 111
248 112
248 113
248 116
248 117
248 119
248 120
248 121
248 122
248 125
248 126
248 131
248 133
248 134
248 135
248 136
248 138
248 139
248 142
248 143
248 144
248 146
248 147
248 148
248 149
248 153
248 156
248 157
248 158
248 161
248 162
248 166
248 167
248 170
248 171
248 172
248 173
248 174
248 175
248 177
248 179
248 180
248 181
248 182
248 183
248 185
248 188
248 189
248 194
248 195
248 196
248 198
248 204
248 205
248 209
248 210
248 211
248 214
248 216
248 218
248 219
248 221
248 222
248 224
248 226
248 227
248 229
248 232
248 233
248 235
248 238
248 239
248 241
248 242
248 243
248 244
249 121
250 242
251 0
251 1
251 2
251 3
251 4
251 5
251 6
251 7
251 8
251 9
251 10
251 11
251 12
251 13
251 14
251 15
251 16
251 17
251 18
251 19
251 20
251 21
251 22
251 23
251 24
251 25
251 26
251 27
251 28
251 30
251 31
251 32
251 33
251 34
251 35
251 36
251 38
251 41
251 42
251 43
251 44
251 45
251 47
251 48
251 49
251 50
251 51
251 52
251 53
251 54
251 55
251 56
251 58
251 59
251 60
251 61
251 62
251 63
251 64
251 65
251 66
251 67
251 68
251 70
251 73
251 74
251 76
251 78
251 79
251 81
251 82
251 83
251 85
251 87
251 90
251 92
251 93
251 94
251 98
251 99
251 100
251 101
251 102
251 104
251 106
251 107
251 108
251 109
251 112
251 116
251 118
251 120
251 122
251 124
251 125
251 126
251 133
251 135
251 138
251 142
251 143
251 144
251 145
251 146
251 147
251 148
251 149
251 156
251 157
251 158
251 159
251 160
251 162
251 164
251 166
251 167
251 168
251 173
251 174
251 175
251 176
251 177
251 178
251 179
251 180
251 181
251 182
251 183
251 184
251 185
251 187
251 188
251 189
251 192
251 194
251 195
251 196
251 197
251 198
251 204
251 205
251 208
251 209
251 210
251 211
251 214
251 215
251 218
251 219
251 220
251 221
251 222
251 224
251 225
251 226
251 228
251 229
251 232
251 233
251 235
251 238
251 239
251 241
251 242
251 243
251 244
251 246
251 248
252 0
252 1
252 2
252 3
252 4
252 5
252 6
252 7
252 8
252 9
252 10
252 11
252 12
252 13
252 14
252 15
252 16
252 17
252 18
252 19
252 20
252 21
252 22
252 23
252 24
252 25
252 26
252 27
252 28
252 29
252 30
252 31
252 32
252 33
252 34
252 35
252 36
252 37
252 38
252 42
252 43
252 44
252 45
252 47
252 48
252 49
252 50
252 51
252 54
252 55
252 56
252 57
252 58
252 59
252 61
252 62
252 64
252 65
252 66
252 67
252 68
252 69
252 70
252 71
252 72
252 73
252 74
252 76
252 77
252 79
252 81
252 83
252 84
252 85
252 87
252 89
252 90
252 92
252 93
252 94
252 95
252 96
252 98
252 99
252 100
252 101
252 102
252 104
252 106
252 107
252 108
252 111
252 112
252 113
252 116
252 119
252 120
252 121
252 122
252 124
252 126
252 129
252 131
252 133
252 135
252 137
252 142
252 143
252 144
252 146
252 147
252 148
252 150
252 152
252 154
252 156
252 157
252 158
252 164
252 166
252 167
252 170
252 173
252 174
252 175
252 176
252 177
252 179
252 180
252 181
252 182
252 183
252 184
252 185
252 186
252 187
252 188
252 189
252 190
252 193
252 194
252 195
252 196
252 197
252 198
252 204
252 205
252 209
252 210
252 211
252 212
252 214
252 215
252 216
252 217
252 218
252 219
252 221
252 222
252 223
252 224
252 226
252 227
252 229
252 230
252 232
252 233
252 235
252 237
252 238
252 239
252 241
252 242
252 243
252 244
252 246
252 248
252 249
252 250
252 251
253 0
253 24
253 66
253 135
253 211
254 0
254 1
254 2
254 3
254 4
254 5
254 6
254 7
254 8
254 9
254 10
254 11
254 12
254 13
254 14
254 15
254 16
254 17
254 18
254 19
254 20
254 21
254 22
254 23
254 24
254 25
254 26
254 27
254 28
254 29
254 30
254 31
254 33
254 34
254 35
254 36
254 38
254 41
254 42
254 43
254 44
254 45
254 46
254 47
254 49
254 50
254 51
254 52
254 54
254 55
254 56
254 57
254 58
254 60
254 61
254 62
254 66
254 67
254 68
254 70
254 71
254 72
254 73
254 74
254 75
254 77
254 78
254 79
254 81
254 83
254 85
254 86
254 87
254 90
254 92
254 93
254 94
254 96
254 97
254 98
254 99
254 100
254 101
254 102
254 104
254 106
254 107
254 108
254 112
254 114
254 116
254 120
254 122
254 123
254 124
254 129
254 131
254 132
254 133
254 134
254 135
254 137
254 139
254 140
254 142
254 143
254 144
254 146
254 147
254 148
254 152
254 154
254 155
254 156
254 157
254 158
254 160
254 161
254 162
254 163
254 166
254 167
254 170
254 173
254 174
254 175
254 176
254 177
254 179
254 180
254 181
254 182
254 183
254 185
254 188
254 189
254 194
254 195
254 196
254 197
254 198
254 199
254 204
254 205
254 209
254 210
254 211
254 212
254 214
254 215
254 218
254 219
254 221
254 222
254 224
254 225
254 227
254 229
254 230
254 233
254 235
254 236
254 237
254 238
254 239
254 241
254 242
254 243
254 244
254 248
254 251
254 252
254 253
255 79
256 0
256 1
256 2
256 3
256 4
256 5
256 6
256 7
256 8
256 9
256 10
256 11
256 12
256 13
256 14
256 15
256 16
256 17
256 18
256 19
256 20
256 21
256 22
256 23
256 24
256 25
256 26
256 27
256 28
256 29
256 30
256 31
256 32
256 33
256 34
256 36
256 37
256 38
256 39
256 41
256 43
256 44
256 45
256 46
256 47
256 48
256 49
256 50
256 51
256 52
256 53
256 54
256 55
256 56
256 57
256 58
256 59
256 60
256 61
256 62
256 63
256 64
256 65
256 66
256 67
256 68
256 70
256 71
256 73
256 74
256 76
256 77
256 79
256 81
256 85
256 89
256 90
256 92
256 93
256 94
256 95
256 96
256 98
256 99
256 100
256 101
256 104
256 106
256 107
256 108
256 110
256 111
256 112
256 113
256 116
256 117
256 118
256 120
256 122
256 123
256 124
256 125
256 126
256 127
256 128
256 131
256 133
256 134
256 135
256 137
256 138
256 139
256 142
256 143
256 144
256 145
256 146
256 148
256 149
256 154
256 156
256 157
256 158
256 159
256 161
256 163
256 166
256 167
256 168
256 171
256 173
256 174
256 175
256 177
256 179
256 180
256 181
256 182
256 183
256 184
256 185
256 188
256 189
256 193
256 194
256 195
256 196
256 197
256 198
256 199
256 204
256 205
256 208
256 209
256 210
256 211
256 212
256 213
256 214
256 215
256 218
256 219
256 221
256 222
256 224
256 225
256 226
256 229
256 233
256 235
256 237
256 238
256 239
256 241
256 242
256 243
256 244
256 248
256 251
256 252
256 253
256 254
257 128
257 146
257 183
257 204
257 251
257 256
258 3
258 13
258 31
258 58
258 67
258 82
258 116
258 192
258 205
258 238
258 251
259 4
259 55
259 92
259 119
259 135
259 146
259 185
259 188
259 198
259 257
260 247
261 77
262 139
263 7
263 15
264 247
265 127
266 199
266 222
267 135
268 61
268 73
268 194
268 195
268 235
269 0
269 1
269 2
269 3
269 4
269 5
269 6
269 7
269 8
269 9
269 10
269 11
269 12
269 13
269 14
269 15
269 16
269 17
269 18
269 19
269 20
269 21
269 22
269 23
269 24
269 25
269 26
269 27
269 28
269 29
269 30
269 31
269 32
269 33
269 34
269 35
269 36
269 38
269 41
269 42
269 43
269 44
269 45
269 46
269 47
269 48
269 49
269 50
269 51
269 52
269 54
269 55
269 56
269 57
269 58
269 59
269 60
269 61
269 62
269 63
269 64
269 65
269 66
269 67
269 68
269 70
269 71
269 72
269 73
269 74
269 76
269 77
269 78
269 79
269 81
269 82
269 83
269 85
269 87
269 89
269 92
269 93
269 94
269 95
269 96
269 97
269 98
269 99
269 100
269 101
269 102
269 104
269 106
269 107
269 108
269 109
269 111
269 112
269 116
269 119
269 120
269 121
269 122
269 123
269 125
269 126
269 128
269 133
269 135
269 138
269 140
269 142
269 143
269 144
269 145
269 146
269 147
269 148
269 149
269 152
269 153
269 154
269 155
269 156
269 157
269 158
269 159
269 160
269 161
269 163
269 165
269 166
269 167
269 168
269 172
269 173
269 174
269 175
269 176
269 177
269 179
269 180
269 181
269 182
269 183
269 184
269 185
269 187
269 188
269 189
269 192
269 193
269 194
269 195
269 196
269 197
269 198
269 199
269 204
269 205
269 208
269 209
269 210
269 211
269 213
269 214
269 217
269 218
269 219
269 221
269 222
269 224
269 226
269 227
269 229
269 230
269 232
269 233
269 235
269 236
269 238
269 239
269 241
269 242
269 243
269 244
269 248
269 249
269 251
269 252
269 254
269 255
269 256
269 257
269 258
269 259
270 174
271 156
271 232
272 0
272 1
272 2
272 3
272 4
272 5
272 6
272 7
272 8
272 9
272 10
272 11
272 12
272 13
272 14
272 15
272 16
272 17
272 18
272 19
272 20
272 21
272 22
272 23
272 24
272 25
272 26
272 27
272 28
272 29
272 30
272 31
272 32
272 33
272 34
272 35
272 36
272 37
272 38
272 41
272 42
272 43
272 44
272 45
272 46
272 47
272 48
272 49
272 50
272 51
272 54
272 55
272 56
272 58
272 59
272 60
272 61
272 62
272 63
272 65
272 66
272 67
272 68
272 70
272 71
272 72
272 73
272 76
272 77
272 79
272 81
272 83
272 84
272 85
272 87
272 89
272 92
272 93
272 94
272 95
272 96
272 98
272 99
272 100
272 101
272 102
272 104
272 105
272 106
272 107
272 108
272 110
272 111
272 112
272 113
272 114
272 116
272 117
272 118
272 120
272 121
272 122
272 125
272 126
272 128
272 129
272 133
272 134
272 135
272 137
272 142
272 143
272 144
272 146
272 148
272 153
272 155
272 156
272 157
272 158
272 161
272 163
272 166
272 167
272 169
272 171
272 173
272 174
272 175
272 177
272 179
272 180
272 181
272 182
272 183
272 185
272 187
272 188
272 189
272 193
272 194
272 195
272 196
272 197
272 198
272 201
272 204
272 205
272 209
272 210
272 211
272 212
272 214
272 217
272 219
272 221
272 222
272 224
272 225
272 228
272 229
272 232
272 233
272 235
272 238
272 239
272 241
272 242
272 243
272 244
272 246
272 247
272 248
272 249
272 250
272 251
272 252
272 253
272 254
272 256
272 257
272 258
272 259
272 260
272 263
272 264
272 268
272 269
273 0
273 1
273 2
273 3
273 4
273 5
273 6
273 7
273 8
273 9
273 10
273 11
273 12
273 13
273 14
273 15
273 16
273 17
273 18
273 19
273 20
273 21
273 22
273 23
273 24
273 25
273 26
273 27
273 28
273 29
273 30
273 31
273 33
273 34
273 35
273 36
273 38
273 39
273 42
273 43
273 44
273 45
273 47
273 48
273 49
273 50
273 51
273 54
273 55
273 58
273 59
273 61
273 62
273 63
273 64
273 66
273 67
273 68
273 70
273 71
273 73
273 74
273 76
273 79
273 83
273 84
273 85
273 87
273 89
273 91
273 92
273 93
273 94
273 95
273 99
273 100
273 101
273 102
273 104
273 106
273 107
273 112
273 113
273 116
273 118
273 119
273 120
273 121
273 122
273 123
273 126
273 129
273 131
273 133
273 135
273 139
273 140
273 142
273 143
273 144
273 146
273 148
273 154
273 156
273 157
273 158
273 160
273 161
273 162
273 166
273 167
273 170
273 172
273 173
273 174
273 175
273 177
273 179
273 180
273 181
273 182
273 183
273 185
273 188
273 189
273 194
273 195
273 196
273 197
273 198
273 199
273 204
273 205
273 209
273 210
273 211
273 214
273 215
273 219
273 221
273 222
273 224
273 226
273 227
273 229
273 232
273 235
273 238
273 239
273 241
273 242
273 243
273 244
273 248
273 249
273 251
273 252
273 253
273 254
273 255
273 256
273 268
273 269
273 272
274 53
275 0
275 194
275 210
276 0
276 1
276 5
276 6
276 50
276 54
276 68
277 42
277 180
278 0
278 1
278 2
278 3
278 4
278 5
278 6
278 7
278 8
278 9
278 10
278 11
278 12
278 13
278 14
278 15
278 16
278 17
278 18
278 19
278 20
278 21
278 22
278 23
278 24
278 25
278 26
278 27
278 28
278 29
278 30
278 31
278 32
278 33
278 34
278 35
278 36
278 37
278 38
278 39
278 41
278 42
278 43
278 44
278 45
278 46
278 47
278 48
278 49
278 50
278 51
278 52
278 54
278 55
278 56
278 57
278 58
278 59
278 60
278 61
278 62
278 63
278 64
278 66
278 67
278 68
278 70
278 71
278 72
278 73
278 74
278 76
278 77
278 78
278 79
278 81
278 82
278 83
278 84
278 85
278 86
278 87
278 88
278 89
278 90
278 91
278 92
278 93
278 94
278 95
278 96
278 97
278 98
278 99
278 100
278 101
278 102
278 104
278 105
278 106
278 107
278 108
278 109
278 110
278 111
278 112
278 113
278 116
278 118
278 119
278 120
278 121
278 122
278 124
278 125
278 126
278 129
278 131
278 133
278 134
278 135
278 137
278 139
278 140
278 142
278 143
278 144
278 146
278 147
278 148
278 149
278 150
278 152
278 154
278 155
278 156
278 157
278 158
278 160
278 161
278 162
278 163
278 164
278 166
278 167
278 169
278 170
278 171
278 172
278 173
278 174
278 175
278 176
278 177
278 178
278 179
278 180
278 181
278 182
278 183
278 184
278 185
278 186
278 187
278 188
278 189
278 190
278 191
278 192
278 193
278 194
278 195
278 196
278 197
278 198
278 199
278 204
278 205
278 207
278 208
278 209
278 210
278 211
278 214
278 215
278 216
278 219
278 221
278 222
278 223
278 224
278 226
278 227
278 229
278 232
278 233
278 235
278 236
278 238
278 239
278 241
278 242
278 243
278 244
278 246
278 248
278 249
278 251
278 252
278 254
278 255
278 256
278 257
278 258
278 259
278 262
278 263
278 266
278 268
278 269
278 272
278 273
278 275
278 276
278 277
279 0
279 1
279 2
279 3
279 4
279 5
279 6
279 7
279 8
279 9
279 10
279 11
279 12
279 13
279 14
279 15
279 16
279 17
279 18
279 19
279 20
279 21
279 22
279 23
279 24
279 25
279 26
279 27
279 28
279 29
279 30
279 31
279 32
279 33
279 34
279 35
279 36
279 37
279 38
279 41
279 42
279 43
279 44
279 45
279 46
279 47
279 48
279 49
279 50
279 51
279 52
279 54
279 55
279 56
279 57
279 58
279 59
279 60
279 61
279 62
279 63
279 64
279 65
279 66
279 67
279 68
279 70
279 71
279 72
279 73
279 74
279 76
279 77
279 78
279 79
279 81
279 83
279 85
279 86
279 87
279 89
279 92
279 93
279 94
279 95
279 96
279 97
279 98
279 99
279 100
279 101
279 102
279 104
279 106
279 108
279 109
279 111
279 112
279 113
279 116
279 117
279 119
279 120
279 121
279 122
279 124
279 125
279 126
279 128
279 129
279 131
279 133
279 134
279 135
279 137
279 138
279 139
279 142
279 143
279 144
279 146
279 148
279 149
279 152
279 154
279 156
279 157
279 158
279 163
279 164
279 166
279 167
279 168
279 169
279 170
279 171
279 174
279 175
279 176
279 177
279 178
279 179
279 180
279 181
279 182
279 183
279 185
279 186
279 187
279 188
279 189
279 190
279 192
279 193
279 194
279 195
279 196
279 197
279 198
279 204
279 205
279 209
279 210
279 211
279 214
279 216
279 218
279 219
279 221
279 222
279 224
279 226
279 229
279 230
279 232
279 235
279 238
279 239
279 241
279 242
279 243
279 244
279 246
279 248
279 251
279 252
279 253
279 254
279 256
279 257
279 258
279 259
279 263
279 268
279 269
279 270
279 272
279 273
279 276
279 278
280 0
280 1
280 2
280 3
280 4
280 5
280 6
280 7
280 8
280 9
280 10
280 11
280 12
280 13
280 14
280 15
280 16
280 17
280 18
280 19
280 20
280 21
280 22
280 23
280 24
280 25
280 26
280 27
280 28
280 29
280 30
280 31
280 32
280 33
280 34
280 35
280 36
280 37
280 38
280 39
280 41
280 42
280 43
280 44
280 45
280 46
280 47
280 48
280 49
280 50
280 51
280 52
280 54
280 55
280 56
280 57
280 58
280 59
280 60
280 61
280 62
280 64
280 65
280 66
280 67
280 68
280 70
280 71
280 72
280 73
280 74
280 76
280 77
280 78
280 79
280 82
280 83
280 84
280 85
280 87
280 88
280 90
280 92
280 93
280 94
280 95
280 96
280 98
280 99
280 100
280 101
280 102
280 104
280 106
280 107
280 108
280 109
280 112
280 114
280 116
280 117
280 119
280 120
280 121
280 122
280 123
280 124
280 125
280 128
280 131
280 132
280 133
280 135
280 136
280 137
280 138
280 142
280 143
280 144
280 146
280 148
280 150
280 152
280 156
280 157
280 158
280 159
280 161
280 163
280 166
280 167
280 168
280 170
280 172
280 174
280 175
280 176
280 177
280 179
280 180
280 181
280 182
280 183
280 185
280 188
280 189
280 193
280 194
280 195
280 196
280 197
280 198
280 199
280 204
280 205
280 209
280 210
280 211
280 212
280 213
280 214
280 219
280 221
280 222
280 224
280 225
280 229
280 232
280 233
280 235
280 238
280 239
280 241
280 242
280 243
280 244
280 248
280 251
280 252
280 253
280 254
280 255
280 256
280 257
280 258
280 259
280 261
280 267
280 268
280 269
280 272
280 273
280 275
280 278
280 279
281 0
281 1
281 2
281 3
281 4
281 5
281 6
281 7
281 8
281 9
281 10
281 11
281 12
281 13
281 14
281 15
281 16
281 17
281 18
281 19
281 20
281 21
281 22
281 23
281 24
281 25
281 26
281 27
281 28
281 29
281 30
281 31
281 32
281 33
281 35
281 36
281 37
281 38
281 42
281 44
281 45
281 46
281 47
281 48
281 49
281 50
281 51
281 52
281 53
281 54
281 55
281 56
281 58
281 60
281 61
281 62
281 65
281 66
281 67
281 68
281 70
281 71
281 72
281 73
281 74
281 76
281 77
281 78
281 79
281 84
281 85
281 87
281 88
281 90
281 92
281 93
281 94
281 99
281 101
281 102
281 104
281 106
281 107
281 108
281 111
281 112
281 116
281 117
281 119
281 120
281 122
281 128
281 133
281 135
281 136
281 137
281 138
281 139
281 140
281 142
281 143
281 144
281 146
281 148
281 149
281 152
281 154
281 156
281 157
281 158
281 161
281 164
281 166
281 167
281 169
281 172
281 173
281 174
281 175
281 176
281 177
281 179
281 180
281 181
281 182
281 183
281 185
281 186
281 188
281 189
281 190
281 194
281 195
281 196
281 197
281 198
281 199
281 204
281 205
281 209
281 210
281 211
281 214
281 217
281 219
281 221
281 222
281 224
281 229
281 233
281 235
281 238
281 239
281 241
281 242
281 243
281 244
281 246
281 248
281 251
281 252
281 254
281 256
281 257
281 258
281 259
281 262
281 269
281 272
281 273
281 278
281 279
281 280
282 1
282 5
282 10
282 20
282 30
282 34
282 48
282 94
282 157
282 168
282 188
282 194
282 221
282 224
282 229
282 235
282 248
282 269
282 281
283 30
283 100
284 3
284 10
284 16
284 27
284 83
284 175
284 182
284 185
285 0
285 1
285 2
285 3
285 4
285 5
285 6
285 7
285 8
285 9
285 10
285 11
285 12
285 13
285 14
285 15
285 16
285 17
285 18
285 19
285 20
285 21
285 22
285 23
285 24
285 25
285 26
285 27
285 28
285 29
285 30
285 31
285 32
285 33
285 34
285 35
285 36
285 37
285 38
285 39
285 41
285 42
285 43
285 44
285 45
285 46
285 47
285 48
285 49
285 50
285 51
285 52
285 54
285 55
285 56
285 57
285 58
285 59
285 60
285 61
285 62
285 63
285 64
285 65
285 66
285 67
285 68
285 70
285 71
285 72
285 73
285 74
285 76
285 77
285 78
285 79
285 80
285 81
285 83
285 84
285 85
285 87
285 88
285 89
285 90
285 91
285 92
285 93
285 94
285 95
285 96
285 98
285 99
285 100
285 101
285 102
285 104
285 105
285 106
285 107
285 108
285 109
285 110
285 111
285 112
285 113
285 116
285 118
285 119
285 120
285 121
285 122
285 124
285 125
285 126
285 127
285 129
285 130
285 131
285 133
285 134
285 135
285 136
285 137
285 138
285 139
285 140
285 142
285 143
285 144
285 146
285 148
285 152
285 153
285 154
285 155
285 156
285 157
285 158
285 161
285 162
285 163
285 164
285 166
285 167
285 168
285 170
285 171
285 172
285 173
285 174
285 175
285 176
285 177
285 179
285 180
285 181
285 182
285 183
285 185
285 186
285 188
285 189
285 192
285 194
285 195
285 196
285 197
285 198
285 199
285 200
285 202
285 204
285 205
285 209
285 210
285 211
285 214
285 216
285 218
285 219
285 221
285 222
285 224
285 225
285 226
285 227
285 229
285 232
285 233
285 234
285 235
285 237
285 238
285 239
285 241
285 242
285 243
285 244
285 246
285 248
285 251
285 252
285 254
285 256
285 257
285 259
285 265
285 268
285 269
285 272
285 273
285 275
285 276
285 278
285 279
285 280
285 281
285 282
286 283
287 0
287 1
287 2
287 3
287 4
287 5
287 6
287 7
287 8
287 9
287 10
287 11
287 12
287 13
287 14
287 15
287 16
287 17
287 18
287 19
287 20
287 21
287 22
287 23
287 24
287 25
287 26
287 27
287 29
287 30
287 31
287 32
287 33
287 34
287 35
287 36
287 37
287 38
287 39
287 41
287 42
287 43
287 44
287 45
287 47
287 48
287 49
287 50
287 52
287 54
287 55
287 56
287 57
287 58
287 59
287 60
287 61
287 62
287 63
287 64
287 65
287 67
287 68
287 69
287 71
287 72
287 73
287 74
287 76
287 77
287 78
287 79
287 81
287 83
287 85
287 87
287 88
287 89
287 91
287 92
287 93
287 94
287 95
287 98
287 99
287 100
287 101
287 104
287 106
287 109
287 110
287 112
287 113
287 116
287 120
287 122
287 125
287 126
287 131
287 132
287 133
287 135
287 138
287 139
287 140
287 142
287 143
287 144
287 146
287 148
287 149
287 154
287 155
287 156
287 157
287 158
287 160
287 166
287 167
287 168
287 172
287 173
287 174
287 175
287 176
287 177
287 179
287 180
287 181
287 182
287 183
287 184
287 185
287 187
287 188
287 189
287 193
287 194
287 195
287 196
287 197
287 198
287 199
287 204
287 205
287 207
287 209
287 210
287 211
287 212
287 214
287 219
287 221
287 222
287 224
287 225
287 227
287 229
287 232
287 233
287 235
287 238
287 239
287 241
287 242
287 243
287 244
287 248
287 251
287 252
287 254
287 256
287 257
287 259
287 269
287 271
287 272
287 273
287 277
287 278
287 279
287 280
287 281
287 282
287 284
287 285
288 16
289 0
289 1
289 2
289 3
289 4
289 5
289 6
289 7
289 8
289 9
289 10
289 11
289 12
289 13
289 14
289 15
289 16
289 17
289 18
289 19
289 20
289 21
289 22
289 23
289 24
289 25
289 26
289 27
289 28
289 29
289 30
289 31
289 32
289 33
289 34
289 35
289 36
289 37
289 38
289 39
289 41
289 42
289 43
289 44
289 45
289 46
289 47
289 48
289 49
289 50
289 51
289 52
289 54
289 55
289 56
289 57
289 58
289 59
289 60
289 61
289 62
289 64
289 65
289 67
289 68
289 70
289 71
289 72
289 73
289 74
289 76
289 77
289 79
289 82
289 83
289 85
289 87
289 88
289 90
289 91
289 92
289 93
289 94
289 96
289 98
289 99
289 100
289 101
289 102
289 104
289 106
289 107
289 108
289 110
289 111
289 112
289 113
289 116
289 118
289 119
289 120
289 121
289 122
289 123
289 124
289 126
289 128
289 129
289 130
289 131
289 132
289 133
289 135
289 137
289 138
289 140
289 142
289 143
289 144
289 146
289 148
289 149
289 156
289 157
289 158
289 160
289 161
289 163
289 166
289 167
289 168
289 172
289 173
289 174
289 175
289 177
289 179
289 180
289 181
289 182
289 183
289 185
289 188
289 189
289 194
289 195
289 196
289 197
289 198
289 199
289 204
289 205
289 208
289 209
289 210
289 211
289 213
289 214
289 217
289 218
289 219
289 221
289 222
289 224
289 226
289 227
289 229
289 233
289 234
289 235
289 236
289 237
289 238
289 239
289 241
289 242
289 243
289 244
289 245
289 248
289 251
289 252
289 254
289 256
289 257
289 258
289 266
289 268
289 269
289 272
289 273
289 275
289 276
289 278
289 279
289 280
289 281
289 282
289 285
289 287
290 247
290 264
291 237
292 0
292 1
292 2
292 3
292 4
292 5
292 6
292 7
292 8
292 9
292 10
292 11
292 12
292 13
292 14
292 15
292 16
292 17
292 18
292 19
292 20
292 21
292 22
292 23
292 24
292 25
292 26
292 27
292 28
292 29
292 30
292 31
292 32
292 33
292 34
292 35
292 36
292 37
292 38
292 41
292 42
292 43
292 44
292 45
292 46
292 47
292 48
292 49
292 50
292 51
292 52
292 53
292 54
292 55
292 56
292 57
292 58
292 59
292 60
292 61
292 62
292 64
292 65
292 66
292 67
292 68
292 71
292 72
292 73
292 74
292 76
292 77
292 79
292 81
292 82
292 83
292 85
292 87
292 89
292 90
292 92
292 93
292 94
292 95
292 98
292 99
292 100
292 101
292 102
292 104
292 106
292 108
292 112
292 116
292 118
292 119
292 120
292 121
292 122
292 123
292 127
292 130
292 131
292 133
292 135
292 136
292 137
292 140
292 142
292 143
292 144
292 145
292 146
292 148
292 150
292 152
292 154
292 156
292 157
292 158
292 160
292 162
292 166
292 167
292 170
292 173
292 174
292 175
292 177
292 178
292 179
292 180
292 181
292 182
292 183
292 185
292 188
292 189
292 192
292 194
292 195
292 196
292 197
292 198
292 204
292 205
292 208
292 209
292 210
292 211
292 214
292 217
292 218
292 219
292 221
292 222
292 224
292 225
292 226
292 227
292 229
292 232
292 233
292 235
292 236
292 238
292 239
292 241
292 242
292 243
292 244
292 246
292 248
292 251
292 252
292 253
292 254
292 256
292 257
292 258
292 259
292 268
292 269
292 272
292 273
292 278
292 279
292 280
292 281
292 282
292 285
292 287
292 289
293 69
294 0
294 1
294 2
294 3
294 4
294 5
294 6
294 7
294 8
294 9
294 10
294 11
294 12
294 13
294 14
294 15
294 16
294 17
294 18
294 19
294 20
294 21
294 22
294 23
294 24
294 25
294 26
294 27
294 28
294 29
294 30
294 31
294 32
294 33
294 34
294 35
294 36
294 37
294 38
294 39
294 42
294 43
294 44
294 45
294 46
294 47
294 48
294 49
294 50
294 51
294 52
294 54
294 55
294 56
294 57
294 58
294 60
294 61
294 62
294 63
294 65
294 66
294 67
294 68
294 70
294 71
294 72
294 73
294 74
294 75
294 76
294 77
294 78
294 79
294 81
294 82
294 83
294 84
294 85
294 87
294 88
294 91
294 92
294 93
294 94
294 95
294 96
294 98
294 99
294 100
294 101
294 102
294 104
294 105
294 106
294 107
294 108
294 109
294 111
294 112
294 113
294 116
294 119
294 120
294 121
294 122
294 123
294 124
294 126
294 128
294 129
294 131
294 132
294 133
294 134
294 135
294 137
294 138
294 139
294 140
294 142
294 143
294 144
294 146
294 147
294 148
294 149
294 150
294 152
294 156
294 157
294 158
294 161
294 162
294 164
294 166
294 167
294 169
294 172
294 173
294 174
294 175
294 176
294 177
294 179
294 180
294 181
294 182
294 183
294 185
294 188
294 189
294 190
294 192
294 194
294 195
294 196
294 197
294 198
294 199
294 204
294 205
294 208
294 209
294 210
294 211
294 212
294 214
294 216
294 217
294 218
294 219
294 221
294 222
294 224
294 225
294 226
294 227
294 228
294 229
294 232
294 233
294 235
294 236
294 238
294 239
294 241
294 242
294 243
294 244
294 246
294 247
294 248
294 251
294 252
294 254
294 255
294 256
294 257
294 258
294 259
294 260
294 261
294 262
294 263
294 268
294 269
294 272
294 273
294 275
294 276
294 277
294 278
294 279
294 280
294 281
294 282
294 283
294 285
294 286
294 287
294 289
294 290
294 292
295 0
295 1
295 2
295 3
295 4
295 5
295 6
295 7
295 8
295 9
295 10
295 11
295 12
295 13
295 14
295 15
295 16
295 17
295 18
295 19
295 20
295 21
295 22
295 23
295 24
295 25
295 26
295 27
295 28
295 29
295 30
295 31
295 33
295 34
295 35
295 36
295 37
295 38
295 42
295 43
295 44
295 45
295 46
295 47
295 48
295 49
295 50
295 51
295 52
295 54
295 55
295 56
295 57
295 58
295 59
295 61
295 62
295 63
295 65
295 66
295 67
295 68
295 70
295 71
295 72
295 73
295 74
295 76
295 79
295 81
295 82
295 83
295 85
295 87
295 88
295 89
295 90
295 92
295 93
295 94
295 95
295 98
295 99
295 100
295 101
295 102
295 104
295 106
295 107
295 108
295 109
295 111
295 112
295 116
295 118
295 120
295 121
295 122
295 129
295 132
295 133
295 135
295 137
295 138
295 140
295 142
295 143
295 144
295 146
295 148
295 149
295 152
295 153
295 154
295 156
295 157
295 164
295 166
295 167
295 169
295 170
295 172
295 173
295 174
295 175
295 176
295 177
295 179
295 180
295 181
295 182
295 183
295 185
295 188
295 189
295 190
295 193
295 194
295 195
295 196
295 197
295 198
295 199
295 201
295 204
295 205
295 209
295 210
295 211
295 214
295 218
295 219
295 221
295 222
295 224
295 226
295 227
295 229
295 233
295 235
295 238
295 239
295 241
295 242
295 243
295 244
295 246
295 248
295 251
295 252
295 253
295 254
295 256
295 258
295 259
295 266
295 269
295 272
295 273
295 276
295 278
295 279
295 280
295 281
295 282
295 285
295 287
295 289
295 292
295 294
296 0
296 1
296 2
296 3
296 4
296 5
296 6
296 7
296 8
296 9
296 10
296 11
296 12
296 13
296 14
296 15
296 16
296 17
296 18
296 19
296 20
296 21
296 22
296 23
296 24
296 25
296 26
296 27
296 29
296 30
296 31
296 32
296 33
296 34
296 36
296 37
296 38
296 42
296 44
296 45
296 47
296 48
296 49
296 50
296 51
296 52
296 54
296 55
296 56
296 57
296 58
296 59
296 60
296 61
296 62
296 65
296 68
296 70
296 71
296 72
296 73
296 74
296 77
296 78
296 79
296 81
296 83
296 85
296 86
296 87
296 90
296 91
296 92
296 93
296 94
296 95
296 98
296 99
296 100
296 101
296 102
296 104
296 106
296 108
296 109
296 112
296 113
296 116
296 117
296 119
296 120
296 121
296 122
296 126
296 128
296 129
296 131
296 133
296 135
296 137
296 138
296 140
296 142
296 143
296 144
296 146
296 148
296 149
296 156
296 157
296 158
296 166
296 167
296 170
296 172
296 173
296 174
296 175
296 177
296 178
296 179
296 180
296 181
296 182
296 183
296 185
296 188
296 189
296 191
296 192
296 194
296 195
296 196
296 197
296 198
296 204
296 205
296 209
296 210
296 211
296 214
296 217
296 218
296 219
296 221
296 222
296 224
296 225
296 226
296 229
296 233
296 235
296 238
296 239
296 241
296 242
296 243
296 244
296 247
296 248
296 251
296 252
296 254
296 256
296 257
296 258
296 259
296 260
296 264
296 268
296 269
296 272
296 273
296 278
296 279
296 280
296 281
296 282
296 285
296 287
296 289
296 292
296 294
296 295
297 26
297 38
298 230
299 11
