58377
55267
55390
51690
52553
58072
50145
59912
56661
59503
57366
57182
59638
51033
54745
54319
56053
50034
50641
57680
55950
57533
53749
50755
59221
53524
58133
59261
51189
56665
51486
59378
51286
51266
52109
53203
53072
59877
53461
58486
51515
55771
58172
51637
56588
53167
50395
50145
56671
59327
53914
59356
50545
55394
58435
50917
59314
57669
54235
51796
54029
53558
52903
52576
55965
50429
51112
55197
55450
58046
59897
55955
52290
57281
50756
54601
54578
59770
52836
52242
57006
55509
51666
54157
57356
57394
54212
55198
59082
59376
51205
59129
54037
53439
52241
56516
54257
55724
55877
54394
54047
51209
53381
52449
57255
52075
52641
55142
58437
52290
59360
53158
52427
52918
50442
53411
52545
52184
51209
56866
56007
59651
51532
54733
54572
59742
50765
52473
57616
52835
55041
56531
53956
53960
55791
50856
50106
51665
51582
51239
58112
57274
58036
58383
54015
50213
57845
58129
51536
54234
51850
54647
50419
57914
50244
54631
51851
51225
58126
59670
54702
59433
59577
52281
59013
58279
56564
59479
51666
53828
52851
52640
53406
59475
51771
51987
50252
58691
57909
56737
51774
54588
54162
54804
56152
55741
56793
55590
57432
58431
55892
58650
59149
52293
53001
54970
55550
56300
55900
52762
