0 1 85

1 2 34

2 3 91

3 4 8

4 5 75

5 6 70

6 7 73

7 8 74

8 9 8

9 10 57

10 11 88

11 12 90

12 13 75

13 14 5

14 15 59

15 16 56

16 17 32

17 18 51

18 19 66

19 20 36

20 21 27

21 22 27

22 23 34

23 24 37

24 25 10

25 26 41

26 27 74

27 28 43

28 29 13

29 30 18

30 31 52

31 32 74

32 33 56

33 34 77

34 35 77

35 36 85

36 37 57

37 38 17

38 39 14

39 40 19

40 41 11

41 42 60

42 43 81

43 44 68

44 45 26

45 46 25

46 47 91

47 48 46

48 49 59

49 50 30

50 51 73

51 52 41

52 53 55

53 54 91

54 55 71

55 56 88

56 57 45

57 58 35

58 59 83

59 60 64

60 61 51

61 62 67

62 63 32

63 64 30

64 65 8

65 66 44

66 67 15

67 68 62

68 69 4

69 70 14

70 71 56

71 72 65

72 73 68

73 74 32

74 75 93

75 76 97

76 77 44

77 78 82

78 79 47

79 80 52

80 81 45

81 82 41

82 83 98

83 84 17

84 85 18

85 86 52

86 87 61

87 88 28

88 89 85

89 90 11

90 91 64

91 92 96

92 93 59

93 94 35

94 95 37

95 96 40

96 97 99

97 98 2

98 99 91

99 100 82

100 101 24

101 102 95

102 103 98

103 104 55

104 105 80

105 106 88

106 107 7

107 108 5

108 109 54

109 110 7

110 111 58

111 112 81

112 113 57

113 114 21

114 115 61

115 116 87

116 117 78

117 118 23

118 119 25

119 120 12

120 121 3

121 122 83

122 123 96

123 124 77

124 125 65

125 126 48

126 127 40

127 128 54

128 129 79

129 130 48

130 131 79

131 132 36

132 133 18

133 134 49

134 135 17

135 136 53

136 137 8

137 138 72

138 139 73

139 140 16

140 141 17

141 142 37

142 143 49

143 144 47

144 145 30

145 146 93

146 147 89

147 148 76

148 149 55

149 150 44

150 151 6

151 152 18

152 153 87

153 154 3

154 155 99

155 156 79

156 157 94

157 158 27

158 159 53

159 160 100

160 161 91

161 162 4

162 163 29

163 164 56

164 165 95

165 166 66

166 167 98

167 168 3

168 169 13

169 170 100

170 171 91

171 172 36

172 173 32

173 174 36

174 175 61

175 176 99

176 177 35

177 178 96

178 179 88

179 180 37

180 181 92

181 182 8

182 183 68

183 184 82

184 185 14

185 186 18

186 187 71

187 188 96

188 189 91

189 190 58

190 191 85

191 192 53

192 193 38

193 194 31

194 195 78

195 196 11

196 197 36

197 198 87

198 199 56

199 0 71

19 142 66

1 49 58

196 158 97

78 49 75

129 162 73

1 65 98

194 196 40

24 77 39

50 146 50

43 14 53

40 163 44

144 7 90

85 146 24

52 12 87

36 2 47

75 90 47

171 95 7

115 148 18

79 159 71

58 157 97

29 128 27

82 171 37

168 196 38

80 133 9

160 117 30

185 6 81

40 106 33

170 164 26

174 160 93

160 164 47

71 133 1

59 133 48

102 191 76

172 85 24

167 15 11

154 139 69

86 157 68

197 9 7

96 159 31

124 152 45

25 92 56

94 182 26

90 184 36

17 23 75

113 153 38

69 136 19

24 146 14

191 10 79

160 36 93

85 30 5

140 83 79

147 161 10

181 104 97

106 147 54

71 32 8

129 30 85

181 9 12

179 69 26

186 121 74

111 120 52

11 13 12

18 101 75

24 127 13

187 6 73

32 15 89

64 39 45

159 68 30

37 60 50

173 46 13

86 94 71

10 194 8

109 174 88

40 187 63

124 125 81

170 44 28

7 125 5

158 185 53

150 143 47

150 133 40

96 41 83

102 191 90

69 104 5

116 6 26

26 43 10

136 97 80

134 9 56

25 79 89

184 52 89

76 79 41

169 41 99

194 51 71

188 108 44

156 24 17

167 117 1

56 182 48

16 184 10

35 131 22

183 32 60

34 108 39

38 117 35

93 100 71

55 196 74

71 129 4

35 150 20

71 185 52

37 56 5

100 43 66

25 56 53

98 65 44

17 15 87

118 15 78

2 39 53

78 163 49

188 191 83

179 105 41

22 150 79

20 173 18

147 114 3

19 4 34

17 82 32

21 151 35

93 62 13

148 141 13

172 39 46

81 150 17

43 76 91

194 16 75

161 12 49

26 21 23

62 21 29

20 145 14

60 28 47

83 108 82

84 185 17

175 136 100

22 190 28

119 86 31

154 66 54

133 80 82

190 0 18

107 35 94

59 52 98

100 133 57

100 130 87

134 187 53

90 132 41

157 100 55

102 28 88

67 174 61

102 160 84

29 146 97

160 178 48

43 117 3

132 169 27

131 94 6

67 171 38

43 186 80

8 28 78

64 160 100

110 26 70

120 75 86

106 108 37

0 137 15

171 81 47

175 120 61

81 118 24

4 152 73

113 49 70

17 86 70

34 184 60

80 163 1

109 59 47

38 9 22

38 35 48

8 36 32

142 191 78

156 166 76

28 186 44

2 106 29

21 148 77

152 117 25

37 18 20

55 17 22

148 79 75

133 61 14

196 147 51

167 83 77

126 28 31

177 173 47

74 10 49

160 93 3

3 91 80

192 27 30

14 182 15

67 77 56

100 6 54

61 103 34

50 122 71

11 125 53

90 13 36

38 135 4

5 129 98

66 93 61

122 71 39

161 76 87

109 149 41

121 158 8

169 82 68

72 50 42

45 70 99

13 162 10

83 142 95

75 84 40

90 20 76

4 70 49

167 5 88

140 103 49

128 66 52

128 145 18

3 100 15

8 2 39

152 94 62

53 132 58

150 125 18

192 42 26

114 17 48

168 56 57

184 55 51

30 122 8

57 155 40

6 113 41

130 174 2

78 38 29

29 16 11

95 64 10

68 9 89

73 129 57

148 107 84

9 84 100

82 186 43

122 36 76

189 183 80

191 13 56

165 167 96

13 111 82

6 117 100

128 34 25

31 41 74

117 35 87

129 73 13

65 196 74

178 154 13

170 107 69

138 160 89

165 154 91

35 141 36

56 168 39

47 168 66

119 81 35

52 99 58

79 120 70

81 96 64

87 65 79

11 29 21

1 75 53

75 13 80

46 174 7

66 41 56

24 79 73

96 60 60

57 46 54

177 45 69

195 116 97

42 136 73

60 80 6

1 43 5

6 145 98

113 193 17

156 191 92

56 94 83

52 128 12

32 31 49

45 111 29

5 115 80

116 118 21

59 53 30

12 90 20

50 122 84

1 75 31

80 119 26

169 142 10

162 102 80

66 108 24

183 82 98

89 70 64

42 114 48

190 158 99

1 166 94

48 145 78

12 179 52

36 4 49

165 139 42

198 43 44

170 28 42

11 77 12

61 153 75

166 35 33

75 160 61

4 151 70

91 169 53

142 41 98

19 112 97

53 146 41

98 177 66

32 43 11

185 123 1

173 85 46

20 116 57

87 178 63

31 138 99

183 28 59

48 144 19

38 77 81

38 96 32

181 53 70

16 186 35

68 98 41

76 146 91

79 1 30

192 59 78

182 138 80

77 137 34

171 18 95

183 112 58

44 46 61

17 101 42

75 68 26

125 140 1

70 101 97

153 94 45

22 185 54

115 149 6

73 1 65

143 172 90

58 90 19

170 84 27

35 150 30

89 170 29

184 28 30

136 188 90

51 52 2

11 17 12

64 30 28

196 62 76

51 190 88

53 135 84

99 53 55

8 191 96

115 164 79

102 37 95

67 27 37

153 185 11

47 38 92

36 181 76

121 5 32

183 61 70

50 15 54

141 137 60

110 189 100

24 63 36

91 1 18

68 118 87

15 188 76

1 153 47

116 157 27

147 44 1

133 33 47

24 198 7

58 18 76

55 99 73

61 91 49

3 193 80

80 68 35

21 66 81

52 136 69

163 64 22

152 185 69

55 61 98

136 172 90

75 120 19

159 125 3

62 64 56

128 86 36

7 16 10

147 75 75

21 173 59

167 178 65

72 89 31

29 190 21

169 62 18

181 107 35

108 65 60

19 177 47

39 189 88

147 148 4

71 198 38

49 24 86

165 95 49

45 177 2

106 41 91

51 84 22

155 141 70

10 18 16

107 29 55

195 196 26

75 15 21

50 193 50

112 144 52

111 193 27

173 81 20

105 189 20

94 74 41

188 22 79

195 167 2

198 15 27

168 67 90

40 11 80

73 177 48

160 25 24

24 145 21

109 68 7

149 69 3

134 34 88

98 179 50

15 187 10

61 174 41

112 142 14

48 25 75

77 128 40

30 12 35

150 20 8

34 113 53

190 159 57

183 69 51

1 6 55

64 129 60

163 48 29

131 3 67

148 71 56

99 18 40

122 161 49

45 36 61

41 108 72

7 186 5

83 129 62

113 125 19

64 33 18

151 72 71

155 167 46

126 104 90

76 78 4

100 48 12

48 41 99

105 82 70

4 107 54

132 45 56

14 79 73

77 130 35

154 113 59

164 58 80

170 105 67

44 52 40

164 131 86

28 189 2

160 88 83

163 122 36

143 28 28

164 181 2

129 114 99

63 110 79

2 31 38

170 98 67

192 196 77

156 69 14

65 116 64

92 30 5

26 11 5

161 71 71

5 148 72

91 36 72

128 83 17

27 196 47

52 161 20

10 150 25

153 83 35

186 176 93

44 33 12

101 55 40

180 55 99

156 99 65

70 114 79

21 142 80

75 2 10

3 138 72

27 113 28

157 195 94

55 62 86

114 27 31

191 101 42

151 41 66

33 138 17

187 34 85

61 20 75

134 33 27

4 143 45

26 1 56

106 97 90

89 45 44

39 168 84

71 83 49

104 9 23

66 130 19

154 183 3

157 81 11

62 182 22

1 5 40

85 113 98

69 13 36

46 116 63

160 165 92

74 75 5

183 158 74

160 0 7

75 162 88

88 177 95

171 59 57

159 45 9

61 33 76

81 162 38

34 181 11

89 102 20

130 36 64

87 163 90

48 183 24

81 163 23

111 65 5

84 100 100

95 167 89

177 6 14

146 54 84

92 78 41

167 104 82

150 60 29

114 143 73

153 93 89

65 181 8

36 75 74

87 9 56

111 27 72

11 96 27

153 117 36

22 132 30

134 181 10

48 146 38

116 170 90

155 149 78

189 170 59

17 185 12

109 46 25

141 138 58

87 134 54

68 4 97

154 143 32

2 63 59

114 61 19

39 193 10

138 55 45

63 47 37

103 60 27

118 121 17

175 88 60

5 66 5

174 196 53

124 166 4

129 4 52

117 58 88

156 169 81

89 108 93

9 105 81

192 45 8

32 16 67

161 40 57

164 85 91

20 184 64

80 149 78

137 44 88

50 182 20

10 83 71

152 146 1

88 111 70

