1 0 41
2 1 65
3 0 6
3 1 12
3 2 79
4 0 71
4 1 29
4 2 15
4 3 46
5 0 59
5 1 31
5 3 14
5 4 53
6 0 18
7 0 63
7 1 92
7 2 78
8 1 11
8 2 69
8 7 51
9 5 99
10 2 53
10 3 61
10 7 85
11 0 82
11 1 42
11 2 71
11 3 29
11 4 3
11 5 24
11 7 91
11 8 41
12 6 45
13 6 96
13 12 12
14 0 87
14 1 84
14 3 82
14 7 21
14 8 43
14 10 18
15 11 66
16 0 45
16 1 58
16 2 67
16 3 69
16 4 96
16 7 22
16 8 84
16 11 58
16 14 51
17 0 62
17 1 64
17 2 17
17 6 84
17 7 36
17 8 45
17 10 10
17 14 77
17 16 54
18 17 64
19 17 29
19 18 37
20 0 77
20 1 2
20 2 92
20 3 55
20 7 68
20 8 32
20 10 83
20 11 15
20 14 98
20 15 55
20 16 9
20 17 19
21 13 53
22 15 40
22 16 26
22 17 25
22 20 72
23 0 4
23 1 6
23 2 57
23 3 58
23 4 93
23 5 81
23 7 18
23 8 49
23 9 71
23 10 25
23 11 73
23 14 49
23 15 4
23 16 1
23 17 59
23 20 51
23 22 70
24 16 75
24 23 91
25 0 27
25 1 97
25 2 32
25 3 84
25 8 99
25 11 96
25 14 29
25 17 51
25 18 17
25 19 20
26 23 90
26 24 7
27 7 63
28 0 93
28 1 48
28 2 40
28 3 18
28 7 41
28 8 80
28 10 18
28 11 61
28 14 14
28 15 17
28 16 51
28 17 6
28 18 35
28 20 46
28 22 46
28 23 33
28 25 5
29 6 41
29 17 26
29 28 4
30 2 93
30 6 99
30 10 9
30 14 25
30 16 62
30 17 17
30 18 76
30 19 31
30 20 47
30 22 9
30 23 64
30 25 37
30 28 43
30 29 1
31 7 96
31 16 84
32 0 88
32 1 25
32 7 12
32 10 92
32 14 8
32 20 66
33 7 90
33 27 20
34 0 2
34 1 19
34 2 75
34 3 7
34 4 14
34 5 100
34 6 15
34 7 14
34 8 46
34 10 58
34 11 83
34 14 87
34 15 41
34 16 17
34 17 66
34 18 7
34 19 39
34 20 3
34 22 94
34 23 82
34 24 15
34 25 12
34 26 87
34 28 58
34 29 50
34 30 28
35 21 14
36 4 96
36 23 88
37 0 65
37 1 12
37 2 70
37 3 53
37 4 3
37 5 29
37 7 94
37 8 19
37 10 55
37 11 67
37 14 50
37 15 52
37 16 80
37 17 29
37 18 33
37 19 72
37 20 55
37 22 97
37 23 61
37 24 1
37 25 17
37 28 22
37 30 14
37 32 47
37 34 34
38 0 93
38 1 41
38 2 41
38 4 47
38 7 91
38 8 40
38 10 92
38 11 57
38 14 46
38 15 30
38 16 75
38 17 2
38 18 25
38 19 36
38 20 77
38 22 73
38 23 81
38 25 85
38 28 98
38 29 83
38 30 79
38 32 81
38 34 63
38 37 27
39 0 5
39 1 34
39 2 60
39 3 71
39 4 26
39 5 8
39 6 39
39 7 6
39 8 60
39 9 60
39 10 26
39 11 96
39 14 1
39 15 63
39 16 21
39 17 28
39 18 38
39 19 62
39 20 50
39 22 66
39 23 44
39 25 46
39 27 43
39 28 90
39 29 30
39 30 11
39 32 68
39 33 9
39 34 59
39 36 37
39 37 86
39 38 83
40 0 1
40 1 40
40 7 9
40 38 74
41 40 52
42 34 35
43 0 28
44 0 92
44 1 54
44 8 86
44 16 12
44 17 100
44 25 82
44 37 37
45 7 92
46 0 29
46 1 100
46 2 60
46 3 25
46 4 99
46 5 74
46 6 80
46 7 6
46 8 42
46 10 29
46 11 86
46 14 82
46 16 46
46 17 46
46 18 35
46 19 42
46 20 80
46 23 27
46 24 8
46 25 15
46 26 21
46 27 71
46 28 56
46 30 42
46 31 86
46 32 47
46 33 12
46 34 40
46 36 81
46 37 32
46 38 72
46 39 34
47 0 74
47 1 8
47 2 94
47 3 70
47 4 5
47 5 13
47 6 8
47 7 61
47 8 8
47 10 86
47 11 96
47 14 2
47 15 12
47 16 67
47 17 62
47 18 22
47 19 30
47 20 64
47 22 66
47 23 26
47 25 100
47 28 6
47 29 95
47 30 30
47 34 50
47 37 98
47 38 46
47 39 33
47 40 20
47 42 13
47 44 60
47 46 51
48 0 79
48 1 53
48 2 41
48 3 90
48 4 71
48 5 78
48 6 12
48 7 11
48 8 20
48 9 23
48 10 4
48 11 53
48 14 57
48 15 76
48 16 9
48 17 81
48 20 57
48 22 90
48 23 55
48 24 14
48 25 3
48 26 80
48 28 66
48 30 74
48 32 17
48 33 27
48 34 23
48 37 74
48 38 96
48 39 77
48 42 21
48 46 68
48 47 74
49 0 92
49 1 99
49 2 45
49 3 76
49 4 34
49 5 7
49 6 74
49 7 90
49 8 9
49 9 85
49 10 71
49 11 48
49 12 41
49 13 93
49 14 58
49 15 28
49 16 25
49 17 82
49 18 26
49 19 53
49 20 31
49 22 8
49 23 1
49 24 34
49 25 23
49 26 25
49 27 40
49 28 27
49 29 9
49 30 81
49 31 4
49 32 85
49 33 81
49 34 86
49 37 35
49 38 19
49 39 1
49 42 13
49 44 89
49 46 7
49 47 35
49 48 64
50 41 42
51 30 22
52 0 99
52 1 23
52 2 31
52 3 44
52 4 83
52 5 22
52 7 57
52 8 25
52 10 57
52 11 58
52 14 22
52 15 7
52 16 41
52 17 19
52 18 69
52 20 45
52 22 62
52 23 44
52 28 91
52 34 38
52 37 4
52 38 3
52 39 21
52 40 23
52 41 45
52 45 38
52 46 100
52 47 59
52 48 1
52 49 37
52 50 4
53 4 15
54 0 65
54 1 56
54 2 85
54 3 29
54 4 68
54 5 46
54 6 46
54 7 79
54 8 18
54 9 97
54 10 47
54 11 98
54 14 27
54 15 82
54 16 83
54 17 2
54 18 72
54 19 5
54 20 73
54 22 91
54 23 47
54 24 57
54 25 74
54 26 78
54 27 77
54 28 63
54 29 17
54 30 6
54 32 39
54 34 48
54 36 59
54 37 27
54 38 66
54 39 60
54 40 55
54 44 66
54 46 46
54 47 54
54 48 53
54 49 64
54 52 13
55 50 30
56 0 32
56 1 56
56 2 83
56 3 93
56 4 21
56 5 87
56 6 51
56 7 74
56 8 37
56 10 32
56 11 85
56 14 28
56 15 9
56 16 65
56 17 2
56 18 86
56 19 84
56 20 81
56 22 59
56 23 28
56 24 85
56 25 64
56 26 70
56 27 51
56 28 64
56 29 64
56 30 60
56 31 64
56 32 17
56 33 6
56 34 45
56 36 42
56 37 23
56 38 66
56 39 64
56 40 81
56 41 97
56 42 44
56 45 53
56 46 25
56 47 29
56 48 66
56 49 97
56 52 28
56 54 62
57 0 9
57 1 64
57 2 80
57 3 61
57 4 35
57 5 48
57 7 50
57 8 56
57 9 49
57 10 28
57 11 69
57 14 1
57 15 87
57 16 41
57 20 44
57 22 32
57 23 19
57 24 38
57 25 87
57 26 49
57 28 45
57 32 4
57 34 14
57 36 54
57 37 95
57 38 69
57 39 85
57 42 64
57 46 30
57 47 15
57 48 11
57 49 34
57 52 59
57 54 9
57 56 8
58 18 26
59 0 44
59 1 12
59 2 57
59 3 50
59 4 90
59 5 21
59 6 5
59 7 50
59 8 49
59 9 45
59 10 61
59 11 32
59 14 34
59 15 57
59 16 90
59 17 52
59 18 11
59 19 45
59 20 49
59 22 6
59 23 78
59 24 20
59 25 22
59 26 65
59 27 41
59 28 78
59 29 27
59 30 42
59 32 63
59 34 6
59 37 41
59 38 17
59 39 43
59 40 98
59 41 12
59 42 18
59 44 41
59 46 62
59 47 4
59 48 99
59 49 22
59 50 45
59 51 56
59 52 1
59 54 32
59 55 62
59 56 28
59 57 50
60 3 16
61 0 40
61 6 58
61 34 18
61 47 36
61 48 83
61 54 75
62 0 11
62 1 6
62 2 38
62 3 78
62 4 65
62 7 76
62 8 100
62 10 71
62 11 40
62 14 9
62 16 32
62 17 52
62 20 85
62 24 33
62 26 62
62 28 11
62 29 86
62 33 13
62 34 70
62 37 12
62 39 17
62 46 22
62 47 34
62 48 21
62 49 85
62 52 76
62 54 11
62 56 55
62 57 70
62 59 47
63 2 49
63 25 24
63 47 77
63 54 49
63 56 16
63 57 50
63 59 40
64 0 62
64 1 41
64 2 98
64 3 1
64 4 43
64 5 70
64 6 67
64 7 33
64 8 37
64 9 85
64 10 75
64 11 26
64 13 30
64 14 77
64 16 30
64 17 14
64 18 20
64 19 78
64 20 94
64 23 32
64 24 51
64 25 64
64 26 90
64 27 46
64 28 81
64 30 28
64 34 58
64 36 62
64 37 40
64 38 31
64 39 100
64 40 1
64 41 27
64 44 22
64 46 35
64 47 2
64 48 51
64 49 100
64 52 42
64 54 12
64 56 5
64 57 50
64 58 19
64 59 32
64 61 30
64 62 91
64 63 80
65 49 54
66 64 66
67 0 80
67 23 66
68 33 11
69 55 77
70 54 19
70 63 33
71 0 79
71 1 100
71 2 50
71 3 43
71 4 14
71 5 13
71 6 69
71 7 75
71 8 26
71 9 35
71 10 52
71 11 65
71 14 56
71 15 7
71 16 55
71 17 14
71 18 27
71 19 56
71 20 7
71 22 94
71 23 55
71 24 37
71 25 91
71 26 29
71 28 59
71 29 53
71 30 89
71 31 73
71 33 12
71 34 65
71 36 51
71 37 27
71 38 80
71 39 19
71 42 54
71 46 90
71 47 90
71 48 85
71 49 79
71 52 59
71 53 46
71 54 44
71 56 70
71 57 73
71 59 1
71 61 6
71 62 35
71 63 57
71 64 10
71 65 26
71 70 63
72 28 7
72 40 34
72 46 61
72 47 8
72 49 88
72 56 12
72 59 6
72 63 83
72 64 60
73 34 64
73 59 37
74 47 91
75 0 84
75 1 63
75 2 85
75 3 17
75 4 56
75 5 96
75 6 31
75 7 5
75 8 42
75 10 12
75 11 56
75 12 68
75 13 96
75 14 23
75 15 5
75 16 33
75 17 12
75 18 13
75 19 10
75 20 59
75 22 100
75 23 69
75 24 78
75 25 16
75 26 29
75 28 75
75 30 33
75 32 50
75 34 73
75 37 59
75 38 91
75 39 7
75 40 52
75 45 62
75 46 20
75 47 66
75 48 40
75 49 86
75 51 64
75 52 57
75 54 86
75 56 91
75 57 27
75 59 84
75 62 95
75 63 57
75 64 32
75 66 85
75 70 38
75 71 3
75 72 80
75 73 82
75 74 70
76 0 97
76 1 3
76 2 21
76 3 85
76 4 58
76 5 84
76 6 96
76 7 2
76 8 24
76 9 81
76 10 48
76 11 11
76 12 8
76 13 67
76 14 27
76 15 52
76 16 68
76 17 9
76 18 7
76 19 71
76 20 81
76 22 74
76 23 71
76 24 8
76 25 76
76 26 87
76 27 2
76 28 1
76 29 9
76 30 51
76 31 58
76 32 77
76 33 53
76 34 71
76 36 98
76 37 100
76 38 49
76 39 70
76 40 96
76 41 50
76 44 13
76 45 56
76 46 38
76 47 30
76 48 89
76 49 7
76 50 87
76 52 92
76 54 98
76 56 46
76 57 88
76 59 17
76 61 11
76 62 89
76 63 72
76 64 59
76 71 27
76 75 13
77 2 25
78 0 37
78 1 44
78 2 98
78 3 81
78 4 21
78 5 4
78 6 70
78 7 27
78 8 5
78 9 28
78 10 33
78 11 37
78 12 2
78 14 69
78 15 54
78 16 70
78 17 100
78 18 3
78 19 17
78 20 59
78 22 78
78 23 5
78 24 91
78 25 23
78 26 50
78 27 93
78 28 66
78 29 70
78 30 49
78 32 47
78 33 18
78 34 49
78 36 61
78 37 64
78 38 20
78 39 82
78 40 99
78 43 24
78 44 27
78 45 78
78 46 67
78 47 56
78 48 29
78 49 47
78 50 58
78 52 25
78 53 13
78 54 3
78 55 32
78 56 19
78 57 4
78 58 1
78 59 11
78 60 25
78 61 52
78 62 67
78 64 59
78 71 81
78 72 1
78 75 98
78 76 17
79 1 95
79 2 93
79 8 92
79 10 10
79 13 40
79 16 96
79 28 35
79 56 99
79 57 65
79 59 12
79 64 85
79 66 90
79 71 37
79 72 36
79 75 97
79 76 72
79 78 47
80 14 64
80 16 72
80 17 40
80 24 65
80 46 96
80 63 8
80 64 37
80 75 2
80 76 70
81 38 22
81 49 69
81 65 43
81 76 97
82 0 25
82 1 77
82 2 83
82 3 68
82 4 54
82 5 93
82 6 78
82 7 74
82 8 36
82 9 95
82 10 99
82 11 49
82 12 95
82 13 43
82 14 77
82 15 64
82 16 87
82 17 35
82 18 77
82 19 43
82 20 6
82 22 76
82 23 83
82 24 13
82 25 53
82 26 42
82 28 17
82 29 71
82 30 78
82 31 51
82 32 58
82 34 45
82 36 96
82 37 26
82 38 66
82 39 1
82 40 45
82 44 69
82 45 30
82 46 71
82 47 65
82 48 82
82 49 28
82 52 71
82 53 78
82 54 54
82 56 14
82 57 17
82 59 17
82 61 56
82 62 31
82 63 37
82 64 95
82 65 94
82 70 36
82 71 50
82 72 88
82 75 8
82 76 62
82 78 73
82 79 56
82 80 31
82 81 19
83 6 73
84 0 44
84 1 66
84 2 1
84 3 13
84 4 1
84 5 71
84 6 17
84 7 96
84 8 10
84 9 83
84 10 84
84 11 9
84 13 48
84 14 52
84 15 72
84 16 14
84 17 9
84 18 54
84 19 86
84 20 75
84 21 57
84 22 31
84 23 90
84 24 40
84 25 70
84 26 94
84 27 85
84 28 7
84 29 98
84 30 31
84 33 41
84 34 20
84 35 84
84 37 95
84 38 40
84 39 5
84 40 10
84 41 90
84 44 65
84 45 95
84 46 72
84 47 99
84 48 45
84 49 62
84 50 15
84 52 82
84 54 30
84 56 44
84 57 51
84 58 65
84 59 49
84 62 71
84 63 71
84 64 35
84 65 10
84 71 74
84 72 75
84 75 13
84 76 43
84 77 87
84 78 20
84 79 14
84 80 78
84 82 10
85 0 49
85 1 72
85 2 87
85 3 10
85 4 31
85 5 1
85 7 32
85 8 55
85 9 47
85 10 32
85 11 9
85 14 65
85 15 31
85 16 55
85 17 33
85 18 57
85 19 7
85 20 59
85 22 100
85 23 93
85 24 57
85 25 57
85 27 48
85 28 94
85 29 63
85 30 7
85 31 91
85 32 39
85 33 100
85 34 24
85 37 87
85 38 14
85 39 12
85 40 39
85 41 70
85 44 41
85 46 38
85 47 38
85 48 44
85 49 20
85 52 99
85 53 80
85 54 31
85 56 67
85 57 87
85 59 89
85 62 82
85 63 14
85 64 69
85 65 82
85 70 7
85 71 99
85 74 79
85 75 9
85 76 26
85 78 15
85 79 88
85 80 88
85 81 91
85 82 1
85 84 23
86 0 68
86 1 29
86 2 41
86 3 17
86 4 13
86 5 6
86 6 28
86 7 91
86 8 83
86 9 12
86 11 88
86 12 51
86 13 28
86 14 83
86 15 41
86 16 28
86 17 44
86 18 91
86 19 67
86 20 90
86 22 9
86 23 82
86 24 49
86 26 64
86 27 86
86 28 88
86 29 7
86 30 39
86 32 72
86 34 18
86 37 41
86 38 19
86 39 43
86 40 79
86 41 18
86 42 89
86 43 55
86 44 94
86 45 79
86 46 3
86 47 19
86 48 86
86 49 40
86 50 24
86 52 7
86 54 33
86 56 70
86 57 93
86 59 33
86 61 42
86 62 13
86 63 88
86 64 56
86 70 45
86 71 18
86 74 77
86 75 23
86 76 10
86 78 24
86 79 74
86 80 31
86 82 68
86 83 35
86 84 92
86 85 72
87 0 33
87 1 97
87 2 9
87 3 9
87 4 96
87 5 87
87 6 43
87 7 72
87 8 96
87 9 21
87 10 32
87 11 26
87 12 81
87 13 96
87 14 60
87 16 87
87 17 10
87 18 46
87 19 97
87 20 25
87 22 7
87 23 90
87 24 97
87 25 67
87 26 20
87 27 79
87 28 55
87 29 13
87 30 73
87 31 66
87 32 11
87 34 16
87 37 37
87 38 47
87 39 72
87 40 94
87 41 61
87 42 25
87 43 92
87 44 99
87 46 35
87 47 45
87 48 45
87 49 78
87 52 55
87 53 7
87 54 62
87 56 61
87 57 89
87 58 89
87 59 61
87 62 30
87 63 68
87 64 99
87 65 88
87 70 22
87 71 54
87 72 30
87 75 88
87 76 98
87 78 60
87 79 41
87 80 66
87 81 87
87 82 20
87 84 16
87 85 66
87 86 82
88 69 88
89 3 36
89 78 44
90 47 100
90 74 9
91 0 43
91 1 31
92 0 88
92 1 100
92 2 49
92 3 91
92 4 5
92 5 56
92 6 51
92 7 54
92 8 97
92 9 43
92 10 92
92 11 19
92 12 51
92 14 76
92 15 65
92 16 6
92 17 15
92 18 46
92 19 33
92 20 80
92 22 100
92 23 80
92 24 78
92 25 77
92 26 60
92 28 74
92 29 60
92 30 45
92 31 35
92 32 86
92 34 8
92 37 85
92 38 89
92 39 93
92 40 66
92 41 88
92 42 80
92 44 86
92 45 50
92 46 56
92 47 5
92 48 34
92 49 52
92 52 64
92 54 87
92 56 21
92 57 29
92 58 44
92 59 77
92 61 67
92 62 52
92 63 95
92 64 39
92 66 99
92 70 79
92 71 10
92 72 58
92 73 46
92 74 53
92 75 24
92 76 55
92 78 66
92 79 69
92 80 62
92 81 17
92 82 46
92 84 64
92 85 47
92 86 83
92 87 58
93 34 29
93 59 30
93 73 23
94 0 93
94 37 59
94 43 15
95 5 91
96 0 47
96 1 23
96 2 57
96 3 19
96 4 19
96 5 51
96 6 27
96 7 27
96 8 50
96 9 40
96 10 67
96 11 44
96 12 75
96 13 90
96 14 35
96 15 72
96 16 66
96 17 47
96 18 43
96 19 25
96 20 54
96 22 44
96 23 58
96 24 76
96 25 34
96 26 53
96 27 66
96 28 62
96 29 48
96 32 89
96 34 41
96 37 56
96 38 72
96 39 58
96 40 83
96 41 49
96 42 76
96 44 12
96 45 22
96 46 47
96 47 71
96 49 15
96 50 35
96 52 37
96 54 84
96 55 71
96 56 63
96 57 26
96 59 72
96 62 24
96 63 22
96 64 20
96 66 20
96 69 69
96 71 40
96 74 55
96 75 64
96 76 73
96 78 41
96 80 60
96 82 9
96 84 53
96 85 4
96 86 22
96 87 62
96 90 78
96 92 97
97 0 1
97 1 93
97 2 35
97 3 42
97 4 79
97 5 30
97 6 81
97 7 23
97 8 20
97 10 18
97 11 26
97 12 72
97 13 58
97 14 47
97 15 49
97 16 76
97 17 45
97 18 8
97 19 53
97 20 30
97 21 58
97 22 92
97 23 13
97 24 19
97 25 92
97 26 11
97 27 33
97 28 48
97 29 85
97 30 35
97 32 67
97 33 51
97 34 78
97 35 71
97 36 4
97 37 19
97 38 39
97 39 19
97 40 35
97 41 16
97 42 4
97 43 52
97 44 70
97 46 36
97 47 12
97 48 27
97 49 42
97 52 50
97 54 50
97 56 71
97 57 92
97 59 15
97 61 69
97 62 72
97 63 33
97 64 75
97 66 5
97 70 74
97 71 81
97 72 55
97 75 76
97 76 51
97 78 92
97 79 76
97 80 99
97 82 9
97 84 50
97 85 97
97 86 75
97 87 68
97 91 71
97 92 28
97 93 48
97 94 44
97 96 51
98 20 80
99 0 23
99 1 49
99 2 94
99 3 35
99 4 11
99 6 96
99 7 51
99 8 13
99 9 86
99 10 73
99 11 82
99 14 4
99 15 17
99 16 90
99 17 68
99 18 74
99 19 91
99 20 84
99 22 10
99 23 59
99 24 28
99 25 37
99 26 17
99 27 28
99 28 89
99 29 49
99 30 78
99 31 67
99 32 1
99 33 65
99 34 79
99 36 20
99 37 28
99 38 56
99 39 3
99 40 94
99 41 34
99 44 10
99 46 37
99 47 3
99 48 31
99 49 55
99 51 51
99 52 27
99 54 70
99 56 43
99 57 37
99 59 64
99 61 38
99 62 100
99 63 6
99 64 8
99 68 71
99 71 38
99 74 59
99 75 1
99 76 89
99 78 50
99 79 66
99 82 72
99 84 46
99 85 55
99 86 82
99 87 52
99 89 25
99 92 54
99 94 21
99 96 43
99 97 70
