146
170
190
121
178
161
156
186
200
161
102
164
161
115
181
139
105
123
119
184
160
141
130
133
109
102
177
174
141
101
172
193
192
111
133
126
168
150
165
191
154
121
171
139
171
118
146
120
155
196
116
131
126
142
156
161
169
134
164
143
102
169
170
131
182
126
157
141
158
162
111
104
173
121
105
186
119
187
120
107
102
183
174
191
169
124
108
179
115
189
157
129
176
178
189
113
162
142
172
146
