57963
53473
59605
51733
57143
58550
58713
55200
55494
52942
58567
57623
55134
55030
59195
55609
50938
51081
57666
55258
55564
54329
50227
58033
53815
54642
54407
51337
59633
59595
50097
50545
53862
59818
54818
59227
53417
54953
58288
56586
53065
54566
56241
54009
51982
52247
57406
52104
51855
52872
59891
59915
54798
52180
54434
58830
55797
59006
58804
58142
58840
55129
51688
57795
59924
56623
52471
59282
59238
59241
56630
59384
52327
55750
59935
59949
58010
55870
56277
53923
52227
58965
55851
53588
53273
51724
51850
56677
52863
53168
58451
50935
59492
54150
58275
58239
56825
50527
56547
54466
