144
102
155
143
142
133
120
162
130
126
162
153
113
151
118
179
186
149
185
108
151
106
143
109
112
160
122
110
122
135
147
120
164
148
151
139
180
158
116
170
197
150
189
134
157
143
144
178
154
196
154
108
137
185
141
102
124
106
200
198
180
160
177
117
129
152
136
104
199
144
150
132
126
139
184
174
138
101
180
127
158
102
166
139
150
141
135
155
198
111
131
104
174
166
121
142
165
166
117
189
178
113
187
175
180
154
122
192
159
134
126
192
142
154
161
183
162
117
159
149
155
170
124
118
111
127
101
163
129
118
109
128
121
128
147
155
185
199
104
123
164
116
187
121
174
165
180
103
123
171
108
103
136
159
105
106
104
139
167
120
188
143
162
129
162
196
145
120
142
144
151
153
104
116
145
171
178
178
150
196
133
148
175
186
141
185
144
172
100
102
194
110
166
128
120
139
193
157
192
170
