0	2	23
0	7	75
0	11	95
0	14	86
0	19	8
0	20	68
0	22	23
0	24	93
0	28	74
0	31	62
0	33	79
0	39	50
0	40	37
0	42	34
0	47	64
0	53	2
0	56	21
0	57	56
0	60	19
0	63	55
0	65	97
0	66	30
0	71	25
0	72	16
0	73	21
0	77	71
0	79	5
0	84	91
0	85	56
0	88	16
0	90	2
0	96	6
0	103	22
0	104	6
0	107	23
0	109	68
0	112	97
0	113	51
0	114	20
0	116	97
0	117	43
0	118	75
0	119	41
0	127	24
0	128	95
0	130	88
0	131	24
0	132	1
0	134	96
0	136	94
0	142	55
0	146	69
0	150	60
0	151	22
0	152	43
0	153	67
0	157	76
0	160	83
0	161	66
0	162	56
0	164	87
0	165	39
0	167	79
0	168	45
0	169	53
0	170	97
0	174	12
0	175	32
0	179	2
0	180	2
0	187	64
0	190	99
0	194	7
0	195	17
0	196	44
0	197	68
1	3	56
1	4	85
1	7	84
1	13	92
1	18	67
1	19	32
1	23	81
1	24	89
1	26	1
1	28	57
1	30	49
1	31	56
1	34	17
1	37	42
1	38	95
1	42	26
1	46	52
1	47	68
1	48	60
1	49	14
1	53	2
1	55	64
1	58	99
1	59	41
1	67	19
1	70	51
1	72	40
1	75	13
1	76	74
1	77	9
1	80	47
1	87	94
1	90	100
1	91	48
1	94	90
1	96	2
1	101	26
1	102	84
1	103	5
1	104	99
1	107	69
1	108	70
1	109	95
1	111	47
1	112	10
1	118	1
1	120	91
1	121	79
1	124	11
1	125	76
1	127	13
1	130	79
1	135	78
1	138	70
1	140	6
1	143	73
1	144	53
1	151	87
1	153	12
1	157	17
1	158	98
1	159	23
1	160	7
1	162	17
1	166	18
1	167	53
1	170	92
1	171	35
1	173	22
1	180	77
1	184	83
1	189	69
1	190	42
1	192	7
1	193	24
1	194	75
1	197	49
2	4	30
2	5	83
2	7	33
2	10	45
2	15	59
2	19	23
2	23	72
2	26	19
2	29	87
2	31	76
2	32	44
2	36	17
2	42	26
2	43	32
2	53	9
2	62	41
2	65	24
2	66	1
2	70	85
2	76	26
2	80	86
2	82	16
2	84	13
2	86	12
2	102	50
2	103	46
2	105	77
2	109	16
2	110	79
2	112	16
2	113	93
2	114	27
2	117	71
2	119	45
2	125	52
2	126	20
2	131	63
2	134	100
2	136	58
2	139	42
2	140	26
2	142	56
2	144	15
2	150	30
2	163	78
2	164	86
2	165	36
2	166	24
2	168	79
2	171	14
2	175	41
2	176	23
2	178	4
2	184	48
2	193	61
2	195	59
2	196	22
3	7	39
3	8	13
3	9	89
3	17	59
3	18	24
3	19	69
3	21	4
3	23	31
3	25	50
3	29	29
3	32	50
3	34	63
3	39	23
3	40	24
3	42	52
3	45	40
3	46	7
3	47	14
3	48	87
3	52	46
3	58	11
3	59	94
3	65	17
3	71	26
3	85	25
3	87	54
3	88	13
3	92	2
3	95	90
3	100	90
3	101	66
3	104	33
3	108	84
3	109	56
3	110	75
3	113	47
3	121	81
3	127	41
3	133	40
3	139	34
3	142	2
3	145	42
3	147	22
3	148	11
3	149	14
3	153	100
3	154	49
3	166	52
3	175	71
3	181	66
3	185	40
3	188	44
3	193	25
3	195	52
3	198	79
3	199	69
4	5	83
4	6	13
4	7	45
4	9	22
4	12	58
4	17	50
4	20	100
4	23	1
4	25	59
4	29	55
4	31	86
4	32	66
4	33	24
4	34	38
4	40	96
4	41	49
4	42	10
4	44	80
4	46	6
4	53	55
4	56	68
4	57	36
4	60	67
4	67	55
4	69	32
4	70	96
4	71	77
4	74	87
4	75	39
4	76	57
4	77	89
4	79	40
4	82	44
4	88	89
4	91	71
4	98	63
4	103	99
4	109	54
4	112	72
4	114	98
4	118	13
4	121	56
4	122	41
4	124	39
4	127	8
4	133	73
4	137	59
4	143	44
4	145	48
4	146	28
4	150	34
4	153	40
4	155	45
4	156	77
4	158	95
4	160	20
4	164	66
4	166	33
4	181	54
4	182	82
4	185	26
4	186	31
4	187	46
4	188	17
4	191	19
4	193	92
4	197	91
5	7	10
5	11	56
5	14	77
5	17	34
5	19	8
5	25	6
5	27	17
5	30	72
5	33	15
5	37	19
5	42	12
5	43	2
5	48	81
5	52	51
5	56	61
5	61	91
5	62	38
5	75	5
5	76	55
5	81	78
5	84	77
5	88	43
5	89	32
5	90	93
5	91	64
5	92	76
5	94	9
5	96	89
5	98	31
5	106	50
5	107	48
5	110	46
5	112	51
5	118	37
5	119	10
5	120	66
5	127	84
5	133	67
5	134	41
5	136	3
5	137	81
5	145	57
5	150	36
5	153	34
5	154	18
5	156	89
5	157	10
5	161	100
5	170	47
5	174	88
5	179	94
5	181	88
5	183	65
5	185	35
5	187	95
5	190	62
5	192	20
5	194	83
5	195	24
5	199	39
6	9	58
6	21	35
6	23	71
6	24	91
6	27	6
6	28	52
6	30	66
6	33	81
6	37	43
6	38	63
6	40	24
6	46	38
6	47	60
6	48	14
6	49	49
6	60	54
6	61	87
6	66	29
6	67	80
6	74	61
6	75	35
6	79	52
6	85	98
6	87	95
6	94	7
6	95	79
6	96	50
6	98	22
6	103	76
6	104	71
6	105	27
6	108	49
6	110	95
6	113	61
6	120	41
6	121	18
6	122	26
6	125	35
6	127	55
6	130	64
6	140	16
6	142	43
6	149	90
6	156	91
6	157	67
6	159	5
6	160	36
6	164	71
6	168	79
6	173	57
6	177	79
6	183	63
6	184	65
6	194	65
6	195	65
6	198	26
7	9	43
7	10	4
7	15	57
7	16	78
7	18	54
7	20	29
7	28	62
7	33	73
7	38	31
7	39	24
7	43	59
7	45	10
7	48	17
7	50	45
7	52	50
7	55	92
7	56	56
7	58	30
7	60	100
7	64	71
7	65	85
7	66	70
7	69	19
7	75	71
7	76	27
7	77	20
7	78	73
7	79	57
7	80	80
7	86	19
7	88	37
7	92	28
7	93	30
7	94	82
7	95	74
7	100	81
7	103	64
7	104	98
7	110	60
7	111	3
7	112	92
7	114	73
7	129	22
7	131	9
7	140	22
7	147	86
7	149	70
7	152	74
7	153	9
7	156	37
7	161	91
7	162	69
7	167	25
7	170	7
7	174	36
7	181	36
7	184	35
7	188	44
7	195	92
8	15	74
8	16	18
8	19	46
8	27	32
8	29	63
8	34	10
8	35	31
8	43	53
8	44	57
8	45	1
8	51	82
8	53	96
8	57	67
8	63	41
8	64	27
8	68	89
8	81	91
8	82	83
8	85	90
8	88	100
8	90	94
8	91	49
8	98	4
8	99	15
8	105	81
8	106	29
8	108	53
8	110	95
8	113	23
8	121	16
8	126	16
8	127	32
8	133	90
8	140	3
8	143	33
8	149	36
8	152	62
8	154	13
8	156	5
8	157	44
8	161	9
8	165	97
8	168	58
8	170	66
8	171	94
8	176	40
8	177	12
8	180	55
8	183	7
8	184	93
8	187	21
8	191	66
8	193	100
8	196	5
8	198	28
9	10	95
9	14	59
9	17	28
9	20	26
9	26	91
9	27	82
9	31	22
9	36	50
9	39	6
9	40	92
9	41	2
9	42	47
9	45	47
9	47	35
9	48	68
9	51	60
9	53	23
9	54	60
9	55	34
9	56	15
9	57	1
9	58	5
9	63	22
9	65	90
9	66	89
9	73	72
9	76	83
9	79	71
9	81	76
9	84	71
9	85	8
9	86	47
9	88	80
9	91	97
9	97	73
9	99	2
9	100	75
9	113	77
9	115	95
9	126	61
9	128	48
9	133	77
9	140	62
9	141	35
9	142	69
9	157	59
9	160	39
9	161	47
9	162	8
9	165	8
9	167	1
9	171	69
9	172	94
9	178	63
9	179	36
9	184	43
9	185	35
9	188	70
9	194	58
9	195	79
9	197	41
10	11	78
10	14	87
10	15	31
10	20	38
10	22	55
10	27	2
10	29	2
10	30	2
10	36	7
10	40	53
10	44	2
10	47	82
10	49	68
10	54	68
10	56	63
10	60	73
10	65	1
10	66	3
10	69	18
10	71	52
10	73	76
10	76	1
10	81	44
10	82	87
10	89	33
10	91	12
10	94	17
10	101	66
10	103	74
10	104	58
10	105	11
10	107	40
10	108	44
10	112	77
10	121	59
10	130	86
10	131	54
10	141	42
10	143	57
10	151	81
10	154	38
10	155	45
10	158	93
10	165	60
10	169	56
10	172	55
10	173	71
10	180	67
10	181	91
10	185	86
10	188	31
10	193	61
10	196	40
10	197	89
10	198	38
11	17	28
11	19	39
11	21	100
11	25	37
11	26	36
11	34	52
11	37	45
11	40	39
11	44	79
11	48	28
11	52	88
11	53	77
11	59	77
11	64	47
11	65	9
11	73	71
11	75	37
11	79	12
11	82	92
11	90	11
11	91	87
11	99	53
11	100	33
11	106	37
11	114	96
11	115	36
11	127	22
11	129	62
11	131	38
11	135	30
11	137	7
11	141	83
11	143	53
11	145	83
11	148	55
11	151	52
11	152	33
11	153	24
11	155	68
11	156	17
11	160	89
11	164	33
11	165	36
11	166	75
11	168	83
11	175	6
11	177	29
11	179	16
11	181	52
11	183	9
11	185	36
11	187	6
11	189	28
11	192	86
11	195	72
11	197	51
11	198	6
12	14	21
12	16	58
12	17	27
12	18	59
12	20	90
12	23	77
12	30	34
12	32	97
12	33	52
12	34	13
12	35	69
12	36	85
12	41	37
12	44	71
12	47	95
12	48	38
12	49	45
12	52	79
12	53	5
12	57	53
12	58	30
12	61	70
12	72	79
12	74	4
12	78	2
12	79	97
12	81	74
12	82	90
12	85	32
12	91	92
12	94	95
12	95	19
12	99	93
12	100	71
12	102	49
12	103	26
12	105	42
12	111	88
12	117	78
12	121	47
12	122	57
12	123	13
12	131	39
12	138	19
12	139	72
12	141	70
12	151	65
12	153	22
12	158	59
12	160	95
12	164	78
12	176	2
12	177	6
12	179	24
12	187	98
12	191	56
12	192	23
12	196	72
12	198	22
13	15	11
13	16	52
13	19	29
13	25	97
13	28	39
13	31	46
13	36	98
13	43	86
13	47	50
13	49	34
13	50	22
13	51	71
13	52	94
13	53	72
13	63	83
13	69	94
13	72	88
13	75	42
13	76	24
13	80	24
13	81	50
13	88	23
13	90	78
13	93	16
13	96	10
13	101	40
13	102	76
13	103	30
13	106	92
13	107	43
13	108	32
13	109	9
13	110	77
13	113	80
13	114	78
13	118	12
13	120	17
13	126	84
13	128	69
13	130	66
13	135	90
13	138	12
13	139	79
13	143	53
13	149	49
13	150	19
13	152	14
13	154	31
13	155	74
13	161	34
13	165	71
13	169	88
13	170	5
13	173	2
13	177	16
13	185	48
13	190	72
13	192	62
13	193	38
13	199	82
14	20	30
14	22	38
14	27	92
14	30	80
14	32	52
14	33	68
14	34	74
14	38	20
14	41	70
14	42	61
14	43	14
14	44	6
14	45	1
14	50	99
14	52	93
14	55	29
14	63	45
14	68	63
14	69	79
14	74	100
14	79	54
14	90	55
14	95	45
14	96	4
14	104	17
14	105	48
14	106	91
14	110	32
14	111	46
14	112	49
14	114	58
14	122	85
14	127	63
14	129	41
14	131	76
14	132	73
14	134	70
14	138	36
14	145	19
14	146	69
14	149	27
14	156	3
14	161	33
14	164	90
14	171	88
14	173	65
14	175	1
14	182	26
14	189	27
14	190	91
14	197	62
14	198	19
15	17	63
15	26	30
15	27	59
15	28	1
15	30	80
15	32	19
15	39	18
15	46	74
15	56	95
15	57	4
15	60	36
15	63	44
15	66	6
15	71	98
15	73	80
15	74	53
15	78	61
15	86	44
15	87	98
15	88	31
15	91	52
15	92	74
15	100	19
15	103	42
15	104	99
15	105	91
15	106	76
15	107	13
15	111	84
15	113	87
15	118	68
15	121	37
15	124	42
15	126	19
15	127	27
15	129	94
15	130	97
15	131	51
15	135	46
15	138	77
15	142	46
15	145	24
15	152	31
15	155	16
15	156	66
15	159	56
15	161	29
15	164	79
15	167	9
15	170	29
15	176	82
15	180	38
15	182	24
15	187	84
15	190	51
16	17	21
16	19	51
16	23	45
16	24	87
16	25	55
16	33	67
16	36	65
16	37	38
16	38	42
16	39	41
16	47	73
16	50	96
16	54	13
16	58	28
16	61	98
16	67	43
16	69	16
16	76	51
16	77	35
16	78	3
16	79	81
16	85	34
16	87	8
16	88	31
16	89	75
16	97	41
16	99	59
16	104	35
16	105	76
16	106	57
16	111	49
16	113	13
16	114	87
16	116	82
16	136	47
16	141	56
16	147	62
16	148	47
16	151	38
16	154	12
16	156	58
16	162	24
16	167	7
16	168	4
16	170	65
16	172	95
16	174	61
16	175	72
16	177	96
16	179	60
16	189	98
16	190	39
16	191	24
16	194	65
16	195	62
16	196	59
16	197	39
16	199	79
17	18	37
17	20	35
17	22	28
17	23	60
17	24	79
17	25	50
17	29	19
17	32	100
17	33	32
17	34	24
17	36	97
17	38	69
17	40	59
17	45	73
17	62	43
17	68	91
17	74	62
17	75	93
17	83	26
17	86	57
17	98	69
17	99	84
17	101	96
17	110	71
17	116	42
17	117	12
17	118	68
17	119	75
17	120	39
17	131	58
17	134	3
17	136	60
17	137	83
17	141	53
17	150	88
17	153	79
17	156	56
17	162	25
17	168	10
17	169	41
17	174	40
17	183	4
17	184	23
17	190	53
17	192	17
17	195	17
17	196	81
17	197	52
17	199	23
18	22	5
18	26	31
18	32	59
18	34	87
18	38	63
18	40	15
18	44	23
18	45	38
18	49	87
18	50	61
18	51	59
18	53	77
18	54	36
18	63	1
18	65	12
18	67	47
18	70	34
18	71	31
18	72	29
18	85	35
18	86	13
18	89	70
18	101	4
18	103	68
18	108	31
18	112	73
18	113	11
18	117	50
18	124	86
18	128	17
18	130	79
18	131	47
18	139	21
18	143	68
18	147	14
18	149	32
18	150	3
18	151	39
18	152	57
18	153	74
18	162	71
18	163	5
18	164	59
18	167	68
18	168	19
18	172	64
18	174	18
18	177	47
18	180	37
18	182	94
18	184	79
18	195	54
18	197	75
19	20	62
19	21	88
19	22	88
19	23	44
19	24	3
19	33	57
19	35	46
19	41	56
19	42	45
19	46	47
19	47	47
19	48	12
19	50	3
19	51	95
19	53	13
19	68	99
19	69	99
19	80	43
19	84	72
19	89	14
19	93	67
19	94	48
19	96	11
19	101	38
19	103	71
19	108	55
19	109	61
19	113	51
19	115	13
19	124	95
19	128	58
19	133	67
19	139	89
19	141	75
19	145	81
19	147	40
19	148	72
19	168	95
19	176	44
19	177	98
19	180	54
19	181	34
19	185	91
19	186	2
19	191	7
19	193	5
19	195	85
20	23	96
20	24	68
20	27	73
20	28	72
20	29	59
20	30	27
20	32	74
20	35	92
20	36	99
20	37	28
20	40	12
20	44	69
20	48	87
20	51	85
20	58	12
20	60	79
20	61	41
20	62	99
20	64	60
20	66	89
20	72	1
20	74	67
20	77	67
20	84	42
20	85	96
20	86	27
20	87	4
20	96	93
20	101	59
20	102	49
20	103	8
20	106	29
20	107	84
20	119	54
20	121	59
20	123	13
20	126	40
20	134	16
20	138	71
20	139	8
20	140	12
20	145	71
20	150	42
20	153	30
20	154	29
20	158	65
20	165	38
20	172	78
20	174	94
20	182	93
20	183	36
20	186	82
20	187	86
20	189	29
20	195	35
21	28	18
21	29	98
21	30	24
21	43	69
21	45	52
21	46	19
21	48	19
21	56	84
21	58	50
21	60	49
21	63	82
21	73	59
21	74	70
21	83	73
21	87	81
21	92	26
21	96	97
21	100	31
21	102	30
21	103	53
21	111	55
21	112	19
21	113	63
21	114	17
21	116	14
21	119	91
21	120	56
21	121	75
21	124	12
21	126	29
21	136	8
21	138	2
21	141	59
21	142	92
21	143	64
21	148	91
21	149	88
21	150	38
21	151	56
21	154	81
21	162	11
21	165	34
21	172	77
21	175	81
21	177	57
21	188	48
21	190	18
21	196	5
21	197	83
21	198	1
22	26	76
22	27	63
22	30	36
22	34	87
22	35	9
22	36	86
22	39	44
22	41	77
22	42	88
22	44	48
22	54	54
22	56	51
22	62	1
22	64	28
22	65	98
22	66	54
22	67	85
22	72	76
22	78	55
22	79	98
22	80	91
22	81	99
22	84	38
22	85	50
22	86	55
22	92	18
22	93	39
22	96	59
22	104	83
22	108	50
22	109	11
22	110	66
22	116	8
22	122	63
22	135	2
22	139	9
22	142	92
22	146	52
22	147	85
22	148	21
22	149	76
22	151	90
22	152	17
22	153	85
22	155	40
22	160	6
22	161	31
22	170	46
22	175	92
22	181	17
22	182	78
22	184	60
22	186	30
22	187	53
22	196	10
22	198	6
23	24	18
23	27	75
23	33	38
23	37	78
23	40	35
23	42	73
23	45	81
23	50	85
23	53	32
23	64	22
23	65	40
23	69	94
23	70	15
23	74	20
23	77	59
23	79	28
23	80	32
23	84	28
23	87	68
23	93	90
23	94	3
23	102	66
23	104	35
23	109	1
23	111	4
23	113	38
23	116	93
23	118	78
23	119	80
23	125	1
23	131	75
23	132	56
23	134	16
23	138	12
23	140	51
23	148	81
23	149	33
23	153	42
23	161	3
23	164	14
23	166	59
23	178	100
23	180	36
23	183	87
23	192	50
23	193	68
23	196	100
24	27	19
24	28	14
24	30	4
24	33	55
24	34	76
24	35	80
24	36	17
24	41	53
24	44	34
24	46	53
24	51	32
24	53	17
24	56	39
24	58	50
24	59	66
24	66	87
24	67	81
24	70	3
24	71	52
24	72	16
24	73	29
24	74	95
24	75	86
24	83	44
24	87	26
24	89	52
24	90	93
24	91	46
24	92	10
24	97	73
24	99	25
24	100	5
24	101	10
24	102	45
24	103	61
24	104	94
24	108	15
24	110	5
24	113	65
24	115	67
24	117	1
24	123	84
24	124	81
24	125	63
24	128	2
24	133	80
24	135	85
24	137	41
24	144	34
24	151	54
24	157	82
24	158	73
24	160	66
24	168	34
24	180	11
24	185	85
24	186	86
24	195	75
24	196	3
25	30	63
25	33	40
25	36	68
25	37	83
25	41	37
25	43	76
25	46	98
25	48	11
25	49	28
25	58	42
25	59	34
25	60	33
25	65	50
25	66	73
25	74	21
25	78	35
25	80	73
25	81	89
25	84	100
25	85	98
25	89	64
25	91	78
25	92	51
25	95	44
25	98	34
25	100	17
25	101	100
25	102	92
25	106	74
25	109	39
25	110	100
25	118	1
25	120	99
25	122	17
25	124	82
25	134	81
25	137	65
25	149	88
25	153	56
25	159	50
25	176	67
25	178	65
25	179	43
25	180	63
25	181	38
25	183	92
25	184	45
25	185	91
25	186	48
25	189	93
25	190	14
25	194	85
25	196	25
26	27	5
26	31	82
26	33	64
26	37	45
26	39	64
26	42	58
26	45	61
26	49	64
26	53	27
26	61	73
26	63	68
26	70	55
26	71	5
26	72	20
26	85	81
26	91	25
26	93	69
26	96	36
26	98	61
26	106	48
26	110	62
26	115	53
26	120	85
26	126	70
26	127	22
26	130	37
26	131	5
26	135	97
26	138	48
26	140	51
26	141	96
26	142	69
26	143	9
26	149	28
26	151	84
26	157	63
26	161	59
26	164	61
26	166	86
26	168	69
26	171	44
26	172	23
26	173	8
26	174	75
26	181	47
26	185	49
26	186	76
26	188	58
26	192	50
26	197	9
26	198	61
27	31	58
27	35	40
27	42	86
27	43	23
27	46	66
27	47	40
27	48	58
27	53	10
27	54	81
27	56	88
27	59	63
27	61	51
27	64	41
27	65	31
27	66	14
27	72	38
27	78	87
27	82	48
27	84	4
27	87	79
27	89	13
27	94	74
27	98	47
27	101	13
27	102	82
27	104	74
27	105	35
27	112	65
27	113	55
27	116	36
27	119	41
27	122	6
27	126	51
27	127	62
27	128	35
27	133	33
27	137	56
27	142	49
27	143	79
27	144	17
27	149	54
27	155	24
27	166	58
27	174	25
27	180	79
27	181	49
27	183	75
27	187	12
27	192	97
27	195	62
27	196	53
28	29	63
28	39	13
28	43	60
28	47	1
28	53	80
28	57	59
28	59	46
28	60	58
28	64	61
28	65	54
28	72	35
28	74	44
28	75	97
28	79	100
28	81	2
28	90	52
28	91	32
28	93	69
28	94	69
28	104	13
28	105	22
28	106	2
28	110	78
28	120	79
28	126	16
28	127	47
28	128	96
28	129	80
28	139	79
28	143	13
28	148	40
28	150	58
28	151	92
28	152	22
28	153	11
28	155	46
28	158	12
28	163	41
28	165	44
28	167	37
28	169	84
28	170	70
28	173	51
28	182	95
28	184	75
28	185	72
28	188	32
28	196	60
28	198	42
29	35	66
29	45	91
29	51	39
29	54	64
29	55	84
29	59	21
29	60	75
29	62	55
29	71	69
29	72	70
29	73	12
29	75	12
29	77	76
29	78	33
29	82	98
29	83	87
29	84	91
29	91	80
29	92	100
29	101	33
29	102	89
29	106	14
29	108	99
29	114	43
29	117	19
29	120	94
29	121	1
29	124	59
29	130	48
29	132	17
29	142	17
29	144	86
29	151	29
29	153	75
29	156	25
29	165	36
29	169	59
29	170	73
29	171	78
29	177	31
29	181	69
29	185	10
29	186	17
29	189	35
29	190	41
29	195	52
29	197	25
29	198	70
30	34	47
30	35	52
30	36	19
30	48	63
30	49	6
30	57	45
30	60	43
30	65	21
30	66	7
30	68	2
30	69	39
30	71	38
30	73	34
30	74	89
30	75	2
30	76	2
30	80	72
30	85	5
30	86	30
30	87	68
30	88	76
30	89	10
30	91	70
30	94	82
30	95	95
30	96	86
30	99	39
30	101	63
30	109	64
30	110	61
30	111	13
30	115	84
30	119	9
30	120	40
30	123	76
30	124	52
30	128	17
30	129	20
30	130	77
30	131	40
30	134	53
30	135	89
30	139	33
30	144	50
30	149	97
30	151	72
30	152	47
30	153	41
30	158	3
30	160	98
30	161	24
30	162	72
30	165	88
30	166	34
30	170	4
30	173	15
30	176	67
30	185	20
30	192	100
30	194	60
30	197	94
31	32	85
31	33	45
31	35	100
31	36	75
31	38	97
31	42	57
31	43	72
31	44	10
31	48	24
31	58	71
31	59	6
31	62	42
31	64	12
31	65	54
31	66	74
31	69	8
31	72	65
31	73	26
31	74	52
31	75	30
31	77	5
31	78	39
31	80	28
31	87	44
31	89	67
31	91	91
31	94	47
31	96	37
31	98	76
31	99	57
31	102	18
31	105	28
31	110	34
31	118	34
31	120	46
31	126	30
31	127	20
31	131	24
31	134	38
31	137	93
31	138	77
31	145	55
31	155	38
31	156	51
31	157	84
31	160	46
31	163	95
31	166	98
31	168	21
31	169	15
31	172	44
31	178	65
31	179	16
31	180	79
31	181	52
31	185	1
31	186	44
31	187	29
31	190	12
31	194	36
31	197	9
31	198	28
32	39	47
32	42	64
32	45	100
32	50	94
32	51	22
32	52	94
32	56	29
32	57	12
32	61	2
32	64	2
32	70	12
32	77	26
32	85	83
32	87	53
32	89	37
32	91	39
32	92	95
32	96	80
32	97	74
32	102	59
32	105	28
32	108	64
32	116	49
32	118	88
32	119	49
32	122	66
32	127	6
32	129	6
32	137	16
32	138	87
32	139	42
32	142	97
32	143	19
32	147	40
32	148	92
32	153	25
32	154	57
32	155	55
32	156	16
32	157	92
32	159	52
32	161	21
32	162	2
32	167	10
32	175	48
32	177	5
32	179	41
32	180	45
32	183	26
32	186	60
32	188	50
32	190	98
32	191	86
32	195	95
32	196	83
32	199	78
33	35	51
33	36	98
33	43	1
33	48	88
33	50	75
33	52	28
33	55	76
33	61	75
33	69	74
33	70	88
33	71	90
33	73	33
33	75	31
33	80	45
33	81	24
33	92	34
33	93	22
33	95	76
33	97	9
33	101	68
33	102	23
33	107	93
33	108	36
33	113	19
33	114	84
33	115	6
33	117	49
33	118	19
33	121	89
33	126	80
33	128	89
33	129	52
33	132	51
33	133	98
33	138	5
33	139	48
33	141	75
33	142	12
33	146	95
33	150	85
33	153	65
33	154	2
33	156	4
33	157	54
33	158	96
33	165	6
33	170	88
33	173	23
33	174	35
33	176	79
33	177	68
33	180	97
33	181	23
33	183	66
33	187	1
33	189	58
33	192	68
34	41	59
34	43	95
34	49	36
34	55	50
34	56	38
34	58	98
34	65	62
34	67	96
34	71	63
34	74	40
34	78	82
34	81	70
34	82	45
34	84	21
34	87	100
34	88	25
34	93	64
34	94	29
34	95	14
34	96	90
34	99	37
34	112	87
34	115	50
34	116	10
34	117	94
34	118	77
34	127	84
34	132	85
34	137	44
34	142	79
34	146	69
34	147	99
34	148	88
34	150	95
34	157	85
34	158	33
34	159	94
34	160	16
34	163	1
34	165	66
34	172	78
34	178	6
34	179	100
34	180	94
34	187	80
34	190	87
34	195	8
34	197	17
34	198	20
34	199	8
35	36	99
35	39	83
35	48	85
35	52	89
35	53	13
35	55	36
35	57	69
35	61	81
35	64	26
35	65	38
35	67	85
35	74	20
35	77	38
35	79	41
35	81	82
35	83	26
35	86	70
35	87	28
35	94	24
35	97	70
35	99	83
35	102	81
35	103	49
35	104	89
35	115	100
35	120	44
35	128	48
35	130	73
35	131	92
35	135	39
35	138	87
35	139	31
35	142	34
35	144	16
35	152	17
35	153	64
35	154	56
35	155	29
35	157	24
35	161	96
35	167	19
35	168	80
35	169	44
35	170	1
35	172	13
35	174	21
35	175	2
35	176	82
35	181	61
35	182	49
35	183	47
35	189	28
35	193	80
35	194	70
36	37	23
36	38	59
36	40	86
36	42	57
36	43	58
36	47	65
36	50	10
36	51	60
36	52	19
36	54	92
36	56	25
36	61	84
36	63	37
36	64	79
36	66	58
36	67	87
36	69	88
36	78	33
36	85	49
36	87	89
36	91	70
36	94	93
36	100	18
36	103	84
36	104	40
36	105	91
36	110	12
36	115	1
36	118	56
36	123	89
36	124	24
36	126	68
36	127	24
36	129	61
36	131	74
36	133	31
36	146	13
36	148	85
36	149	94
36	155	21
36	156	88
36	158	14
36	159	71
36	160	5
36	163	12
36	165	36
36	166	74
36	170	93
36	171	100
36	175	4
36	177	52
36	180	84
36	184	28
36	188	34
36	191	12
36	194	39
36	196	47
36	197	85
37	38	1
37	41	94
37	45	55
37	47	57
37	49	90
37	53	52
37	54	92
37	55	100
37	56	63
37	60	57
37	61	33
37	63	9
37	73	54
37	77	54
37	78	94
37	80	4
37	81	40
37	90	97
37	98	89
37	99	12
37	103	53
37	105	57
37	106	46
37	111	75
37	113	52
37	115	39
37	124	49
37	126	64
37	127	16
37	128	78
37	137	55
37	138	90
37	145	66
37	149	2
37	153	5
37	157	40
37	159	76
37	160	98
37	165	93
37	167	51
37	170	42
37	177	65
37	181	58
37	182	35
37	184	79
37	185	10
37	186	97
37	193	62
37	194	57
37	195	26
37	196	86
37	197	18
38	39	31
38	42	61
38	43	59
38	44	66
38	45	71
38	50	42
38	56	38
38	58	35
38	63	39
38	65	58
38	69	74
38	72	15
38	73	88
38	78	49
38	79	56
38	81	18
38	82	74
38	86	76
38	88	36
38	90	80
38	96	56
38	97	9
38	101	63
38	102	71
38	103	59
38	107	40
38	108	2
38	117	13
38	120	95
38	124	42
38	126	43
38	135	24
38	136	42
38	137	22
38	138	9
38	142	36
38	143	39
38	144	6
38	147	52
38	153	21
38	159	92
38	161	12
38	171	55
38	179	45
38	180	39
38	182	48
38	183	64
38	184	38
38	186	24
38	189	2
38	191	4
38	196	19
38	198	58
39	44	14
39	45	89
39	47	27
39	48	30
39	55	75
39	58	60
39	60	2
39	65	11
39	66	44
39	68	57
39	69	20
39	70	67
39	76	50
39	80	52
39	87	95
39	93	5
39	94	4
39	122	60
39	127	46
39	131	79
39	137	84
39	139	41
39	143	7
39	146	94
39	148	92
39	152	35
39	156	22
39	157	65
39	162	97
39	175	75
39	177	18
39	185	88
39	196	91
39	198	35
40	42	44
40	47	66
40	48	100
40	52	73
40	55	100
40	57	97
40	59	20
40	60	64
40	64	72
40	65	10
40	66	73
40	70	73
40	72	97
40	75	16
40	78	47
40	85	4
40	87	50
40	90	38
40	91	59
40	93	27
40	94	19
40	95	19
40	112	62
40	115	22
40	117	6
40	124	16
40	127	100
40	143	70
40	144	55
40	146	27
40	148	97
40	153	9
40	155	34
40	160	71
40	161	27
40	168	28
40	172	65
40	174	29
40	175	84
40	176	2
40	177	14
40	178	7
40	179	80
40	181	80
40	183	61
40	187	50
40	196	12
40	197	47
41	42	6
41	46	3
41	47	34
41	50	34
41	51	63
41	52	47
41	53	7
41	56	35
41	57	70
41	58	28
41	59	81
41	62	11
41	69	28
41	73	45
41	75	58
41	80	65
41	81	9
41	82	83
41	92	83
41	93	22
41	97	24
41	101	83
41	103	96
41	114	7
41	115	2
41	120	14
41	127	99
41	128	17
41	130	90
41	131	83
41	142	24
41	144	79
41	146	12
41	148	55
41	152	82
41	153	9
41	154	27
41	156	20
41	159	85
41	164	25
41	167	86
41	169	83
41	173	20
41	175	56
41	178	84
41	186	96
41	188	93
41	191	27
41	192	37
41	196	11
42	45	41
42	46	61
42	53	21
42	58	30
42	59	10
42	60	52
42	65	10
42	66	96
42	67	80
42	70	29
42	71	77
42	80	80
42	83	90
42	85	27
42	88	96
42	101	25
42	107	76
42	108	54
42	111	44
42	113	33
42	115	47
42	118	69
42	119	34
42	120	81
42	123	80
42	124	41
42	132	47
42	134	51
42	144	35
42	145	82
42	149	27
42	155	88
42	161	14
42	162	13
42	166	14
42	171	50
42	172	18
42	175	81
42	176	85
42	180	39
42	181	65
42	182	4
42	186	11
43	45	52
43	52	88
43	56	12
43	69	5
43	70	39
43	72	74
43	73	26
43	80	69
43	86	6
43	96	18
43	99	23
43	102	87
43	104	72
43	106	34
43	107	49
43	109	96
43	115	19
43	118	24
43	120	55
43	121	14
43	133	39
43	141	46
43	146	21
43	147	98
43	151	45
43	155	88
43	162	74
43	163	36
43	164	1
43	166	65
43	167	67
43	169	71
43	170	92
43	171	60
43	176	37
43	184	25
43	186	44
43	190	56
43	193	24
43	195	9
43	197	24
44	47	25
44	48	64
44	59	26
44	65	56
44	69	31
44	71	96
44	75	99
44	81	42
44	88	54
44	93	50
44	94	42
44	97	96
44	100	45
44	101	42
44	103	92
44	105	16
44	112	5
44	115	53
44	118	89
44	122	10
44	123	64
44	125	69
44	127	33
44	137	40
44	143	7
44	146	75
44	154	92
44	160	42
44	163	7
44	164	72
44	175	2
44	178	16
44	186	61
44	189	60
44	191	11
44	192	96
44	193	58
44	198	42
45	52	31
45	53	67
45	54	95
45	58	19
45	61	21
45	62	82
45	63	40
45	66	44
45	67	85
45	73	55
45	74	51
45	77	65
45	79	54
45	81	76
45	82	54
45	85	47
45	91	96
45	98	93
45	99	60
45	102	37
45	111	26
45	113	28
45	114	27
45	116	22
45	117	3
45	120	93
45	122	72
45	127	38
45	128	72
45	132	31
45	133	67
45	138	78
45	144	28
45	146	92
45	148	27
45	149	83
45	151	57
45	152	9
45	154	89
45	164	64
45	168	1
45	170	100
45	175	56
45	182	37
45	188	4
45	190	6
45	193	94
45	194	23
45	197	23
46	49	7
46	58	77
46	61	83
46	70	76
46	72	29
46	78	53
46	83	83
46	84	49
46	85	67
46	87	92
46	88	20
46	89	87
46	91	59
46	92	41
46	93	89
46	99	8
46	101	99
46	108	35
46	110	22
46	113	56
46	117	96
46	118	40
46	123	13
46	131	98
46	132	33
46	134	88
46	135	83
46	143	55
46	149	80
46	150	22
46	151	53
46	152	17
46	155	52
46	156	71
46	158	95
46	160	56
46	161	96
46	162	35
46	167	32
46	168	98
46	170	6
46	171	94
46	175	43
46	188	27
46	189	84
46	191	29
46	192	72
46	193	66
46	194	14
46	195	80
46	196	87
46	199	67
47	53	84
47	60	43
47	62	31
47	69	79
47	70	82
47	71	40
47	72	24
47	74	45
47	79	12
47	83	76
47	84	51
47	87	73
47	91	31
47	93	65
47	104	94
47	107	19
47	109	33
47	110	67
47	114	23
47	119	67
47	120	4
47	122	74
47	123	98
47	127	93
47	128	61
47	129	8
47	131	7
47	132	79
47	138	16
47	139	85
47	142	24
47	147	98
47	149	82
47	153	27
47	154	13
47	157	30
47	158	25
47	162	20
47	164	31
47	165	25
47	169	96
47	171	79
47	174	86
47	175	41
47	189	76
47	190	99
47	193	28
47	196	2
47	197	67
47	199	35
48	49	62
48	51	15
48	57	79
48	62	65
48	67	87
48	69	16
48	71	94
48	72	7
48	76	67
48	81	24
48	82	49
48	87	2
48	88	88
48	99	45
48	102	66
48	104	14
48	110	10
48	115	2
48	116	47
48	118	99
48	124	16
48	130	12
48	132	62
48	138	74
48	142	62
48	148	66
48	152	72
48	155	4
48	156	50
48	157	12
48	163	22
48	169	22
48	173	34
48	182	46
48	184	17
48	186	56
48	188	99
48	189	73
48	190	17
48	192	3
48	197	45
48	198	31
49	55	67
49	56	72
49	60	68
49	64	10
49	66	94
49	67	65
49	68	15
49	73	25
49	75	63
49	79	23
49	81	1
49	82	12
49	84	42
49	85	49
49	86	50
49	87	54
49	97	89
49	106	67
49	108	88
49	112	32
49	118	45
49	126	41
49	127	33
49	130	58
49	139	2
49	142	34
49	147	69
49	154	14
49	157	91
49	162	10
49	166	2
49	170	96
49	173	94
49	174	90
49	178	84
49	180	69
49	189	32
49	194	30
49	197	82
49	199	31
50	51	31
50	58	6
50	61	73
50	62	78
50	63	38
50	64	65
50	65	90
50	66	46
50	68	92
50	69	86
50	72	52
50	73	76
50	81	91
50	82	74
50	84	64
50	85	7
50	86	91
50	88	62
50	91	44
50	92	73
50	93	78
50	98	9
50	102	56
50	106	75
50	115	39
50	117	18
50	119	11
50	120	23
50	126	38
50	127	32
50	129	7
50	132	17
50	148	95
50	151	32
50	157	38
50	160	36
50	162	99
50	164	71
50	165	17
50	171	54
50	172	31
50	176	96
50	181	13
50	189	55
50	192	92
50	193	89
50	194	55
50	197	87
51	52	79
51	62	35
51	64	23
51	71	14
51	72	45
51	75	91
51	76	56
51	85	49
51	87	28
51	89	35
51	91	26
51	93	22
51	94	23
51	97	39
51	104	46
51	108	42
51	110	82
51	115	77
51	117	75
51	118	15
51	120	78
51	124	79
51	126	78
51	130	83
51	134	45
51	135	52
51	137	72
51	140	91
51	142	16
51	144	58
51	153	59
51	158	40
51	159	68
51	163	57
51	167	98
51	173	5
51	175	84
51	178	18
51	179	63
51	181	14
51	184	6
51	194	64
52	56	48
52	58	30
52	60	77
52	62	63
52	64	85
52	65	7
52	66	96
52	69	44
52	72	53
52	74	23
52	76	1
52	78	24
52	80	17
52	81	1
52	83	22
52	85	20
52	91	18
52	95	78
52	96	31
52	99	76
52	104	63
52	106	28
52	107	49
52	114	99
52	115	5
52	117	63
52	128	8
52	129	97
52	139	35
52	142	44
52	147	79
52	148	27
52	150	75
52	152	8
52	156	99
52	163	19
52	165	83
52	168	20
52	178	20
52	182	34
52	185	14
52	189	59
52	192	98
52	194	20
52	196	98
53	54	23
53	59	3
53	61	5
53	62	50
53	68	81
53	71	39
53	80	35
53	83	58
53	84	14
53	86	100
53	89	11
53	94	58
53	96	11
53	103	27
53	104	77
53	110	21
53	113	68
53	117	84
53	120	46
53	122	40
53	125	74
53	126	96
53	127	66
53	128	98
53	130	81
53	135	74
53	144	57
53	146	73
53	149	3
53	156	47
53	157	64
53	158	31
53	161	6
53	171	73
53	183	66
53	189	81
53	193	16
53	194	88
54	63	16
54	64	61
54	66	16
54	69	70
54	82	49
54	87	97
54	88	81
54	89	7
54	92	48
54	94	96
54	96	7
54	106	72
54	113	35
54	114	38
54	118	57
54	119	80
54	122	39
54	126	92
54	140	63
54	141	96
54	143	79
54	146	99
54	148	90
54	149	40
54	151	29
54	157	91
54	162	84
54	164	42
54	168	50
54	169	60
54	171	30
54	173	7
54	175	2
54	179	49
54	180	80
54	186	99
54	188	30
54	189	80
54	191	61
54	195	95
54	197	99
54	198	33
55	58	90
55	59	68
55	60	20
55	61	54
55	63	43
55	65	77
55	71	31
55	77	56
55	81	92
55	83	28
55	86	50
55	89	58
55	94	63
55	95	30
55	97	89
55	102	21
55	105	27
55	106	37
55	107	86
55	115	85
55	123	42
55	130	85
55	136	87
55	137	56
55	140	51
55	143	33
55	151	36
55	154	54
55	163	46
55	167	51
55	168	64
55	169	68
55	170	69
55	173	38
55	181	63
55	186	61
55	191	47
55	195	31
55	196	94
55	197	15
55	199	66
56	62	25
56	66	66
56	71	14
56	72	72
56	73	79
56	76	80
56	80	7
56	81	26
56	82	54
56	84	89
56	96	47
56	97	25
56	98	12
56	102	37
56	103	72
56	105	87
56	109	40
56	110	23
56	111	47
56	113	99
56	114	17
56	115	83
56	116	51
56	121	75
56	122	12
56	126	37
56	129	5
56	133	20
56	137	75
56	138	27
56	140	16
56	141	96
56	144	11
56	147	97
56	148	81
56	161	4
56	162	15
56	168	100
56	176	84
56	178	31
56	179	48
56	180	81
56	182	55
56	183	56
56	184	27
56	185	94
56	187	90
56	195	41
57	59	83
57	63	50
57	64	26
57	67	74
57	70	8
57	72	29
57	74	93
57	79	38
57	82	11
57	94	69
57	96	26
57	97	32
57	98	66
57	100	74
57	104	46
57	106	95
57	109	81
57	110	34
57	114	18
57	117	53
57	122	13
57	128	20
57	130	32
57	132	35
57	134	84
57	139	87
57	140	62
57	141	75
57	156	17
57	158	31
57	161	57
57	163	51
57	166	13
57	174	61
57	178	99
57	183	25
57	184	45
57	194	68
57	196	64
57	198	38
58	59	79
58	67	58
58	71	1
58	75	35
58	84	21
58	86	52
58	89	37
58	92	46
58	94	44
58	95	60
58	97	63
58	102	14
58	103	49
58	104	81
58	105	63
58	107	7
58	108	58
58	112	49
58	114	68
58	128	93
58	136	76
58	140	36
58	142	81
58	145	70
58	149	84
58	156	96
58	158	89
58	163	100
58	166	33
58	180	11
58	181	33
58	185	17
58	189	13
58	192	99
58	194	8
58	198	92
59	68	39
59	70	70
59	71	33
59	72	47
59	74	55
59	79	40
59	86	39
59	93	77
59	99	35
59	101	91
59	102	23
59	106	19
59	110	1
59	111	14
59	114	69
59	117	19
59	119	52
59	120	34
59	127	68
59	130	47
59	133	24
59	136	8
59	137	9
59	147	19
59	149	26
59	150	32
59	153	33
59	157	79
59	162	52
59	164	32
59	168	75
59	173	64
59	181	93
59	186	84
59	188	18
59	195	9
59	196	24
59	197	98
59	199	11
60	61	74
60	62	62
60	65	59
60	67	85
60	69	88
60	70	40
60	73	45
60	86	20
60	89	79
60	90	100
60	96	27
60	97	53
60	104	28
60	105	95
60	109	34
60	111	58
60	112	16
60	113	41
60	117	20
60	123	15
60	127	12
60	129	38
60	139	70
60	143	23
60	148	20
60	153	20
60	154	20
60	155	90
60	159	36
60	167	35
60	169	30
60	170	94
60	178	22
60	181	94
60	182	20
60	184	35
60	188	61
60	195	66
60	196	13
61	68	44
61	71	56
61	75	95
61	77	89
61	78	20
61	79	21
61	87	68
61	91	92
61	93	84
61	94	95
61	96	89
61	97	20
61	98	21
61	102	8
61	105	15
61	109	47
61	111	29
61	113	70
61	115	84
61	119	23
61	122	54
61	125	40
61	127	75
61	128	56
61	139	51
61	141	20
61	142	89
61	144	72
61	147	26
61	148	65
61	149	9
61	160	46
61	169	47
61	170	25
61	174	5
61	176	21
61	179	68
61	180	75
61	182	36
61	184	92
61	191	43
61	193	41
61	194	3
61	198	87
62	64	61
62	69	64
62	73	94
62	81	99
62	87	19
62	94	23
62	96	25
62	100	46
62	105	11
62	107	15
62	108	95
62	111	96
62	113	50
62	118	62
62	121	55
62	126	32
62	135	5
62	137	11
62	139	45
62	147	45
62	150	72
62	157	27
62	160	10
62	163	61
62	168	23
62	169	22
62	173	31
62	176	9
62	180	24
62	182	31
62	183	65
62	184	70
62	185	9
62	186	77
62	187	88
62	194	71
62	195	36
63	66	53
63	68	62
63	72	52
63	78	30
63	84	79
63	86	81
63	102	31
63	106	80
63	111	90
63	112	62
63	113	48
63	118	27
63	121	100
63	124	86
63	128	86
63	129	68
63	133	7
63	136	36
63	141	97
63	142	76
63	144	39
63	145	80
63	147	17
63	149	75
63	158	1
63	166	47
63	170	42
63	171	34
63	172	37
63	174	27
63	175	28
63	177	10
63	178	22
63	179	54
63	180	64
63	181	44
63	187	45
63	190	53
63	191	26
63	199	20
64	69	81
64	74	34
64	81	29
64	82	27
64	84	28
64	88	87
64	91	13
64	94	35
64	97	61
64	98	99
64	101	78
64	106	58
64	109	73
64	112	27
64	116	82
64	117	94
64	123	28
64	126	99
64	127	86
64	144	32
64	149	14
64	154	90
64	156	58
64	161	86
64	174	27
64	179	13
64	181	88
64	187	47
64	190	54
64	196	7
64	197	94
64	199	43
65	75	54
65	77	50
65	79	95
65	80	84
65	84	73
65	88	1
65	89	46
65	95	32
65	97	87
65	100	63
65	109	89
65	110	27
65	116	66
65	118	17
65	119	64
65	121	81
65	123	43
65	126	88
65	133	14
65	139	45
65	140	75
65	143	76
65	148	84
65	155	41
65	157	67
65	159	6
65	160	60
65	161	16
65	162	66
65	163	75
65	164	61
65	167	51
65	169	77
65	170	5
65	172	59
65	175	57
65	179	93
65	180	91
65	181	44
65	183	10
65	184	48
65	185	40
65	189	53
65	190	59
65	193	82
65	194	88
65	197	3
65	198	73
66	68	65
66	70	24
66	85	23
66	89	99
66	96	32
66	99	85
66	100	85
66	104	82
66	106	36
66	107	46
66	113	43
66	119	7
66	123	15
66	126	63
66	137	38
66	140	19
66	141	97
66	146	29
66	151	39
66	152	83
66	154	84
66	156	81
66	163	79
66	165	56
66	169	56
66	174	97
66	177	57
66	187	18
66	189	67
66	192	11
66	199	93
67	69	15
67	71	98
67	76	10
67	78	69
67	80	55
67	81	100
67	84	93
67	85	92
67	86	94
67	87	3
67	88	99
67	95	5
67	97	78
67	98	63
67	99	84
67	100	98
67	101	94
67	105	89
67	113	42
67	114	78
67	115	69
67	117	67
67	120	44
67	122	6
67	127	77
67	134	95
67	136	25
67	142	17
67	145	93
67	151	77
67	152	24
67	153	87
67	154	37
67	164	6
67	165	41
67	171	62
67	173	77
67	174	40
67	176	61
67	179	58
67	180	37
67	181	24
67	184	16
67	188	46
67	190	12
67	192	25
67	198	60
68	72	44
68	76	45
68	85	54
68	87	60
68	88	66
68	90	34
68	93	26
68	95	92
68	97	79
68	109	2
68	111	6
68	115	20
68	120	78
68	131	82
68	142	66
68	144	73
68	151	23
68	155	12
68	159	69
68	161	61
68	164	70
68	165	95
68	166	78
68	167	48
68	168	66
68	169	95
68	171	9
68	172	77
68	176	66
68	178	38
68	179	23
68	189	37
68	190	32
68	193	12
68	197	77
68	199	11
69	70	79
69	72	18
69	76	36
69	77	29
69	79	89
69	84	54
69	86	60
69	88	15
69	92	28
69	93	98
69	100	32
69	104	16
69	111	37
69	114	33
69	124	15
69	126	73
69	127	48
69	128	39
69	133	11
69	136	55
69	137	95
69	138	70
69	139	40
69	140	80
69	143	92
69	145	77
69	146	97
69	150	84
69	154	97
69	155	70
69	157	77
69	158	68
69	159	56
69	160	74
69	162	22
69	166	23
69	169	90
69	170	16
69	181	66
69	183	14
69	184	62
69	185	80
69	191	58
69	192	15
70	71	87
70	77	92
70	81	13
70	84	38
70	90	65
70	91	5
70	94	85
70	95	60
70	98	79
70	100	33
70	107	20
70	109	92
70	111	41
70	122	36
70	125	3
70	131	84
70	132	63
70	140	21
70	142	54
70	150	10
70	155	3
70	156	77
70	159	70
70	162	81
70	163	46
70	165	56
70	167	47
70	169	38
70	172	61
70	175	5
70	178	49
70	182	97
70	192	94
70	193	95
70	194	12
70	195	70
70	196	53
70	198	36
71	77	31
71	81	12
71	82	37
71	86	77
71	87	86
71	90	1
71	92	83
71	94	57
71	97	89
71	99	60
71	104	92
71	107	37
71	118	74
71	122	23
71	126	22
71	127	73
71	132	51
71	137	58
71	138	66
71	139	52
71	142	59
71	148	45
71	149	69
71	150	6
71	152	22
71	158	94
71	162	36
71	168	11
71	170	47
71	177	10
71	180	53
71	181	17
71	182	78
71	183	51
71	192	70
71	196	73
72	74	27
72	79	2
72	87	64
72	89	37
72	90	29
72	91	19
72	92	71
72	100	92
72	102	80
72	116	8
72	117	48
72	118	83
72	121	38
72	128	90
72	133	95
72	136	88
72	137	98
72	138	92
72	142	58
72	151	88
72	152	17
72	153	43
72	161	17
72	163	85
72	169	10
72	172	61
72	184	82
72	185	99
72	186	82
72	193	83
72	194	17
72	197	94
72	199	43
73	81	100
73	85	91
73	87	25
73	88	84
73	93	78
73	102	57
73	103	97
73	104	87
73	106	69
73	107	75
73	113	72
73	116	39
73	118	69
73	125	45
73	128	7
73	133	69
73	134	43
73	136	1
73	143	18
73	144	67
73	145	11
73	150	1
73	151	19
73	159	21
73	166	77
73	167	40
73	170	46
73	174	26
73	175	87
73	177	34
73	181	88
73	183	74
73	184	92
73	186	87
73	187	30
73	188	47
73	198	54
74	75	49
74	77	85
74	80	21
74	84	80
74	86	43
74	87	68
74	88	7
74	92	94
74	93	29
74	97	67
74	100	45
74	102	34
74	103	66
74	106	14
74	110	50
74	116	29
74	120	98
74	122	6
74	126	49
74	128	4
74	135	25
74	138	72
74	144	69
74	145	4
74	146	36
74	148	21
74	153	70
74	154	66
74	156	18
74	159	62
74	160	56
74	166	46
74	167	32
74	168	69
74	174	28
74	175	99
74	177	100
74	186	57
74	191	4
74	195	51
74	197	41
74	199	53
75	78	99
75	80	75
75	81	22
75	82	39
75	90	88
75	91	86
75	93	44
75	104	47
75	107	56
75	111	42
75	112	8
75	117	77
75	120	87
75	123	28
75	126	98
75	127	12
75	134	94
75	136	95
75	139	18
75	140	85
75	141	48
75	142	15
75	146	15
75	148	48
75	150	74
75	155	6
75	162	72
75	164	94
75	165	24
75	166	83
75	168	80
75	170	10
75	171	47
75	174	46
75	179	29
75	185	40
75	186	80
75	189	86
75	190	22
75	191	53
75	193	95
75	195	31
75	197	46
75	198	27
76	80	53
76	94	73
76	98	36
76	100	100
76	101	94
76	102	22
76	108	90
76	109	74
76	111	96
76	113	75
76	120	78
76	122	82
76	124	27
76	127	17
76	130	99
76	134	52
76	135	53
76	136	41
76	137	66
76	147	80
76	152	47
76	153	5
76	154	94
76	156	30
76	157	80
76	160	22
76	161	34
76	162	13
76	163	63
76	164	14
76	166	19
76	169	50
76	171	99
76	172	73
76	175	72
76	178	53
76	181	31
76	183	46
76	185	5
76	191	1
76	193	85
76	194	91
76	196	46
77	79	76
77	80	63
77	84	38
77	86	39
77	89	29
77	91	44
77	93	92
77	99	13
77	100	50
77	102	100
77	107	52
77	114	17
77	118	84
77	119	82
77	126	87
77	128	30
77	130	85
77	131	34
77	132	34
77	134	52
77	137	66
77	147	68
77	155	19
77	156	44
77	157	99
77	164	60
77	167	94
77	168	67
77	169	84
77	170	66
77	171	68
77	182	44
77	183	81
77	184	96
77	186	92
77	188	30
77	192	65
77	194	33
77	195	82
77	198	52
78	80	24
78	82	45
78	88	8
78	94	97
78	98	17
78	105	87
78	107	25
78	115	94
78	117	17
78	120	68
78	132	63
78	134	14
78	135	54
78	145	57
78	147	48
78	149	39
78	156	46
78	159	20
78	160	94
78	163	18
78	169	54
78	173	46
78	175	52
78	180	84
78	182	59
78	183	39
78	187	52
78	188	14
78	193	89
79	83	60
79	88	73
79	89	79
79	91	43
79	94	96
79	95	25
79	97	1
79	98	32
79	99	93
79	110	96
79	111	16
79	120	11
79	141	18
79	142	27
79	147	41
79	149	74
79	157	51
79	161	30
79	165	3
79	167	60
79	168	2
79	170	29
79	171	12
79	177	30
79	186	45
79	188	10
79	190	37
79	195	24
79	199	98
80	84	41
80	86	27
80	88	53
80	90	43
80	94	41
80	100	44
80	110	58
80	112	39
80	115	90
80	117	73
80	118	48
80	119	33
80	120	70
80	124	85
80	128	57
80	132	91
80	139	31
80	142	97
80	149	86
80	154	81
80	156	91
80	157	84
80	159	73
80	162	28
80	165	58
80	168	59
80	176	88
80	183	55
80	185	20
80	189	12
81	82	34
81	85	10
81	88	88
81	89	45
81	90	3
81	92	39
81	97	37
81	98	46
81	100	57
81	101	63
81	104	76
81	116	39
81	118	25
81	120	44
81	128	93
81	131	60
81	134	41
81	139	72
81	147	87
81	150	73
81	155	78
81	157	25
81	158	18
81	163	54
81	171	38
81	172	40
81	173	19
81	174	96
81	178	47
81	187	22
81	189	24
81	190	77
81	191	53
81	192	57
81	195	35
81	197	99
81	198	90
82	88	51
82	89	32
82	90	82
82	99	85
82	107	44
82	109	52
82	113	20
82	114	64
82	116	71
82	117	17
82	119	92
82	128	54
82	131	60
82	132	96
82	137	8
82	138	74
82	142	85
82	144	20
82	145	14
82	147	18
82	156	53
82	158	18
82	165	50
82	168	87
82	169	91
82	170	43
82	171	56
82	173	100
82	177	50
82	185	8
82	194	76
82	197	29
83	84	4
83	85	39
83	89	3
83	91	28
83	93	34
83	95	58
83	96	81
83	97	77
83	98	12
83	107	14
83	108	29
83	114	58
83	115	74
83	116	76
83	117	98
83	121	4
83	122	28
83	125	32
83	126	20
83	132	70
83	133	19
83	137	98
83	139	12
83	145	43
83	146	98
83	148	63
83	152	22
83	159	46
83	163	30
83	164	94
83	168	44
83	169	31
83	173	63
83	174	33
83	176	49
83	179	11
83	181	70
83	184	81
83	185	24
83	188	71
83	194	84
83	196	58
84	86	92
84	87	60
84	91	2
84	94	27
84	95	57
84	96	86
84	99	12
84	106	72
84	109	5
84	111	79
84	114	48
84	115	49
84	120	15
84	123	83
84	125	89
84	131	27
84	134	50
84	141	53
84	149	2
84	156	91
84	158	69
84	160	11
84	167	48
84	169	35
84	175	10
84	180	83
84	187	58
84	189	37
84	196	7
84	198	38
85	94	68
85	102	73
85	103	41
85	104	100
85	105	44
85	108	60
85	115	82
85	116	26
85	118	50
85	122	97
85	126	88
85	131	86
85	132	28
85	138	2
85	142	75
85	143	7
85	146	74
85	148	73
85	149	37
85	152	4
85	159	54
85	163	77
85	164	22
85	165	60
85	169	84
85	170	50
85	173	4
85	178	30
85	180	13
85	189	11
85	193	26
85	195	46
85	197	52
85	199	94
86	90	66
86	92	2
86	98	61
86	100	40
86	104	2
86	108	74
86	110	1
86	111	82
86	112	27
86	115	51
86	117	65
86	119	9
86	120	35
86	123	82
86	127	40
86	129	21
86	131	22
86	140	99
86	144	78
86	145	52
86	147	58
86	150	39
86	152	100
86	157	83
86	165	7
86	166	30
86	169	10
86	171	87
86	172	39
86	174	30
86	178	6
86	180	58
86	181	72
86	189	16
86	190	67
86	198	31
87	88	83
87	89	66
87	90	67
87	93	86
87	95	18
87	99	35
87	104	12
87	107	3
87	111	44
87	114	70
87	118	77
87	123	72
87	124	40
87	127	6
87	131	12
87	132	34
87	133	85
87	138	91
87	140	36
87	144	62
87	145	94
87	148	69
87	150	61
87	151	23
87	152	93
87	158	82
87	160	79
87	161	29
87	165	3
87	167	50
87	181	82
87	186	38
87	188	97
87	191	3
87	192	1
87	193	68
87	197	94
88	90	96
88	92	93
88	105	43
88	107	54
88	109	70
88	113	73
88	114	40
88	120	19
88	122	49
88	123	53
88	124	62
88	129	14
88	134	39
88	137	24
88	139	38
88	143	80
88	144	7
88	149	69
88	152	54
88	154	43
88	158	6
88	166	40
88	170	54
88	171	92
88	176	70
88	179	1
88	182	79
88	183	87
88	190	59
88	199	56
89	92	18
89	94	6
89	96	100
89	97	21
89	98	24
89	101	67
89	102	71
89	104	24
89	105	99
89	107	100
89	109	79
89	110	73
89	111	54
89	113	22
89	117	55
89	123	88
89	124	17
89	125	47
89	126	48
89	127	53
89	130	37
89	133	20
89	135	42
89	137	26
89	142	33
89	144	59
89	145	24
89	148	71
89	151	19
89	153	41
89	154	28
89	157	83
89	161	30
89	164	40
89	165	84
89	166	87
89	170	51
89	174	16
89	176	55
89	179	38
89	184	13
89	186	31
89	187	33
90	94	35
90	98	64
90	99	14
90	101	42
90	105	31
90	107	98
90	109	100
90	112	58
90	114	74
90	116	65
90	117	1
90	120	39
90	121	35
90	129	56
90	132	19
90	133	48
90	135	88
90	137	21
90	138	44
90	139	29
90	145	48
90	147	30
90	165	65
90	172	84
90	173	99
90	179	79
90	186	54
90	187	66
90	188	36
90	194	37
90	197	79
91	92	92
91	95	12
91	98	89
91	99	28
91	103	29
91	108	10
91	113	42
91	114	24
91	124	46
91	126	2
91	134	89
91	136	36
91	137	12
91	143	69
91	144	36
91	148	42
91	153	69
91	157	38
91	167	2
91	170	38
91	172	89
91	175	77
91	180	81
91	188	40
91	191	31
91	192	90
91	193	3
91	194	61
91	195	3
91	196	80
91	198	84
92	93	52
92	94	93
92	99	57
92	101	31
92	103	25
92	107	78
92	110	22
92	112	52
92	116	66
92	132	40
92	133	4
92	136	49
92	137	58
92	147	78
92	149	63
92	150	18
92	153	4
92	157	43
92	161	3
92	162	58
92	164	38
92	168	40
92	170	50
92	175	91
92	177	1
92	179	65
92	180	35
92	186	77
92	187	62
92	189	50
92	195	86
92	197	53
92	198	34
93	95	35
93	96	99
93	97	11
93	99	25
93	103	26
93	105	98
93	106	48
93	107	91
93	108	29
93	110	48
93	111	50
93	112	65
93	113	93
93	115	45
93	120	63
93	122	18
93	126	22
93	127	42
93	128	71
93	129	37
93	132	100
93	134	27
93	141	51
93	142	57
93	146	41
93	147	81
93	149	65
93	150	14
93	151	80
93	155	26
93	156	56
93	158	6
93	159	70
93	161	15
93	162	7
93	164	87
93	167	94
93	171	10
93	172	16
93	175	93
93	176	13
93	182	90
93	184	20
93	191	34
93	197	70
93	198	43
93	199	47
94	95	65
94	97	24
94	98	72
94	104	56
94	106	54
94	108	78
94	109	11
94	111	42
94	118	19
94	120	72
94	121	31
94	123	100
94	130	69
94	131	4
94	132	70
94	137	13
94	142	73
94	147	85
94	151	84
94	152	96
94	153	74
94	155	74
94	156	91
94	157	86
94	159	10
94	162	94
94	165	49
94	166	72
94	171	5
94	172	92
94	179	16
94	183	84
94	186	87
94	187	86
94	189	71
94	190	46
94	192	72
94	195	19
94	197	86
94	198	57
95	108	70
95	110	35
95	118	46
95	121	72
95	125	58
95	127	96
95	133	3
95	134	38
95	141	83
95	143	45
95	145	2
95	158	41
95	161	47
95	166	32
95	170	18
95	171	9
95	179	7
95	180	85
95	181	1
95	186	58
95	187	23
95	196	45
95	198	12
96	104	99
96	108	83
96	111	7
96	115	85
96	119	24
96	121	4
96	122	26
96	123	19
96	124	2
96	126	28
96	132	46
96	136	39
96	139	50
96	141	92
96	142	25
96	149	64
96	156	62
96	164	71
96	173	80
96	179	100
96	181	7
96	183	63
96	185	10
96	186	37
96	192	98
96	193	26
96	199	80
97	98	83
97	103	84
97	106	71
97	107	41
97	111	77
97	116	45
97	117	86
97	119	79
97	122	54
97	126	99
97	127	49
97	128	97
97	129	95
97	135	38
97	136	8
97	137	78
97	138	39
97	141	40
97	144	37
97	145	46
97	147	70
97	149	45
97	154	56
97	160	29
97	162	49
97	168	65
97	171	83
97	173	15
97	174	18
97	179	95
97	186	71
97	187	90
97	188	62
97	189	44
97	191	97
98	107	61
98	108	40
98	111	30
98	113	6
98	116	36
98	120	90
98	124	86
98	125	72
98	133	3
98	135	16
98	136	93
98	142	2
98	149	20
98	150	41
98	151	55
98	159	71
98	165	62
98	173	76
98	184	70
98	187	85
98	189	14
98	194	22
98	196	7
98	199	42
99	106	57
99	118	68
99	121	16
99	122	40
99	124	60
99	125	16
99	128	87
99	129	56
99	130	54
99	135	7
99	136	38
99	137	43
99	142	81
99	143	9
99	150	61
99	152	37
99	156	18
99	157	53
99	162	24
99	165	93
99	170	75
99	172	90
99	175	59
99	177	57
99	179	30
99	181	99
99	182	22
99	184	67
99	185	56
99	190	70
99	194	75
99	195	85
100	103	19
100	104	11
100	105	33
100	106	79
100	117	86
100	118	34
100	121	66
100	125	83
100	130	64
100	131	24
100	132	21
100	136	83
100	138	27
100	141	59
100	144	6
100	145	23
100	147	69
100	151	2
100	153	41
100	157	45
100	159	58
100	160	45
100	164	14
100	170	70
100	171	47
100	172	75
100	176	54
100	177	50
100	179	55
100	180	87
100	184	9
100	187	37
100	189	7
100	190	99
100	198	66
101	106	74
101	112	32
101	113	43
101	118	54
101	124	2
101	127	77
101	128	73
101	132	76
101	135	54
101	144	39
101	149	3
101	150	19
101	151	79
101	154	48
101	155	34
101	157	17
101	158	7
101	159	76
101	160	52
101	161	21
101	167	45
101	170	43
101	171	46
101	172	35
101	174	47
101	176	41
101	178	49
101	181	86
101	183	56
101	190	57
101	191	60
101	192	11
101	194	39
101	197	46
101	198	28
101	199	94
102	113	19
102	118	56
102	119	79
102	120	74
102	122	8
102	123	27
102	125	65
102	133	44
102	137	7
102	138	36
102	140	32
102	144	51
102	145	49
102	151	22
102	152	42
102	154	18
102	156	19
102	158	12
102	160	30
102	165	42
102	172	49
102	178	20
102	192	77
102	193	29
103	104	56
103	120	61
103	123	52
103	126	49
103	129	62
103	132	37
103	145	92
103	146	96
103	148	63
103	152	40
103	154	69
103	157	50
103	158	66
103	159	100
103	162	38
103	165	80
103	166	4
103	167	36
103	169	62
103	171	3
103	173	90
103	175	69
103	182	76
103	185	83
103	186	11
103	191	100
103	195	92
104	109	81
104	115	14
104	126	76
104	128	49
104	135	85
104	137	82
104	138	31
104	141	74
104	142	11
104	157	1
104	162	19
104	167	30
104	169	48
104	172	88
104	174	96
104	182	79
104	190	81
104	191	8
104	194	33
104	196	3
104	199	96
105	109	88
105	110	98
105	111	23
105	116	89
105	122	4
105	124	44
105	132	41
105	134	95
105	137	77
105	138	93
105	139	69
105	140	95
105	141	100
105	147	75
105	151	17
105	157	39
105	159	78
105	162	43
105	168	39
105	170	22
105	175	67
105	176	70
105	180	67
105	182	59
105	185	13
105	188	51
105	189	83
105	191	1
105	192	46
105	199	78
106	114	75
106	115	3
106	117	8
106	131	27
106	135	71
106	136	25
106	138	24
106	139	11
106	144	88
106	149	52
106	151	4
106	159	38
106	161	52
106	164	55
106	166	1
106	170	69
106	171	74
106	174	42
106	175	84
106	181	14
106	183	46
106	184	60
106	185	33
106	187	3
106	191	70
106	196	11
107	109	1
107	111	53
107	115	34
107	117	64
107	127	23
107	129	70
107	138	49
107	141	40
107	144	74
107	146	69
107	148	3
107	161	91
107	163	68
107	164	63
107	169	38
107	172	9
107	174	58
107	180	50
107	181	96
107	183	84
107	185	45
107	186	100
107	194	18
107	197	52
107	198	73
108	112	99
108	113	60
108	117	50
108	119	93
108	122	92
108	127	43
108	133	94
108	137	19
108	139	78
108	148	81
108	150	71
108	163	70
108	169	66
108	178	25
108	179	88
108	184	77
108	187	34
108	188	23
108	194	23
108	196	48
109	111	45
109	113	88
109	117	74
109	120	77
109	122	34
109	123	25
109	124	99
109	126	25
109	130	37
109	131	20
109	135	54
109	151	79
109	153	5
109	154	69
109	158	6
109	161	12
109	163	9
109	171	96
109	173	22
109	175	59
109	177	24
109	180	31
109	184	24
109	189	61
109	190	10
109	192	62
109	194	40
109	198	27
110	116	19
110	117	64
110	126	89
110	130	76
110	133	47
110	134	96
110	141	85
110	142	40
110	146	81
110	150	4
110	151	8
110	152	41
110	156	94
110	157	13
110	160	75
110	161	90
110	162	10
110	163	15
110	164	63
110	165	57
110	166	19
110	169	61
110	170	73
110	174	41
110	175	48
110	180	13
110	183	95
110	184	93
110	185	1
110	189	89
110	195	6
111	118	36
111	123	7
111	131	92
111	132	30
111	144	18
111	149	73
111	153	45
111	154	34
111	158	84
111	160	20
111	162	39
111	163	89
111	164	10
111	165	48
111	166	40
111	168	18
111	173	33
111	177	46
111	178	9
111	179	58
111	180	19
111	188	44
111	189	89
111	193	59
111	194	60
111	196	7
111	197	99
111	199	4
112	113	57
112	114	18
112	116	91
112	121	45
112	123	88
112	125	81
112	126	26
112	128	36
112	129	64
112	130	37
112	134	28
112	140	59
112	142	6
112	148	79
112	154	86
112	155	19
112	158	61
112	159	53
112	163	94
112	167	34
112	170	16
112	171	67
112	180	43
112	183	87
112	187	20
112	190	15
112	191	21
112	198	74
113	115	78
113	118	9
113	119	57
113	121	48
113	122	4
113	123	64
113	129	69
113	131	86
113	140	32
113	143	22
113	145	12
113	149	31
113	150	19
113	153	58
113	156	62
113	158	98
113	162	84
113	163	12
113	167	5
113	168	84
113	173	35
113	178	29
113	181	6
113	182	33
113	184	86
113	192	49
113	193	5
114	115	77
114	118	5
114	120	2
114	122	31
114	123	18
114	124	56
114	127	43
114	128	95
114	138	76
114	144	22
114	157	51
114	168	39
114	169	37
114	175	63
114	176	22
114	183	41
114	188	90
114	193	39
114	196	37
114	197	14
114	198	13
114	199	74
115	116	77
115	123	63
115	129	82
115	135	34
115	140	32
115	151	98
115	152	55
115	162	24
115	167	99
115	170	96
115	175	64
115	177	40
115	179	26
115	182	8
115	189	60
115	190	92
115	193	55
115	194	80
115	195	61
115	198	22
115	199	8
116	118	5
116	122	86
116	124	92
116	125	87
116	132	17
116	136	17
116	138	69
116	141	92
116	144	1
116	145	93
116	151	28
116	157	62
116	160	15
116	163	32
116	169	66
116	173	44
116	179	15
116	181	92
116	189	86
116	191	59
116	193	42
117	119	15
117	122	54
117	125	47
117	126	98
117	129	42
117	135	90
117	145	23
117	153	60
117	154	92
117	155	31
117	157	53
117	158	88
117	161	72
117	168	85
117	170	91
117	174	85
117	179	65
117	188	21
117	191	37
117	193	59
117	194	12
118	123	63
118	124	65
118	135	30
118	137	87
118	138	31
118	141	68
118	143	62
118	147	71
118	148	48
118	150	81
118	156	51
118	158	45
118	163	85
118	165	53
118	166	42
118	173	78
118	174	9
118	177	59
118	178	51
118	181	23
118	183	60
118	185	83
118	188	95
118	190	64
118	195	87
118	197	23
118	199	78
119	123	19
119	124	18
119	128	64
119	136	93
119	137	53
119	139	94
119	145	49
119	147	73
119	148	29
119	151	17
119	152	36
119	155	81
119	158	98
119	160	46
119	167	29
119	168	3
119	173	75
119	179	59
119	181	25
119	183	23
119	187	36
119	190	77
119	194	66
119	197	36
120	123	40
120	125	35
120	130	23
120	133	68
120	139	86
120	142	92
120	143	6
120	145	37
120	155	79
120	166	94
120	175	38
120	179	67
120	180	53
120	184	76
120	197	28
120	198	35
121	123	58
121	127	69
121	134	56
121	140	17
121	143	84
121	146	50
121	147	71
121	153	44
121	159	80
121	164	12
121	165	90
121	169	31
121	170	45
121	173	91
121	186	55
121	189	77
121	195	56
121	198	82
122	125	41
122	127	4
122	130	1
122	133	18
122	135	59
122	141	7
122	142	8
122	143	87
122	153	15
122	154	29
122	157	51
122	160	85
122	161	10
122	162	8
122	163	75
122	164	24
122	165	21
122	172	72
122	175	83
122	178	24
122	180	36
122	182	62
122	184	69
122	186	62
122	187	48
122	188	91
122	193	65
122	196	86
123	124	71
123	126	18
123	127	38
123	129	13
123	135	95
123	145	65
123	147	88
123	151	23
123	154	59
123	156	86
123	159	55
123	161	7
123	162	24
123	164	79
123	165	70
123	172	72
123	176	82
123	178	42
123	179	66
123	181	19
123	182	41
123	185	90
123	192	77
123	197	85
123	199	63
124	126	30
124	129	41
124	135	51
124	137	85
124	139	50
124	147	48
124	150	37
124	156	65
124	159	72
124	167	44
124	171	84
124	172	92
124	180	31
124	182	70
124	185	50
124	190	5
124	192	29
124	197	39
125	129	91
125	130	9
125	131	28
125	132	31
125	134	29
125	135	83
125	138	52
125	142	21
125	143	41
125	150	43
125	152	95
125	154	53
125	158	87
125	160	59
125	162	92
125	166	54
125	168	98
125	174	21
125	179	31
125	188	24
125	191	26
125	197	74
125	198	94
126	129	70
126	132	53
126	138	68
126	140	42
126	141	74
126	142	52
126	145	54
126	157	77
126	160	92
126	164	66
126	168	5
126	177	46
126	178	10
126	186	93
126	189	98
126	190	87
126	192	53
126	195	91
126	199	35
127	128	58
127	133	96
127	134	77
127	137	75
127	140	91
127	147	77
127	149	94
127	150	63
127	151	67
127	152	48
127	163	33
127	165	40
127	167	44
127	168	44
127	169	85
127	170	37
127	183	77
127	186	89
127	189	9
127	191	18
127	197	35
128	133	68
128	134	53
128	135	91
128	136	62
128	137	28
128	138	83
128	144	86
128	147	86
128	148	67
128	151	23
128	153	31
128	158	41
128	159	82
128	163	31
128	167	26
128	170	5
128	173	56
128	179	3
128	181	5
128	188	40
128	192	31
128	194	39
128	197	85
129	133	89
129	134	21
129	141	67
129	143	75
129	150	79
129	156	41
129	157	2
129	159	63
129	160	81
129	161	2
129	166	83
129	179	56
129	182	99
129	188	95
129	189	80
129	191	42
129	194	66
129	195	52
129	198	7
129	199	16
130	131	86
130	140	57
130	142	11
130	143	61
130	146	4
130	149	51
130	150	20
130	153	61
130	161	66
130	163	93
130	166	57
130	170	42
130	176	28
130	177	11
130	178	91
130	180	100
130	181	32
130	182	16
130	185	10
130	186	10
130	191	96
130	194	31
131	137	41
131	138	86
131	139	5
131	141	60
131	149	53
131	159	28
131	163	49
131	166	69
131	169	43
131	170	26
131	176	91
131	186	52
131	188	22
131	196	22
131	197	22
131	198	14
131	199	54
132	139	37
132	142	24
132	143	77
132	144	25
132	151	47
132	156	92
132	161	58
132	164	48
132	167	47
132	168	82
132	169	7
132	170	85
132	172	65
132	173	87
132	174	85
132	175	81
132	178	23
132	179	29
132	180	88
132	184	5
132	193	62
132	198	72
133	142	78
133	145	44
133	146	60
133	150	15
133	152	4
133	157	58
133	159	37
133	161	17
133	165	21
133	166	100
133	171	66
133	179	82
133	180	76
133	183	40
133	184	70
133	190	78
133	192	98
133	198	44
134	138	51
134	139	10
134	140	90
134	145	69
134	146	67
134	150	92
134	155	3
134	159	36
134	160	15
134	162	21
134	165	33
134	175	19
134	185	24
134	187	98
134	191	96
134	192	9
134	194	89
134	195	29
134	199	58
135	138	10
135	139	26
135	141	37
135	143	90
135	153	57
135	155	15
135	157	32
135	160	100
135	163	28
135	171	94
135	174	51
135	175	29
135	179	40
135	183	73
135	185	41
135	194	64
135	198	1
136	137	15
136	140	89
136	143	18
136	149	69
136	150	34
136	151	59
136	152	44
136	158	89
136	159	70
136	164	88
136	165	5
136	171	1
136	173	29
136	178	35
136	179	2
136	184	46
136	186	88
136	194	75
136	195	29
136	198	16
136	199	18
137	140	24
137	141	92
137	144	72
137	146	2
137	151	82
137	153	21
137	159	80
137	162	65
137	163	20
137	165	87
137	168	38
137	171	86
137	174	94
137	178	69
137	185	73
137	188	97
137	190	14
137	191	25
137	192	30
138	141	95
138	149	69
138	150	96
138	153	56
138	154	85
138	155	71
138	157	58
138	159	81
138	164	26
138	165	100
138	169	41
138	170	41
138	172	32
138	178	15
138	185	76
138	186	5
138	192	32
138	197	52
139	148	71
139	149	14
139	153	37
139	156	49
139	164	48
139	165	50
139	170	33
139	172	14
139	173	82
139	175	93
139	177	66
139	178	81
139	180	3
139	181	97
139	182	71
139	187	91
139	188	88
139	193	85
139	195	6
139	199	52
140	143	13
140	145	45
140	149	24
140	152	53
140	154	10
140	155	66
140	158	13
140	160	38
140	167	59
140	168	4
140	177	53
140	182	99
140	183	30
140	184	31
140	191	88
140	194	13
141	145	40
141	153	26
141	155	49
141	159	11
141	161	35
141	162	93
141	167	88
141	169	17
141	175	15
141	179	32
141	183	60
141	187	18
141	188	78
141	189	16
141	190	8
141	195	42
141	197	76
142	143	71
142	146	42
142	147	92
142	151	32
142	153	22
142	155	87
142	157	82
142	159	21
142	167	55
142	168	80
142	174	55
142	177	16
142	186	73
142	190	76
142	192	73
142	194	72
142	197	13
142	199	3
143	148	60
143	149	38
143	150	87
143	153	91
143	156	27
143	160	14
143	162	67
143	166	96
143	169	27
143	171	36
143	172	92
143	179	85
143	184	1
143	185	27
143	189	87
143	193	13
144	146	82
144	148	32
144	149	24
144	151	88
144	152	91
144	154	70
144	158	49
144	159	94
144	163	79
144	164	13
144	165	95
144	167	85
144	174	47
144	175	91
144	183	7
144	184	70
144	187	68
144	190	20
144	191	47
144	193	82
144	194	86
144	195	42
144	196	84
145	147	39
145	149	97
145	150	99
145	155	95
145	157	50
145	161	72
145	163	61
145	169	72
145	177	94
145	184	30
145	185	69
145	186	29
145	188	26
145	192	89
145	194	5
145	198	76
146	158	66
146	161	22
146	163	15
146	164	23
146	165	54
146	170	92
146	177	74
146	180	11
146	185	23
146	186	49
146	188	43
146	190	42
146	194	58
146	198	21
147	148	71
147	149	18
147	158	91
147	161	92
147	164	29
147	165	56
147	166	21
147	167	72
147	168	2
147	172	74
147	174	50
147	177	18
147	183	53
147	184	50
147	185	62
147	191	96
147	198	68
148	149	65
148	154	20
148	165	19
148	170	70
148	171	50
148	176	5
148	184	20
148	185	79
148	190	75
148	192	12
148	193	85
149	150	51
149	154	65
149	157	62
149	158	24
149	159	30
149	163	68
149	171	45
149	172	15
149	175	18
149	176	61
149	180	82
149	181	18
149	189	78
149	196	30
149	197	12
149	198	55
150	155	91
150	157	66
150	168	30
150	170	38
150	171	40
150	174	2
150	178	48
150	179	13
150	182	43
150	183	65
150	185	45
150	187	1
150	192	71
150	193	2
150	195	2
150	196	12
150	197	19
150	198	18
151	155	21
151	156	95
151	160	21
151	164	27
151	165	21
151	167	26
151	168	30
151	175	82
151	179	85
151	182	6
151	187	92
151	188	99
151	193	98
151	198	74
152	160	90
152	162	61
152	172	65
152	180	25
152	181	25
152	185	59
152	198	88
152	199	14
153	154	41
153	167	82
153	169	75
153	171	8
153	172	65
153	176	37
153	177	61
153	180	44
153	182	2
153	184	76
153	186	98
153	188	69
153	192	21
153	195	10
153	196	9
153	198	100
153	199	6
154	155	82
154	157	60
154	158	44
154	166	66
154	168	89
154	173	43
154	175	80
154	180	5
154	181	18
154	188	8
154	199	44
155	156	45
155	158	92
155	160	45
155	161	33
155	162	78
155	165	55
155	166	61
155	169	89
155	178	18
155	180	68
155	181	33
155	187	10
155	189	72
155	192	55
155	194	79
156	157	29
156	164	39
156	167	25
156	168	68
156	170	72
156	175	68
156	178	85
156	192	63
156	195	57
156	196	17
157	161	22
157	163	8
157	168	96
157	170	1
157	174	27
157	175	47
157	178	58
157	181	86
157	183	26
157	185	7
157	187	42
157	193	55
158	159	39
158	161	8
158	162	99
158	165	99
158	166	87
158	169	21
158	171	22
158	173	68
158	175	45
158	179	13
158	183	17
158	184	1
158	187	93
158	197	48
158	198	51
159	164	28
159	165	90
159	170	81
159	171	71
159	172	54
159	176	91
159	178	10
159	181	93
159	183	11
159	184	34
159	188	85
159	191	7
159	192	46
159	195	43
159	196	68
159	197	60
160	165	28
160	167	78
160	169	76
160	170	24
160	172	48
160	177	92
160	180	73
160	181	85
160	185	76
160	188	24
160	189	97
160	191	52
160	195	22
160	196	94
160	199	73
161	164	24
161	167	41
161	172	100
161	179	16
161	180	37
161	181	83
161	183	61
161	195	51
161	199	6
162	163	95
162	165	81
162	169	92
162	170	4
162	175	91
162	176	91
162	179	100
162	182	35
162	187	49
162	191	48
162	194	20
162	196	83
163	165	90
163	166	56
163	167	20
163	172	97
163	184	99
163	185	60
163	186	73
163	190	57
163	193	12
163	194	42
163	195	78
163	199	67
164	166	60
164	168	41
164	169	2
164	175	40
164	179	19
164	180	80
164	184	95
164	186	88
164	188	26
164	190	59
164	191	25
164	192	54
164	193	4
164	197	33
164	198	32
165	166	69
165	170	80
165	183	75
165	191	15
165	192	17
165	199	94
166	167	82
166	168	18
166	170	45
166	173	35
166	177	25
166	199	68
167	169	28
167	170	66
167	176	49
167	179	27
167	185	9
167	187	50
167	190	68
167	191	40
167	198	58
168	169	83
168	170	55
168	173	62
168	176	15
168	180	84
168	181	98
168	184	76
168	188	21
168	196	53
168	197	51
169	172	62
169	174	33
169	175	11
169	180	69
169	184	70
169	187	86
169	189	76
169	190	92
170	172	44
170	179	48
170	180	89
170	181	47
170	184	22
170	187	29
170	193	91
170	195	49
170	198	71
171	172	56
171	177	72
171	179	56
171	182	60
171	184	65
171	189	90
171	191	17
171	193	92
171	195	39
171	196	71
171	198	73
172	173	7
172	181	86
172	185	12
172	187	80
172	192	78
172	193	97
172	194	66
172	195	90
172	196	7
173	177	96
173	182	22
173	186	70
173	193	41
173	194	53
173	195	23
173	198	90
174	186	63
174	190	83
174	198	8
175	177	40
175	179	74
175	182	81
175	184	34
175	185	22
175	188	87
175	190	36
175	193	50
176	179	35
176	184	7
176	185	96
176	188	90
176	190	76
176	193	54
177	180	98
177	183	44
177	193	1
177	197	22
177	198	81
178	179	41
178	181	2
178	185	34
178	188	8
178	191	87
179	181	63
179	185	55
179	186	42
179	187	17
179	189	85
179	197	56
180	185	74
180	188	96
180	190	44
180	193	10
180	199	8
181	185	40
181	186	96
181	189	7
181	191	94
181	197	56
181	198	55
182	185	80
182	187	41
182	189	58
182	195	78
182	197	68
183	185	2
183	189	59
183	190	52
183	191	81
183	198	25
184	186	53
184	190	35
184	191	95
184	194	30
184	196	100
185	186	92
185	192	2
185	193	19
185	195	68
186	189	25
186	192	95
186	194	100
187	189	38
187	193	45
187	195	91
187	196	57
187	197	6
187	199	51
188	190	40
188	194	65
188	199	16
189	190	27
189	192	63
190	191	28
190	193	88
190	196	3
190	198	98
191	197	26
191	199	98
192	193	12
193	195	97
193	198	7
194	195	25
194	199	25
196	198	67
196	199	49
