103
186
175
187
156
108
123
124
162
161
110
143
166
188
144
172
105
191
152
173
150
112
131
166
130
122
123
185
168
134
180
198
157
120
124
139
178
183
157
159
142
161
184
168
131
105
133
124
174
132
155
139
155
160
161
179
142
103
116
139
199
177
148
126
129
181
106
115
149
189
103
178
117
104
191
200
156
112
154
199
109
146
117
158
125
145
140
101
138
163
154
116
173
108
166
137
188
178
179
107
