54195
53824
52853
59872
56431
52749
57062
53559
53139
50960
52488
52845
53163
59300
53362
57511
50720
59078
53477
53083
52894
50081
52965
54572
57719
55460
50705
59012
52344
58311
59272
52056
50038
52670
51804
58186
56086
56530
57951
55917
57761
57591
56871
57862
53052
57350
51141
58889
53721
53061
50281
55503
53498
52214
58747
58786
59542
52560
55999
58712
58343
52287
59697
52697
54972
52591
52401
56923
54443
50566
52793
51332
54381
51983
53326
53366
53680
55164
57274
54638
53826
57643
56264
58670
55259
57934
58704
54685
50587
57688
52290
58289
52192
53068
58075
57326
55224
57396
55677
56826
