0 1 23
0 2 6
0 3 88
0 4 84
0 5 21
0 6 37
0 7 92
0 8 98
0 9 49
0 10 9
0 11 62
0 12 40
0 13 77
0 14 36
0 15 52
0 16 49
0 17 30
0 18 100
0 19 19
0 20 81
0 21 9
0 22 65
0 23 74
0 24 82
0 25 45
0 26 25
0 27 16
0 28 77
0 29 88
0 30 12
0 31 28
0 32 21
0 33 42
0 34 12
0 35 30
0 36 88
0 37 63
0 38 53
0 40 58
0 41 50
0 43 60
0 44 74
0 45 27
0 46 2
0 47 29
0 48 10
0 50 26
0 51 83
0 53 33
0 54 84
0 56 15
0 57 90
0 58 17
0 59 96
0 60 97
0 62 57
0 64 97
0 65 10
0 66 19
0 68 100
0 70 3
0 71 48
0 73 21
0 74 69
0 75 70
0 76 85
0 77 78
0 78 62
0 82 3
0 83 57
0 87 58
0 90 37
0 92 1
0 98 70
0 99 52
0 101 82
0 104 64
0 109 93
0 111 99
0 113 1
0 129 26
0 136 73
0 138 81
0 139 67
0 143 88
0 147 20
0 148 93
0 150 70
0 151 1
0 152 58
0 155 47
0 157 58
0 163 99
0 165 7
0 166 40
0 167 18
0 170 82
0 176 35
0 178 55
0 180 61
0 188 78
0 191 20
0 192 49
0 197 13
1 26 3
1 27 94
1 28 9
1 29 32
1 30 12
1 32 48
1 33 26
1 34 7
1 36 97
1 38 28
1 39 64
1 40 23
1 42 82
1 45 95
1 46 57
1 50 38
1 51 64
1 60 39
1 62 82
1 63 31
1 67 93
1 68 20
1 79 92
1 83 74
1 85 83
1 89 93
1 91 10
1 99 69
1 101 37
1 105 43
1 111 4
1 125 57
1 129 55
1 139 22
1 142 80
1 156 16
1 163 6
1 192 84
1 195 19
2 26 85
2 27 37
2 29 65
2 30 25
2 31 14
2 32 80
2 33 18
2 34 36
2 35 32
2 37 64
2 46 96
2 47 50
2 50 23
2 55 59
2 56 90
2 58 94
2 62 94
2 70 95
2 73 9
2 82 12
2 83 82
2 90 85
2 96 100
2 99 35
2 113 36
2 119 11
2 132 49
2 137 39
2 142 75
2 145 52
2 149 38
2 150 97
2 152 4
2 160 38
2 161 16
2 164 2
2 168 33
2 172 86
2 177 12
2 179 12
2 186 36
2 190 48
2 196 70
2 197 85
3 26 80
3 27 52
3 28 45
3 29 45
3 30 98
3 31 81
3 32 52
3 34 3
3 35 49
3 39 58
3 41 6
3 47 42
3 53 25
3 54 99
3 55 76
3 57 81
3 58 63
3 61 6
3 62 75
3 63 20
3 68 99
3 70 46
3 73 59
3 76 71
3 77 51
3 81 34
3 82 22
3 87 36
3 91 58
3 102 93
3 109 79
3 114 96
3 116 84
3 123 41
3 124 25
3 126 90
3 130 86
3 132 34
3 133 15
3 142 9
3 151 76
3 161 53
3 166 94
3 169 67
3 171 72
3 176 90
3 189 13
4 26 97
4 27 13
4 28 77
4 29 61
4 31 76
4 33 99
4 38 72
4 39 91
4 40 71
4 46 27
4 47 77
4 49 60
4 50 98
4 52 34
4 56 38
4 59 45
4 64 9
4 68 65
4 70 24
4 72 35
4 74 23
4 80 85
4 83 37
4 88 63
4 92 82
4 100 21
4 103 7
4 110 39
4 113 45
4 114 53
4 122 82
4 124 68
4 128 27
4 135 29
4 141 7
4 142 76
4 176 25
4 178 71
4 182 9
4 184 10
4 187 81
4 188 11
4 191 18
4 195 35
5 26 20
5 27 83
5 28 82
5 29 93
5 31 82
5 32 76
5 33 59
5 35 88
5 36 92
5 39 86
5 41 6
5 42 18
5 43 97
5 48 59
5 49 58
5 54 36
5 55 31
5 60 74
5 63 83
5 65 3
5 66 66
5 69 18
5 70 99
5 72 14
5 74 11
5 75 99
5 84 59
5 87 94
5 100 48
5 107 71
5 109 66
5 131 94
5 139 25
5 158 74
5 160 4
5 164 39
5 184 55
5 194 89
5 199 37
6 26 58
6 27 90
6 28 83
6 30 46
6 33 10
6 34 42
6 35 13
6 36 64
6 37 73
6 38 53
6 39 21
6 40 97
6 44 37
6 45 79
6 46 95
6 47 50
6 48 75
6 49 22
6 54 43
6 58 61
6 59 17
6 64 75
6 80 53
6 83 76
6 85 11
6 86 100
6 92 71
6 98 22
6 108 79
6 116 43
6 128 86
6 140 43
6 145 71
6 162 32
6 178 91
6 187 37
6 194 77
7 26 48
7 27 76
7 28 55
7 29 8
7 30 27
7 31 10
7 33 14
7 34 28
7 36 31
7 37 16
7 40 14
7 41 11
7 43 32
7 48 48
7 50 68
7 52 33
7 55 61
7 57 70
7 61 100
7 62 43
7 70 57
7 73 85
7 76 55
7 82 47
7 85 65
7 89 87
7 103 73
7 109 7
7 115 62
7 122 15
7 123 59
7 124 65
7 125 61
7 131 39
7 134 36
7 142 47
7 145 78
7 152 11
7 155 61
7 161 18
7 172 31
7 185 58
7 195 25
7 196 56
8 26 8
8 27 47
8 28 35
8 29 85
8 30 2
8 31 30
8 32 17
8 33 64
8 34 7
8 36 41
8 38 28
8 39 48
8 40 35
8 42 87
8 44 60
8 45 38
8 47 78
8 49 49
8 51 63
8 54 15
8 56 16
8 57 8
8 59 90
8 68 69
8 69 74
8 70 83
8 73 50
8 74 62
8 75 65
8 77 90
8 83 51
8 84 64
8 86 17
8 87 81
8 92 65
8 93 37
8 94 99
8 95 3
8 98 78
8 103 93
8 106 19
8 109 57
8 116 12
8 124 86
8 135 94
8 136 43
8 144 92
8 147 72
8 149 75
8 155 87
8 162 77
8 164 43
8 171 15
8 189 98
8 191 82
8 195 66
8 198 20
9 26 23
9 28 16
9 29 3
9 34 41
9 39 67
9 40 1
9 51 22
9 57 85
9 59 27
9 60 17
9 62 80
9 65 74
9 73 6
9 81 59
9 86 34
9 107 78
9 114 57
9 123 60
9 133 66
9 140 97
9 142 50
9 149 38
9 159 58
9 181 50
9 182 98
10 26 34
10 27 76
10 28 75
10 29 100
10 30 31
10 31 92
10 32 80
10 33 93
10 34 9
10 35 11
10 38 24
10 39 2
10 41 44
10 42 25
10 43 13
10 44 4
10 48 21
10 50 18
10 51 85
10 54 83
10 55 38
10 67 94
10 69 22
10 70 89
10 72 85
10 73 2
10 75 58
10 77 30
10 81 64
10 83 78
10 84 89
10 85 49
10 89 72
10 95 78
10 97 27
10 105 100
10 107 1
10 111 9
10 129 55
10 135 16
10 136 71
10 138 46
10 146 81
10 149 97
10 151 20
10 153 1
10 155 64
10 160 20
10 162 94
10 168 43
10 174 26
10 181 90
10 185 30
10 186 78
10 196 43
11 26 24
11 27 58
11 28 19
11 29 100
11 31 97
11 32 59
11 34 63
11 35 89
11 37 76
11 38 66
11 39 97
11 40 48
11 42 33
11 43 31
11 48 46
11 50 36
11 51 37
11 52 78
11 54 6
11 56 18
11 63 4
11 67 14
11 72 42
11 73 22
11 75 7
11 76 67
11 77 17
11 82 38
11 83 16
11 85 21
11 97 35
11 99 34
11 107 64
11 109 9
11 111 41
11 112 44
11 114 18
11 119 82
11 127 10
11 129 45
11 139 31
11 142 45
11 151 59
11 153 3
11 156 83
11 162 28
11 165 31
11 170 8
11 172 71
11 179 5
11 182 52
11 184 87
11 198 47
12 26 72
12 27 5
12 29 84
12 30 40
12 31 14
12 32 4
12 33 37
12 34 67
12 35 92
12 36 70
12 37 44
12 38 8
12 39 93
12 40 28
12 44 97
12 45 96
12 46 1
12 47 25
12 50 44
12 51 57
12 52 59
12 53 22
12 54 35
12 55 21
12 59 38
12 61 10
12 62 36
12 64 53
12 65 24
12 66 60
12 67 3
12 71 80
12 72 74
12 74 22
12 75 100
12 76 66
12 78 4
12 80 76
12 84 86
12 88 81
12 93 55
12 96 18
12 99 2
12 101 53
12 110 7
12 117 1
12 118 53
12 120 53
12 122 11
12 135 35
12 139 30
12 148 24
12 153 28
12 155 29
12 157 98
12 168 86
12 174 47
12 175 53
12 176 29
12 177 52
12 179 94
12 182 9
12 185 97
12 192 9
13 26 72
13 28 80
13 29 14
13 30 73
13 31 89
13 32 98
13 33 45
13 34 6
13 35 79
13 36 63
13 37 73
13 38 90
13 42 66
13 43 53
13 45 77
13 46 30
13 51 82
13 52 41
13 56 47
13 59 10
13 61 49
13 63 95
13 67 10
13 68 51
13 69 38
13 71 92
13 76 89
13 88 49
13 95 23
13 99 89
13 104 75
13 106 77
13 115 81
13 119 100
13 127 20
13 128 52
13 132 77
13 134 54
13 136 66
13 141 90
13 142 98
13 144 8
13 145 39
13 146 35
13 154 76
13 157 16
13 160 85
13 169 71
13 180 38
13 192 87
13 198 23
13 199 53
14 26 37
14 27 53
14 28 66
14 29 33
14 30 26
14 31 49
14 32 86
14 33 24
14 35 30
14 38 84
14 40 77
14 41 94
14 44 33
14 45 84
14 46 51
14 48 61
14 49 88
14 51 81
14 54 49
14 58 64
14 60 63
14 61 99
14 69 35
14 70 75
14 80 47
14 81 95
14 91 7
14 92 44
14 93 52
14 95 18
14 103 45
14 108 82
14 112 30
14 117 38
14 118 18
14 125 52
14 139 35
14 143 64
14 144 30
14 145 21
14 149 37
14 151 85
14 153 81
14 157 58
14 159 90
14 162 16
14 163 92
14 164 58
14 170 43
14 172 68
14 177 90
14 182 79
14 185 59
15 27 66
15 30 100
15 31 54
15 33 13
15 35 1
15 36 76
15 37 30
15 42 59
15 48 91
15 49 52
15 58 16
15 61 76
15 65 45
15 68 84
15 73 81
15 74 84
15 79 1
15 90 35
15 95 20
15 97 39
15 100 74
15 103 60
15 105 33
15 115 5
15 125 8
15 127 82
15 128 30
15 141 59
15 150 20
15 159 45
16 26 8
16 27 64
16 28 3
16 29 96
16 30 18
16 31 81
16 37 40
16 43 66
16 52 86
16 55 21
16 56 49
16 62 98
16 63 57
16 66 39
16 71 58
16 77 91
16 84 66
16 91 51
16 93 22
16 94 68
16 95 96
16 105 89
16 124 76
16 136 6
16 137 36
16 144 30
16 155 3
16 169 18
16 183 57
17 26 5
17 27 23
17 28 35
17 29 86
17 30 92
17 31 85
17 32 26
17 33 77
17 39 12
17 41 19
17 42 95
17 44 55
17 47 50
17 48 35
17 50 48
17 51 94
17 52 69
17 58 83
17 61 82
17 65 16
17 68 23
17 71 25
17 74 21
17 75 38
17 77 43
17 80 90
17 88 85
17 89 85
17 92 93
17 93 34
17 94 20
17 95 83
17 101 69
17 127 19
17 131 45
17 161 21
17 162 88
17 175 69
17 178 30
17 180 38
17 186 28
17 190 64
17 194 3
17 199 11
18 26 88
18 27 47
18 28 17
18 29 37
18 30 28
18 32 56
18 33 25
18 34 48
18 35 93
18 36 75
18 37 9
18 38 15
18 41 34
18 44 57
18 48 69
18 55 98
18 58 17
18 60 8
18 61 58
18 62 7
18 63 43
18 67 44
18 84 2
18 89 89
18 102 61
18 105 43
18 108 35
18 112 74
18 114 22
18 115 27
18 118 98
18 152 32
18 177 84
18 184 13
18 194 45
18 198 98
18 199 33
19 26 59
19 27 2
19 28 98
19 29 73
19 30 5
19 31 27
19 32 78
19 35 52
19 36 88
19 37 63
19 38 47
19 39 76
19 42 89
19 43 16
19 45 18
19 46 10
19 47 14
19 51 78
19 52 12
19 58 6
19 63 66
19 64 41
19 66 66
19 67 4
19 70 67
19 72 21
19 76 98
19 77 19
19 84 21
19 92 84
19 93 4
19 100 75
19 116 14
19 117 25
19 120 43
19 132 59
19 141 94
19 145 50
19 149 87
19 151 10
19 164 2
19 167 36
19 174 76
19 188 76
19 191 82
19 192 13
20 26 3
20 27 24
20 28 26
20 30 36
20 33 79
20 36 1
20 38 50
20 40 78
20 41 90
20 49 40
20 56 75
20 59 64
20 62 69
20 64 53
20 66 81
20 70 78
20 71 59
20 86 66
20 94 68
20 99 40
20 116 12
20 147 13
20 153 2
20 157 43
20 159 31
20 162 1
20 186 38
21 26 8
21 27 65
21 28 83
21 29 51
21 31 52
21 32 38
21 34 79
21 36 44
21 37 74
21 39 52
21 40 53
21 41 63
21 43 73
21 44 37
21 45 95
21 48 96
21 49 95
21 50 15
21 51 26
21 52 75
21 57 91
21 61 49
21 63 48
21 64 96
21 67 21
21 71 96
21 72 42
21 79 52
21 80 59
21 87 77
21 89 89
21 91 69
21 93 91
21 97 26
21 98 56
21 106 6
21 109 81
21 114 96
21 116 53
21 125 42
21 131 10
21 140 53
21 142 44
21 154 69
21 158 70
21 163 77
21 176 76
21 178 57
21 182 68
21 185 96
21 186 1
21 193 2
21 197 69
22 26 34
22 27 99
22 28 32
22 30 22
22 32 38
22 35 72
22 36 92
22 37 20
22 38 17
22 39 77
22 40 98
22 41 94
22 42 33
22 43 21
22 45 51
22 47 83
22 50 93
22 62 30
22 63 4
22 64 89
22 67 9
22 75 4
22 78 21
22 80 76
22 81 99
22 95 22
22 100 45
22 103 37
22 115 1
22 116 16
22 117 66
22 118 81
22 121 38
22 124 21
22 129 26
22 131 36
22 133 11
22 134 37
22 136 72
22 137 27
22 141 39
22 145 23
22 146 39
22 152 75
22 160 83
22 163 58
22 167 28
22 169 78
22 171 86
22 173 16
22 175 100
22 177 55
22 190 94
23 26 8
23 27 74
23 28 10
23 29 35
23 30 44
23 31 62
23 32 60
23 34 72
23 35 72
23 36 99
23 37 57
23 40 86
23 44 8
23 46 99
23 47 38
23 50 96
23 57 74
23 58 91
23 64 96
23 65 46
23 68 91
23 78 16
23 85 50
23 90 65
23 96 94
23 100 66
23 106 26
23 115 47
23 116 62
23 118 11
23 121 77
23 135 10
23 145 1
23 151 55
23 167 9
23 176 96
23 182 33
23 187 44
23 196 22
24 26 14
24 27 18
24 28 33
24 29 56
24 30 19
24 31 64
24 32 39
24 33 49
24 34 10
24 41 70
24 42 60
24 43 32
24 44 96
24 47 37
24 53 78
24 58 14
24 61 48
24 66 22
24 68 17
24 74 49
24 78 66
24 82 83
24 84 43
24 88 48
24 91 9
24 93 89
24 97 27
24 100 94
24 101 65
24 102 78
24 103 17
24 107 78
24 109 75
24 110 2
24 112 99
24 117 70
24 125 27
24 128 4
24 129 46
24 134 76
24 136 51
24 137 43
24 138 45
24 141 9
24 143 97
24 145 94
24 146 89
24 150 19
24 153 82
24 155 97
24 172 74
24 182 79
24 183 14
24 191 93
24 193 24
24 197 63
24 199 1
25 26 36
25 27 11
25 28 70
25 29 90
25 30 47
25 31 59
25 32 74
25 33 13
25 34 96
25 35 66
25 36 6
25 37 32
25 39 17
25 41 83
25 43 44
25 48 19
25 51 3
25 53 31
25 54 36
25 56 95
25 58 43
25 60 56
25 65 18
25 73 77
25 74 5
25 78 35
25 79 64
25 82 49
25 86 24
25 87 12
25 91 71
25 96 34
25 101 42
25 103 46
25 117 90
25 141 24
25 152 30
25 154 93
25 158 55
25 160 84
25 165 29
25 166 40
25 167 95
25 173 8
25 174 28
25 182 95
25 189 68
25 190 91
25 193 36
25 199 85
26 27 69
26 28 35
26 29 62
26 30 86
26 31 78
26 32 14
26 33 63
26 34 4
26 35 46
26 36 97
26 37 46
26 38 11
26 39 16
26 40 65
26 41 12
26 42 1
26 43 16
26 44 49
26 45 93
26 46 93
26 47 68
26 50 39
26 51 91
26 53 2
26 54 62
26 55 94
26 56 22
26 58 85
26 59 2
26 60 42
26 61 54
26 62 75
26 63 98
26 64 34
26 66 80
26 68 56
26 69 7
26 71 19
26 72 37
26 73 78
26 75 14
26 76 72
26 82 28
26 83 48
26 85 68
26 86 22
26 88 33
26 89 20
26 90 51
26 93 1
26 99 29
26 102 3
26 103 41
26 104 28
26 105 38
26 106 21
26 109 59
26 111 68
26 113 8
26 116 44
26 117 100
26 126 26
26 131 14
26 132 8
26 133 6
26 136 29
26 138 92
26 144 54
26 145 37
26 147 7
26 148 1
26 163 1
26 165 26
26 166 62
26 167 81
26 168 95
26 173 75
26 175 10
26 178 65
26 179 95
26 181 83
26 185 23
26 186 48
26 192 27
26 193 92
26 197 72
26 198 27
27 28 100
27 29 50
27 30 40
27 31 83
27 32 55
27 33 55
27 34 66
27 35 24
27 36 17
27 37 34
27 38 32
27 39 87
27 40 26
27 41 53
27 42 54
27 45 35
27 47 12
27 48 63
27 49 41
27 50 15
27 52 31
27 53 75
27 54 4
27 55 37
27 57 42
27 60 52
27 62 92
27 66 35
27 68 86
27 69 86
27 70 5
27 71 18
27 72 38
27 75 87
27 76 1
27 77 67
27 78 54
27 81 19
27 82 30
27 84 16
27 86 14
27 87 26
27 90 39
27 92 45
27 100 70
27 101 95
27 102 54
27 105 79
27 106 21
27 107 29
27 108 77
27 115 48
27 117 75
27 118 5
27 124 82
27 127 78
27 128 41
27 130 72
27 132 97
27 133 65
27 136 70
27 137 61
27 139 33
27 140 8
27 146 37
27 149 53
27 150 97
27 155 61
27 160 22
27 161 62
27 162 9
27 163 90
27 166 39
27 167 34
27 175 59
27 188 25
27 189 85
27 191 44
27 195 42
27 198 62
28 29 69
28 30 86
28 31 31
28 32 75
28 33 91
28 34 52
28 35 80
28 36 39
28 37 100
28 38 75
28 39 34
28 41 38
28 42 3
28 43 43
28 44 3
28 45 2
28 46 94
28 47 51
28 49 77
28 50 21
28 51 17
28 52 97
28 53 98
28 58 10
28 59 62
28 60 5
28 64 78
28 66 52
28 67 16
28 68 99
28 69 57
28 72 28
28 73 87
28 74 14
28 75 12
28 76 10
28 77 77
28 78 1
28 79 41
28 81 62
28 86 4
28 88 36
28 89 54
28 90 83
28 96 86
28 100 23
28 103 61
28 104 55
28 109 25
28 110 6
28 112 49
28 114 33
28 120 28
28 125 91
28 126 46
28 127 61
28 128 98
28 129 47
28 130 60
28 131 94
28 132 89
28 137 35
28 138 9
28 146 8
28 148 77
28 149 46
28 151 47
28 152 59
28 153 93
28 158 80
28 159 87
28 164 37
28 167 9
28 168 52
28 170 14
28 171 89
28 178 99
28 179 64
28 185 51
28 188 28
28 192 19
28 198 94
28 199 18
29 30 57
29 31 22
29 32 84
29 33 5
29 34 81
29 35 62
29 36 68
29 37 21
29 38 30
29 41 28
29 42 66
29 43 25
29 44 12
29 45 33
29 46 67
29 47 98
29 48 53
29 49 30
29 50 33
29 51 79
29 52 45
29 53 25
29 54 29
29 55 92
29 56 47
29 57 12
29 60 43
29 63 22
29 65 50
29 70 20
29 75 3
29 76 68
29 77 11
29 78 43
29 79 86
29 80 77
29 82 18
29 87 68
29 89 32
29 92 55
29 94 70
29 104 75
29 105 39
29 107 42
29 110 41
29 113 28
29 114 4
29 117 55
29 118 44
29 119 14
29 121 58
29 122 9
29 123 45
29 124 12
29 126 39
29 130 81
29 133 18
29 134 44
29 136 39
29 138 78
29 141 6
29 142 42
29 145 29
29 146 79
29 149 1
29 154 29
29 160 17
29 161 46
29 162 7
29 164 19
29 169 93
29 172 63
29 174 53
29 184 65
29 194 23
29 196 3
29 197 62
29 198 64
30 31 27
30 32 87
30 33 65
30 34 95
30 35 52
30 36 2
30 37 40
30 38 83
30 39 91
30 40 48
30 41 69
30 43 76
30 44 95
30 45 26
30 46 28
30 47 14
30 49 39
30 50 45
30 51 67
30 52 86
30 53 63
30 54 35
30 55 28
30 56 38
30 57 10
30 61 85
30 62 83
30 63 99
30 64 34
30 70 91
30 76 1
30 78 85
30 79 70
30 80 57
30 81 34
30 84 64
30 85 74
30 87 15
30 88 13
30 89 71
30 90 26
30 91 37
30 96 92
30 97 35
30 101 62
30 106 24
30 108 41
30 110 53
30 111 86
30 114 7
30 119 68
30 120 51
30 123 18
30 124 78
30 125 28
30 129 22
30 130 89
30 132 14
30 134 94
30 143 45
30 144 71
30 156 40
30 158 54
30 161 72
30 169 92
30 171 8
30 173 67
30 175 78
30 182 94
30 184 68
30 185 71
30 186 45
30 187 22
30 193 39
30 194 88
30 195 74
31 32 54
31 33 43
31 34 35
31 35 9
31 36 24
31 37 7
31 38 28
31 40 6
31 41 55
31 42 10
31 48 5
31 53 27
31 55 37
31 57 58
31 58 26
31 59 20
31 60 10
31 61 93
31 62 51
31 64 48
31 65 36
31 68 75
31 69 88
31 70 84
31 71 53
31 73 99
31 76 15
31 78 25
31 80 8
31 81 67
31 83 57
31 89 5
31 91 78
31 94 1
31 96 42
31 106 95
31 107 54
31 109 29
31 112 81
31 114 5
31 117 66
31 119 5
31 121 61
31 122 63
31 124 90
31 125 96
31 133 17
31 135 52
31 137 18
31 139 22
31 143 95
31 144 77
31 146 81
31 147 18
31 148 98
31 150 28
31 151 53
31 153 92
31 163 43
31 166 97
31 167 96
31 169 23
31 177 63
31 181 71
31 183 42
31 193 17
31 195 44
32 33 9
32 34 48
32 35 22
32 37 7
32 38 68
32 39 16
32 40 94
32 41 64
32 42 42
32 43 69
32 44 77
32 45 89
32 47 91
32 49 58
32 57 67
32 58 15
32 59 75
32 61 69
32 64 27
32 66 17
32 67 88
32 69 54
32 70 95
32 71 21
32 76 68
32 77 28
32 82 50
32 83 88
32 86 79
32 91 56
32 93 77
32 94 75
32 96 13
32 97 16
32 98 47
32 103 45
32 104 9
32 105 40
32 106 60
32 108 98
32 110 87
32 117 75
32 118 74
32 119 83
32 123 12
32 124 69
32 130 89
32 136 7
32 137 70
32 138 79
32 140 72
32 153 73
32 156 53
32 158 70
32 159 82
32 169 43
32 174 30
32 177 28
32 178 62
32 180 50
32 183 70
32 192 41
32 193 42
32 194 11
32 198 58
33 34 78
33 35 89
33 36 67
33 38 10
33 39 16
33 40 70
33 41 62
33 43 100
33 44 95
33 45 66
33 46 54
33 47 3
33 48 5
33 49 68
33 50 97
33 52 97
33 53 65
33 56 2
33 59 49
33 61 22
33 63 96
33 64 77
33 65 45
33 69 60
33 71 22
33 72 62
33 78 1
33 81 56
33 86 80
33 91 8
33 95 15
33 98 44
33 101 80
33 102 8
33 107 9
33 109 95
33 113 64
33 114 16
33 120 3
33 121 99
33 122 73
33 125 59
33 128 2
33 129 33
33 131 90
33 137 41
33 138 59
33 142 13
33 145 80
33 148 95
33 149 93
33 150 46
33 154 58
33 155 56
33 157 56
33 158 34
33 159 93
33 160 42
33 170 70
33 174 57
33 177 80
33 184 76
33 190 51
33 194 6
34 35 100
34 36 73
34 37 57
34 39 66
34 40 15
34 41 9
34 42 5
34 43 54
34 44 85
34 49 1
34 50 10
34 51 78
34 52 59
34 55 43
34 56 50
34 57 71
34 58 82
34 59 39
34 60 37
34 62 78
34 63 17
34 65 88
34 73 18
34 74 8
34 77 12
34 78 90
34 80 52
34 81 28
34 91 8
34 94 54
34 98 43
34 99 7
34 103 24
34 104 35
34 105 15
34 106 52
34 111 74
34 112 60
34 122 80
34 124 35
34 126 75
34 137 71
34 141 40
34 143 68
34 144 48
34 149 70
34 159 72
34 163 14
34 170 65
34 172 71
34 175 54
34 178 45
34 184 24
34 191 58
34 192 26
34 194 36
34 195 56
35 36 59
35 37 79
35 38 1
35 39 38
35 40 7
35 41 57
35 42 9
35 43 99
35 44 51
35 45 36
35 46 55
35 47 80
35 48 70
35 49 59
35 50 46
35 52 39
35 54 56
35 57 52
35 61 29
35 66 7
35 69 95
35 70 59
35 73 84
35 74 84
35 76 40
35 77 7
35 78 94
35 80 65
35 83 1
35 89 6
35 92 50
35 93 12
35 97 38
35 98 63
35 99 81
35 100 54
35 103 41
35 104 19
35 105 29
35 106 35
35 107 94
35 109 12
35 111 1
35 119 70
35 123 20
35 124 69
35 131 84
35 132 97
35 142 98
35 147 69
35 153 59
35 155 92
35 156 99
35 157 81
35 162 83
35 166 59
35 170 38
35 172 55
35 181 74
35 183 10
35 189 12
35 190 18
35 192 45
35 199 61
36 37 1
36 38 38
36 40 85
36 41 12
36 42 67
36 44 81
36 45 6
36 46 38
36 48 66
36 51 8
36 52 17
36 53 11
36 56 29
36 57 6
36 58 25
36 60 22
36 62 75
36 63 56
36 64 78
36 68 51
36 70 6
36 73 21
36 74 100
36 77 13
36 78 65
36 82 48
36 83 17
36 86 63
36 93 79
36 96 49
36 97 85
36 98 51
36 100 82
36 102 92
36 103 59
36 105 84
36 107 61
36 114 75
36 116 45
36 125 40
36 127 50
36 132 58
36 136 22
36 140 73
36 141 54
36 143 44
36 147 19
36 148 5
36 152 79
36 154 67
36 156 30
36 157 87
36 162 10
36 163 32
36 171 15
36 173 80
36 174 94
36 177 72
36 179 81
36 181 65
36 184 15
36 185 4
36 191 74
36 197 2
37 38 19
37 39 51
37 42 37
37 44 54
37 45 58
37 46 12
37 48 43
37 49 98
37 50 43
37 51 24
37 53 66
37 55 77
37 60 55
37 64 42
37 71 96
37 72 46
37 77 76
37 80 82
37 81 25
37 90 98
37 94 94
37 95 5
37 98 51
37 99 75
37 104 70
37 108 66
37 110 65
37 117 54
37 122 79
37 126 39
37 128 11
37 129 50
37 134 42
37 139 28
37 140 88
37 148 94
37 154 21
37 157 14
37 160 36
37 166 16
37 167 94
37 170 71
37 172 60
37 184 47
37 193 97
37 196 64
38 39 34
38 40 62
38 42 98
38 43 72
38 44 64
38 45 15
38 46 91
38 48 71
38 49 69
38 50 34
38 52 34
38 53 70
38 55 16
38 56 36
38 59 62
38 61 83
38 66 75
38 67 85
38 69 82
38 72 64
38 74 68
38 80 27
38 81 37
38 84 41
38 87 57
38 88 37
38 89 97
38 90 19
38 91 31
38 96 7
38 99 26
38 102 63
38 111 36
38 113 46
38 114 21
38 115 7
38 116 6
38 118 63
38 119 44
38 123 60
38 124 4
38 127 53
38 128 10
38 137 12
38 140 72
38 143 47
38 145 80
38 147 51
38 150 26
38 156 12
38 160 30
38 164 26
38 168 3
38 171 100
38 179 13
38 180 98
38 183 18
38 185 90
38 196 9
38 199 50
39 40 42
39 41 74
39 42 15
39 43 11
39 46 36
39 51 43
39 53 92
39 55 70
39 61 59
39 63 31
39 68 77
39 71 85
39 74 11
39 77 80
39 79 42
39 80 29
39 83 20
39 84 5
39 85 72
39 90 63
39 91 31
39 92 24
39 94 57
39 95 76
39 98 83
39 100 57
39 101 84
39 103 87
39 107 18
39 108 8
39 109 59
39 110 45
39 113 89
39 114 86
39 115 27
39 119 83
39 122 97
39 131 84
39 133 16
39 136 8
39 139 75
39 143 48
39 146 57
39 158 60
39 164 20
39 171 54
39 175 18
39 176 2
39 177 62
39 179 77
39 187 7
40 42 75
40 43 54
40 44 50
40 45 37
40 46 15
40 47 4
40 48 18
40 49 71
40 50 2
40 53 7
40 54 56
40 56 49
40 57 71
40 60 53
40 61 68
40 63 72
40 65 53
40 66 39
40 67 43
40 71 52
40 72 71
40 75 76
40 78 56
40 81 85
40 83 59
40 87 78
40 88 10
40 89 78
40 90 98
40 92 85
40 93 3
40 99 50
40 101 66
40 103 43
40 105 72
40 107 87
40 111 41
40 113 59
40 114 72
40 116 5
40 118 97
40 128 85
40 132 74
40 133 90
40 134 80
40 135 100
40 137 22
40 141 26
40 148 61
40 153 81
40 154 22
40 156 61
40 157 65
40 165 18
40 176 85
40 178 63
40 179 39
40 184 11
40 186 22
40 191 59
40 193 91
40 196 83
40 198 27
41 42 84
41 43 30
41 44 22
41 45 99
41 46 68
41 48 95
41 49 61
41 51 85
41 52 36
41 53 13
41 54 7
41 55 79
41 57 50
41 62 42
41 63 15
41 65 43
41 69 56
41 74 29
41 78 94
41 79 29
41 83 48
41 86 21
41 90 7
41 91 33
41 93 33
41 98 6
41 101 84
41 102 40
41 104 83
41 105 51
41 106 98
41 110 100
41 122 42
41 123 20
41 124 66
41 135 70
41 139 24
41 146 27
41 152 98
41 154 32
41 172 38
41 181 94
41 182 47
41 183 56
41 185 88
41 188 85
41 191 28
41 195 97
41 197 58
42 43 56
42 44 75
42 46 86
42 47 57
42 52 93
42 54 16
42 55 43
42 56 7
42 57 12
42 59 93
42 62 49
42 65 42
42 66 30
42 68 30
42 70 87
42 75 49
42 76 95
42 77 64
42 84 5
42 85 55
42 86 47
42 93 1
42 94 22
42 96 8
42 101 49
42 103 6
42 108 8
42 111 96
42 114 33
42 117 59
42 121 11
42 135 7
42 139 42
42 144 27
42 145 6
42 150 58
42 156 68
42 168 48
42 170 92
42 178 96
42 181 89
42 183 51
42 192 50
42 197 67
43 45 11
43 46 3
43 54 82
43 57 10
43 62 54
43 64 29
43 66 19
43 69 48
43 71 65
43 74 28
43 75 80
43 78 13
43 79 32
43 81 82
43 82 73
43 83 43
43 84 34
43 85 9
43 89 78
43 92 59
43 97 58
43 99 41
43 100 85
43 108 99
43 112 27
43 117 11
43 125 77
43 126 86
43 127 29
43 129 57
43 135 48
43 138 39
43 139 88
43 152 78
43 157 69
43 159 90
43 160 83
43 165 47
43 175 61
44 45 100
44 46 62
44 47 24
44 48 94
44 49 47
44 53 23
44 56 19
44 57 83
44 58 85
44 60 63
44 66 6
44 71 87
44 74 97
44 77 99
44 78 17
44 79 29
44 86 33
44 87 91
44 96 98
44 99 20
44 100 49
44 101 40
44 102 48
44 103 97
44 106 97
44 108 18
44 116 3
44 119 31
44 120 31
44 121 91
44 123 21
44 133 39
44 135 47
44 141 53
44 144 87
44 147 27
44 155 75
44 156 51
44 161 8
44 162 52
44 164 30
44 168 97
44 171 11
44 173 44
44 178 47
44 181 99
44 185 17
45 47 43
45 48 9
45 49 12
45 50 13
45 52 63
45 53 100
45 54 58
45 55 31
45 58 81
45 59 58
45 60 58
45 61 89
45 65 83
45 68 30
45 70 56
45 72 43
45 73 85
45 74 99
45 77 52
45 78 22
45 80 53
45 85 6
45 86 52
45 89 36
45 105 80
45 109 46
45 112 47
45 113 23
45 118 20
45 121 70
45 123 68
45 125 22
45 134 90
45 137 60
45 138 14
45 147 38
45 148 25
45 150 78
45 152 40
45 156 13
45 158 15
45 159 7
45 161 77
45 165 51
45 167 76
45 168 19
45 175 47
45 188 75
46 47 93
46 48 21
46 49 91
46 51 96
46 52 82
46 54 31
46 59 67
46 60 93
46 63 96
46 64 90
46 66 77
46 67 32
46 69 86
46 70 42
46 72 49
46 75 48
46 76 94
46 82 28
46 85 80
46 90 5
46 94 51
46 101 75
46 108 88
46 111 53
46 112 15
46 118 15
46 119 41
46 125 91
46 127 57
46 129 37
46 130 83
46 138 23
46 141 83
46 143 10
46 154 38
46 155 86
46 158 56
46 168 77
46 169 45
46 170 4
46 176 27
46 187 96
46 188 14
46 190 45
46 196 54
47 49 43
47 53 70
47 55 91
47 59 72
47 60 55
47 61 81
47 62 31
47 67 74
47 69 74
47 73 45
47 75 69
47 79 15
47 80 38
47 82 54
47 83 57
47 86 41
47 93 75
47 94 2
47 99 44
47 100 92
47 102 37
47 103 62
47 107 37
47 108 84
47 113 33
47 115 51
47 116 44
47 118 12
47 125 60
47 130 28
47 131 70
47 133 67
47 140 56
47 143 93
47 162 29
47 164 63
47 168 76
47 169 92
47 173 97
47 174 89
47 177 94
47 178 27
47 186 73
47 193 19
47 198 70
47 199 67
48 49 29
48 51 77
48 52 93
48 53 56
48 54 89
48 56 80
48 59 45
48 62 97
48 65 33
48 71 18
48 75 72
48 76 48
48 79 25
48 82 11
48 86 24
48 87 34
48 88 42
48 92 9
48 95 74
48 96 76
48 97 43
48 104 59
48 105 81
48 107 71
48 114 76
48 119 52
48 126 65
48 129 3
48 130 81
48 134 21
48 146 24
48 152 46
48 156 56
48 158 18
48 160 25
48 162 83
48 167 95
48 169 2
48 171 57
48 172 33
48 192 21
48 194 51
49 50 48
49 51 46
49 52 93
49 53 25
49 54 70
49 56 96
49 63 27
49 64 64
49 67 5
49 69 13
49 72 67
49 74 96
49 76 30
49 77 5
49 79 45
49 80 69
49 81 43
49 82 99
49 85 16
49 87 69
49 88 10
49 90 52
49 93 38
49 94 18
49 96 3
49 100 57
49 101 22
49 107 74
49 109 48
49 110 10
49 116 42
49 121 80
49 126 2
49 127 62
49 129 14
49 135 7
49 142 82
49 143 80
49 147 70
49 148 61
49 157 35
49 167 82
49 174 36
49 185 20
49 192 96
49 199 32
50 52 47
50 55 92
50 56 71
50 57 94
50 58 43
50 62 98
50 65 30
50 67 3
50 69 31
50 70 43
50 71 36
50 73 97
50 77 93
50 79 66
50 80 67
50 81 47
50 82 53
50 84 15
50 85 26
50 88 51
50 89 25
50 92 78
50 95 90
50 97 59
50 98 5
50 99 40
50 100 88
50 102 100
50 104 32
50 106 13
50 115 54
50 116 87
50 120 48
50 121 18
50 127 71
50 129 27
50 130 5
50 131 89
50 138 97
50 150 30
50 156 58
50 159 22
50 167 84
50 176 24
50 180 86
50 184 97
50 189 92
50 193 95
50 198 70
51 53 74
51 55 46
51 56 56
51 57 100
51 59 99
51 68 22
51 71 66
51 73 41
51 77 49
51 78 10
51 82 87
51 85 52
51 87 61
51 96 23
51 98 52
51 102 71
51 107 66
51 110 23
51 120 26
51 121 8
51 125 9
51 126 83
51 127 72
51 130 92
51 135 53
51 136 9
51 138 46
51 144 36
51 148 87
51 151 90
51 152 85
51 161 66
51 170 30
51 174 94
51 190 45
51 192 91
51 198 70
52 53 79
52 54 56
52 56 92
52 57 74
52 58 47
52 63 7
52 66 75
52 67 74
52 68 26
52 69 26
52 72 98
52 73 13
52 76 70
52 79 35
52 80 77
52 82 66
52 85 73
52 89 55
52 91 32
52 95 2
52 98 60
52 109 37
52 110 34
52 124 16
52 134 39
52 139 64
52 144 80
52 145 25
52 151 86
52 160 25
52 162 3
52 176 64
52 180 52
52 187 38
52 191 9
53 54 70
53 55 53
53 56 43
53 58 90
53 59 43
53 60 96
53 61 38
53 64 93
53 65 53
53 67 99
53 69 98
53 72 59
53 74 38
53 78 21
53 79 6
53 81 31
53 84 17
53 86 37
53 87 39
53 88 86
53 92 87
53 93 52
53 97 40
53 98 71
53 100 83
53 102 79
53 104 27
53 117 28
53 119 73
53 120 73
53 121 18
53 124 35
53 125 85
53 131 13
53 133 65
53 139 31
53 140 52
53 148 35
53 149 100
53 155 43
53 165 66
53 171 48
53 173 99
53 181 66
53 183 63
53 192 98
53 194 95
54 55 24
54 57 70
54 58 9
54 59 55
54 60 86
54 61 38
54 65 79
54 67 40
54 68 75
54 70 44
54 71 96
54 72 16
54 74 99
54 79 54
54 81 61
54 83 100
54 89 72
54 91 67
54 96 57
54 100 4
54 103 82
54 104 26
54 105 63
54 108 86
54 109 49
54 113 58
54 121 48
54 122 11
54 123 64
54 125 52
54 129 20
54 134 22
54 145 39
54 153 95
54 166 14
54 170 68
54 172 26
54 177 51
54 179 72
54 189 73
55 63 96
55 64 52
55 65 86
55 66 38
55 74 12
55 75 67
55 81 95
55 88 29
55 94 1
55 98 66
55 104 69
55 109 81
55 115 76
55 117 80
55 122 91
55 125 24
55 129 30
55 133 48
55 134 26
55 147 93
55 162 12
55 163 15
55 176 69
55 180 19
55 187 61
55 189 15
55 190 93
55 193 3
56 57 21
56 59 31
56 60 44
56 61 45
56 66 62
56 69 97
56 77 23
56 78 27
56 88 8
56 91 90
56 92 47
56 93 50
56 94 76
56 95 24
56 97 60
56 98 37
56 107 51
56 115 72
56 117 24
56 118 37
56 119 97
56 120 43
56 125 90
56 131 43
56 133 81
56 136 64
56 139 54
56 141 91
56 148 40
56 153 1
56 156 68
56 168 56
56 179 58
56 184 88
56 188 95
56 190 14
57 58 93
57 59 4
57 60 44
57 62 96
57 64 8
57 66 80
57 67 69
57 69 76
57 83 39
57 86 8
57 88 93
57 89 57
57 91 5
57 93 58
57 94 75
57 97 22
57 102 66
57 110 85
57 112 25
57 131 62
57 139 100
57 140 74
57 144 14
57 145 96
57 148 24
57 154 61
57 155 71
57 159 77
57 161 23
57 162 24
57 171 88
57 181 19
57 185 26
57 189 14
57 195 81
57 196 54
57 197 82
58 60 15
58 64 45
58 65 24
58 66 89
58 69 58
58 71 82
58 73 76
58 79 92
58 80 96
58 93 17
58 102 88
58 104 87
58 106 78
58 113 61
58 117 66
58 128 8
58 135 68
58 144 99
58 156 59
58 171 48
58 180 1
58 183 84
58 187 79
58 190 99
58 195 37
58 197 28
59 61 80
59 63 73
59 65 99
59 66 25
59 67 34
59 70 6
59 71 94
59 76 81
59 78 78
59 79 4
59 82 28
59 87 47
59 91 32
59 93 6
59 94 86
59 98 38
59 102 15
59 104 69
59 113 81
59 115 86
59 118 23
59 120 13
59 130 28
59 138 97
59 141 70
59 142 99
59 143 90
59 151 26
59 155 76
59 160 15
59 163 91
59 165 20
59 166 91
59 172 95
59 179 54
59 182 82
59 187 60
59 189 85
59 194 31
60 62 24
60 72 44
60 73 26
60 75 15
60 79 20
60 80 62
60 82 4
60 85 99
60 88 3
60 98 16
60 102 96
60 105 69
60 106 93
60 107 61
60 108 62
60 110 66
60 111 13
60 115 84
60 119 9
60 120 75
60 121 22
60 122 28
60 123 97
60 124 46
60 127 52
60 139 58
60 147 96
60 151 25
60 153 57
60 157 53
60 165 38
60 169 46
60 170 22
60 171 74
60 172 10
60 173 6
60 176 26
60 182 22
60 183 24
61 68 6
61 72 28
61 81 16
61 87 77
61 88 67
61 90 7
61 91 27
61 92 77
61 93 42
61 95 67
61 97 96
61 101 63
61 111 36
61 117 15
61 118 33
61 120 4
61 121 67
61 125 28
61 127 24
61 128 74
61 135 96
61 136 39
61 137 58
61 138 76
61 141 87
61 142 77
61 158 67
61 165 53
61 173 3
61 177 8
61 185 91
61 195 75
61 198 3
61 199 97
62 63 71
62 64 3
62 65 55
62 66 55
62 67 62
62 70 8
62 74 72
62 75 22
62 77 38
62 90 13
62 95 9
62 96 1
62 101 66
62 105 89
62 110 87
62 111 34
62 112 68
62 115 75
62 116 43
62 118 20
62 120 53
62 128 16
62 138 62
62 139 93
62 140 52
62 146 47
62 154 2
62 167 46
62 170 18
62 171 55
62 175 8
62 177 84
62 184 29
62 193 47
62 195 32
62 196 82
63 65 24
63 67 71
63 71 91
63 72 99
63 73 75
63 79 55
63 80 2
63 83 41
63 85 20
63 86 25
63 87 95
63 89 87
63 92 55
63 95 92
63 96 52
63 100 48
63 105 53
63 108 58
63 111 98
63 124 9
63 127 94
63 134 60
63 135 68
63 144 65
63 147 55
63 154 5
63 158 79
63 161 75
63 162 27
63 163 5
63 173 72
63 176 98
63 189 44
63 194 89
64 68 10
64 72 92
64 83 29
64 84 71
64 85 75
64 87 14
64 91 36
64 94 66
64 96 73
64 98 46
64 102 56
64 105 2
64 112 99
64 115 85
64 116 41
64 117 26
64 123 69
64 132 59
64 139 40
64 143 63
64 144 9
64 145 49
64 152 85
64 156 77
64 160 2
64 165 59
64 199 76
65 68 81
65 74 77
65 84 87
65 88 34
65 97 78
65 100 23
65 110 56
65 112 64
65 114 5
65 115 42
65 120 36
65 122 84
65 127 43
65 130 74
65 132 96
65 134 53
65 150 17
65 155 34
65 163 84
65 166 88
65 167 59
65 168 45
65 172 65
65 174 62
65 176 63
65 184 39
65 188 74
65 189 76
66 67 93
66 69 78
66 73 35
66 76 62
66 79 84
66 81 45
66 82 61
66 83 85
66 84 60
66 87 80
66 89 32
66 90 24
66 93 76
66 104 92
66 106 12
66 120 84
66 123 48
66 124 84
66 133 65
66 135 65
66 137 26
66 145 76
66 146 6
66 147 76
66 148 37
66 150 13
66 166 55
66 177 38
66 184 31
66 189 82
67 68 80
67 71 83
67 72 19
67 76 53
67 86 85
67 87 29
67 90 90
67 92 89
67 98 19
67 99 12
67 101 92
67 102 6
67 104 84
67 106 77
67 112 13
67 113 68
67 115 89
67 118 66
67 122 30
67 123 88
67 128 71
67 134 44
67 140 45
67 147 61
67 151 44
67 152 84
67 153 9
67 157 72
67 164 81
67 177 99
67 188 55
67 192 80
67 194 2
67 197 25
68 79 79
68 81 20
68 91 82
68 95 96
68 96 90
68 98 85
68 100 39
68 101 94
68 102 5
68 109 24
68 110 22
68 111 71
68 117 78
68 120 10
68 122 4
68 126 95
68 129 100
68 150 53
68 152 55
68 156 41
68 161 20
68 165 79
68 166 15
68 170 93
68 174 47
68 176 69
68 177 62
68 180 14
68 183 56
68 185 4
68 186 50
68 198 97
69 75 45
69 78 70
69 80 67
69 88 49
69 90 16
69 97 30
69 102 74
69 105 41
69 106 37
69 107 30
69 117 66
69 126 74
69 130 86
69 135 32
69 140 35
69 155 20
69 163 46
69 168 22
69 180 28
69 187 43
69 189 97
69 196 93
70 76 36
70 84 65
70 92 15
70 94 32
70 95 68
70 97 38
70 118 28
70 119 87
70 124 14
70 131 42
70 133 73
70 143 30
70 146 59
70 152 69
70 157 84
70 163 39
70 168 97
70 173 77
70 174 5
70 180 24
70 189 92
70 195 58
70 198 1
70 199 84
71 82 50
71 85 84
71 87 42
71 89 8
71 97 63
71 103 1
71 110 41
71 113 4
71 123 67
71 126 83
71 127 9
71 133 58
71 152 58
71 155 29
71 165 39
71 172 61
71 179 47
71 183 36
71 185 50
71 187 99
71 191 51
71 197 40
72 75 15
72 76 55
72 82 35
72 94 79
72 95 72
72 99 25
72 104 88
72 111 58
72 113 84
72 114 36
72 118 73
72 128 49
72 130 85
72 132 66
72 134 72
72 150 58
72 153 55
72 163 42
72 169 75
72 170 31
72 175 57
72 180 35
72 185 37
72 188 36
73 75 63
73 88 23
73 92 67
73 95 68
73 96 9
73 99 43
73 100 89
73 104 36
73 107 32
73 112 42
73 117 91
73 123 43
73 129 87
73 130 29
73 131 7
73 136 40
73 140 51
73 143 62
73 147 65
73 148 90
73 160 63
73 163 29
73 175 77
73 179 20
73 193 23
74 75 16
74 79 34
74 83 4
74 85 42
74 86 90
74 89 84
74 94 69
74 99 25
74 101 8
74 108 18
74 110 73
74 113 87
74 117 36
74 120 87
74 125 57
74 137 85
74 143 35
74 149 25
74 158 48
74 161 15
74 173 90
74 177 26
74 182 83
74 188 59
75 90 38
75 91 83
75 96 40
75 103 49
75 108 15
75 112 79
75 113 57
75 115 55
75 116 12
75 124 21
75 143 89
75 148 49
75 152 87
75 160 28
75 161 83
75 167 20
75 169 3
75 174 77
75 182 30
75 187 47
75 188 23
75 192 51
75 197 42
76 86 89
76 105 95
76 115 46
76 117 78
76 119 55
76 129 53
76 132 8
76 144 100
76 161 53
76 164 7
76 178 82
76 180 46
76 190 94
76 193 36
76 194 42
77 80 83
77 84 12
77 85 49
77 88 38
77 94 45
77 106 29
77 107 15
77 108 8
77 109 80
77 111 36
77 115 97
77 126 96
77 138 79
77 143 86
77 144 98
77 151 28
77 154 19
77 175 91
77 181 63
77 188 69
77 190 45
77 192 1
77 193 4
78 81 96
78 84 78
78 85 32
78 86 18
78 89 78
78 91 93
78 114 61
78 115 23
78 138 85
78 140 27
78 171 88
78 172 98
78 173 98
78 197 31
79 81 14
79 84 85
79 85 31
79 97 75
79 102 35
79 103 87
79 112 18
79 113 8
79 122 1
79 123 48
79 143 8
79 144 39
79 145 88
79 146 66
79 150 32
79 156 91
79 181 57
79 199 61
80 83 49
80 90 84
80 92 61
80 99 89
80 114 84
80 128 48
80 131 29
80 141 42
80 148 17
80 173 48
80 179 36
80 188 31
80 195 5
80 199 19
81 84 49
81 88 75
81 96 35
81 100 95
81 104 94
81 112 52
81 114 24
81 119 34
81 124 20
81 126 12
81 132 75
81 135 65
81 139 74
81 140 18
81 141 24
81 146 79
81 154 77
81 166 44
81 171 40
81 173 34
81 176 38
81 182 65
81 183 73
82 84 88
82 90 25
82 96 82
82 99 58
82 106 95
82 110 67
82 118 68
82 122 52
82 129 89
82 136 59
82 141 41
82 157 28
82 159 73
82 163 48
82 168 87
82 181 1
83 86 5
83 94 23
83 101 75
83 102 77
83 106 80
83 108 52
83 112 35
83 114 10
83 120 33
83 127 78
83 130 99
83 138 84
83 152 64
83 164 59
83 169 31
83 174 91
83 175 19
83 178 40
83 186 72
84 87 75
84 111 10
84 137 31
84 140 13
84 154 33
84 165 62
84 183 47
85 87 53
85 88 60
85 90 5
85 93 76
85 94 53
85 100 28
85 109 94
85 111 98
85 113 64
85 124 22
85 130 81
85 138 38
85 140 91
85 155 21
85 156 48
85 157 86
85 162 73
85 198 89
86 92 59
86 95 32
86 98 89
86 113 62
86 114 61
86 122 61
86 126 81
86 127 85
86 129 71
86 132 23
86 139 23
86 145 89
86 149 45
86 151 70
86 154 86
86 155 65
86 160 45
86 175 54
86 179 38
86 184 43
86 197 95
87 111 77
87 123 53
87 127 57
87 128 83
87 132 97
87 137 34
87 144 89
87 148 23
87 154 40
87 155 40
87 161 62
87 162 15
87 178 34
87 187 74
87 194 78
87 199 66
88 92 38
88 96 69
88 97 22
88 99 13
88 104 3
88 113 100
88 120 47
88 127 80
88 128 56
88 129 99
88 135 84
88 146 14
88 150 9
88 151 27
88 152 86
88 161 86
88 170 97
88 178 57
88 181 49
88 182 16
88 184 39
88 189 86
88 197 2
89 90 68
89 98 26
89 119 79
89 125 28
89 130 22
89 132 21
89 142 22
89 147 3
89 149 97
89 163 48
89 165 7
89 180 9
89 190 49
89 191 19
89 198 36
90 101 18
90 105 86
90 109 16
90 112 21
90 116 70
90 121 28
90 130 30
90 131 15
90 141 56
90 146 15
90 159 43
90 164 24
90 168 30
90 193 2
90 197 99
90 199 21
91 101 26
91 103 11
91 113 61
91 119 30
91 133 33
91 138 45
91 149 48
91 150 86
91 167 12
91 190 82
91 194 21
91 196 86
92 95 71
92 108 39
92 111 50
92 121 44
92 126 36
92 127 12
92 134 63
92 135 86
92 149 62
92 165 93
92 166 24
92 176 24
92 177 56
92 178 20
92 180 88
92 184 6
92 191 5
93 97 22
93 104 8
93 122 97
93 126 46
93 146 90
93 147 94
93 160 18
93 167 82
93 181 40
93 186 79
93 187 18
93 188 49
93 191 20
93 196 95
94 95 49
94 97 77
94 99 5
94 103 10
94 112 82
94 120 37
94 121 26
94 122 29
94 126 87
94 130 58
94 131 23
94 139 21
94 140 71
94 159 34
94 161 51
94 169 82
94 181 45
94 196 92
95 104 65
95 106 100
95 107 53
95 110 69
95 112 100
95 116 68
95 121 55
95 126 75
95 129 48
95 137 57
95 143 52
95 148 7
95 153 15
95 154 68
95 169 87
95 170 30
95 171 10
95 172 69
95 173 5
95 174 46
95 185 42
95 186 40
96 97 44
96 107 80
96 108 99
96 110 3
96 125 26
96 128 67
96 132 12
96 134 12
96 141 79
96 142 25
96 143 28
96 152 13
96 162 56
96 169 50
96 175 43
96 176 92
96 184 10
96 188 15
97 101 13
97 122 78
97 123 23
97 126 38
97 130 27
97 142 98
97 145 75
97 147 7
97 158 21
97 165 100
97 183 22
97 195 94
98 136 20
98 147 80
98 155 63
98 180 43
98 182 33
98 186 12
99 106 32
99 108 12
99 111 19
99 114 23
99 124 7
99 127 18
99 143 5
99 146 54
99 149 97
99 159 72
99 160 7
99 163 49
99 164 25
99 169 43
99 172 82
99 173 65
99 196 11
100 102 79
100 109 46
100 116 90
100 132 30
100 158 79
100 164 39
100 166 29
100 170 46
100 179 81
100 180 42
100 183 95
100 196 8
101 108 13
101 121 44
101 128 29
101 129 80
101 131 16
101 133 50
101 134 100
101 135 86
101 157 8
101 174 6
101 178 4
101 179 18
101 183 6
101 185 5
101 192 4
101 194 11
102 105 86
102 106 33
102 110 98
102 118 64
102 119 96
102 121 4
102 133 93
102 142 99
102 143 69
102 167 44
102 169 62
102 180 26
102 182 99
102 183 36
102 196 43
103 115 6
103 119 19
103 120 20
103 126 22
103 131 56
103 140 70
103 158 7
103 162 26
104 107 52
104 146 78
104 147 46
104 153 6
104 161 72
104 175 76
104 186 88
104 188 27
104 191 93
104 194 74
105 108 73
105 112 42
105 113 42
105 121 1
105 122 59
105 139 73
105 141 40
105 142 19
105 152 8
105 160 53
105 172 66
105 174 88
105 180 41
106 109 84
106 151 5
106 156 26
106 166 10
106 170 64
106 197 59
107 110 30
107 121 90
107 126 5
107 154 89
107 155 40
107 160 92
107 162 14
107 163 67
107 194 18
107 199 81
108 111 68
108 116 48
108 121 55
108 122 81
108 125 30
108 126 99
108 130 15
108 131 50
108 136 41
108 137 13
108 138 44
108 141 65
108 146 10
108 154 88
108 159 22
108 162 64
108 174 51
108 176 73
108 178 16
108 182 66
108 187 94
109 112 3
109 118 28
109 119 10
109 120 7
109 133 90
109 139 66
109 147 100
109 151 98
109 161 83
109 167 93
109 173 67
109 186 53
110 116 35
110 123 71
110 144 22
110 176 5
110 179 98
111 119 6
111 128 79
111 136 44
111 149 32
111 157 35
111 162 88
111 163 48
111 164 50
112 115 55
112 120 53
112 136 65
112 140 41
112 142 23
112 151 79
112 159 76
112 171 46
112 184 84
113 116 62
113 118 56
113 127 64
113 131 50
113 146 58
113 156 42
113 164 1
113 195 29
114 128 46
114 137 14
114 148 9
114 157 81
114 159 96
114 161 14
114 176 59
114 177 19
114 182 36
114 192 75
114 199 72
115 120 4
115 133 94
115 144 99
115 158 63
115 186 16
115 187 26
115 197 77
115 199 48
116 118 77
116 128 24
116 158 79
116 161 4
116 171 42
116 187 16
116 191 71
116 194 25
117 121 71
117 122 55
117 123 76
117 126 16
117 133 5
117 136 24
117 140 16
117 148 12
117 149 27
117 150 5
117 157 96
117 158 93
117 166 16
117 167 6
117 175 99
117 182 73
117 186 9
117 195 82
118 123 81
118 141 82
118 159 9
118 171 11
118 179 77
118 184 18
118 192 36
118 193 2
118 194 46
119 134 87
119 135 8
119 146 89
119 149 92
119 150 95
119 158 40
119 183 94
120 132 53
120 165 71
120 167 35
120 178 23
121 123 81
121 130 95
121 137 23
121 156 29
121 158 77
121 166 87
121 174 66
121 175 71
121 180 18
121 189 67
121 193 22
122 128 83
122 131 20
122 133 46
122 140 51
122 148 79
122 150 16
122 159 84
122 168 58
122 186 41
122 195 75
122 196 63
123 132 55
123 156 26
123 185 67
123 195 79
123 199 28
124 151 36
124 153 39
124 154 52
124 157 96
124 159 37
124 168 23
124 197 99
125 134 79
125 135 2
125 138 30
125 141 27
125 153 97
125 154 76
125 157 75
125 173 68
125 174 90
126 132 68
126 137 100
126 138 38
126 142 12
126 143 36
126 160 61
126 173 9
126 175 100
126 179 59
126 193 59
127 130 18
127 134 77
127 136 25
127 144 30
127 149 13
127 161 94
127 187 17
127 196 56
128 134 48
128 146 7
128 150 12
128 172 68
129 147 75
129 149 67
129 166 42
129 174 38
129 188 85
129 189 25
130 133 79
130 137 75
130 142 90
130 151 59
130 161 72
130 168 39
130 186 68
130 197 59
131 132 59
131 145 61
131 164 1
131 165 43
131 173 17
131 178 1
132 135 45
132 144 36
132 155 6
132 157 57
132 159 77
132 167 64
132 196 11
132 198 93
133 134 32
133 136 65
133 137 13
133 150 62
133 158 75
133 159 24
133 190 15
134 138 98
134 142 85
134 145 36
134 150 16
134 158 32
134 160 50
134 164 19
134 181 26
134 183 88
134 185 78
135 158 63
135 178 43
135 184 56
135 187 37
135 193 56
136 149 80
136 156 23
136 181 95
136 184 62
136 186 21
137 140 92
137 153 23
137 154 6
137 168 9
137 172 70
137 178 56
137 181 94
137 183 95
137 186 77
138 147 47
138 168 54
138 170 32
138 173 21
138 179 27
138 181 11
138 187 9
138 192 100
139 144 84
139 148 9
139 149 57
139 157 43
139 165 84
139 169 61
139 190 32
140 154 26
140 166 89
140 171 98
140 173 10
140 174 7
140 176 24
140 182 44
140 189 73
140 198 75
141 142 28
141 145 100
141 150 4
141 166 10
141 169 97
141 170 76
141 179 96
141 182 49
141 183 79
142 152 99
142 153 36
142 156 49
142 159 27
142 166 69
143 151 63
143 155 87
143 190 40
144 168 68
144 177 10
144 195 25
145 151 18
145 173 27
145 195 71
146 153 2
146 165 29
146 175 83
146 181 60
146 185 24
146 196 43
146 198 41
147 164 50
147 181 90
147 187 63
147 194 14
147 197 37
147 198 88
148 153 64
148 169 7
148 181 80
148 188 43
148 191 36
149 153 40
149 181 5
150 151 68
150 183 49
150 189 74
150 197 6
151 152 74
151 163 48
151 186 24
151 190 76
151 198 47
152 167 25
152 189 13
152 191 45
152 192 55
152 198 35
153 170 27
153 171 11
153 176 46
153 190 14
153 191 64
153 192 93
154 164 2
154 171 44
154 178 41
154 195 4
155 165 32
155 166 54
155 169 26
155 177 52
155 185 23
155 195 49
156 163 31
156 164 11
156 170 64
156 171 100
156 175 29
156 188 71
156 199 13
158 183 18
158 187 69
158 188 64
158 193 60
161 165 27
161 169 66
162 164 40
162 165 48
162 172 28
162 199 46
163 168 18
163 175 37
163 189 50
163 191 79
163 193 47
164 166 89
164 170 95
164 177 3
164 180 70
165 172 92
165 176 77
165 185 70
165 188 20
166 189 86
166 196 39
167 168 96
167 172 85
167 177 86
167 191 36
168 177 72
169 192 61
169 196 96
170 184 34
170 190 40
171 180 58
171 182 31
171 186 27
171 187 18
172 175 78
172 193 72
173 174 5
173 179 91
174 179 16
174 190 86
174 191 66
175 180 93
175 187 49
175 194 65
175 196 22
176 186 74
178 180 21
178 195 11
179 189 60
180 190 19
183 188 72
183 191 26
185 190 93
185 198 95
188 189 40
188 190 75
188 194 43
189 193 66
190 191 5
192 199 48
194 197 73
