160
144
101
160
190
153
100
191
176
117
173
137
118
144
128
141
144
117
126
123
140
151
141
130
147
143
123
164
119
200
183
193
128
139
159
145
184
132
144
130
133
125
145
180
140
107
173
140
157
130
111
132
106
161
198
170
176
187
175
144
184
156
177
179
142
104
149
123
143
184
133
144
143
124
199
200
197
185
187
129
160
153
112
144
114
111
111
113
131
198
186
195
186
131
173
191
174
189
109
174
