50048
56992
52515
59915
53334
50282
53420
56732
58416
55002
55528
59069
59506
51103
55454
53423
54771
54496
50452
53610
52113
59100
56167
54295
55646
56181
56286
56982
58533
53580
58332
57375
58760
53700
54140
59043
52640
51561
56962
57964
50136
55172
57588
59512
59537
56416
54696
53215
53174
57761
54989
53986
52453
50626
50342
59190
52388
55327
50853
56568
50209
51944
51850
53708
53421
58756
59417
59400
57997
52395
58543
59715
53743
57377
52448
50880
58942
59011
53262
58990
55679
55138
53370
51294
56081
51120
50320
57711
52220
53382
55415
50603
50822
56387
55833
51176
57233
54363
51247
54414
