52447
53267
55994
57108
59057
54281
55314
52222
57305
51545
50161
57307
51756
58342
55543
58631
59892
51300
56310
54070
52994
56200
54484
54557
51914
56073
52616
54551
59015
57165
52191
50290
55898
53590
58221
51916
59927
51294
59025
50800
58522
55724
58974
56067
57057
51881
58174
55117
51644
51382
54323
55758
51078
58221
50719
58341
54232
59513
51728
54348
58448
57906
52533
58088
53715
59208
58958
56642
58857
57902
50275
58031
53794
52023
51451
55197
58049
54572
55442
53843
52265
52387
50905
59540
59880
58609
53753
52488
54635
50276
53558
51824
54479
51783
58076
50082
52936
59066
58381
55793
59255
57219
52850
55151
58089
59598
56514
55527
53113
55631
52326
52254
51107
50843
55599
56425
51721
50609
53219
55741
51205
58714
58959
55774
59552
53067
56047
52312
53883
50158
56338
58806
58501
54018
59387
53886
55443
51412
52102
57200
52017
58826
59136
56023
59700
55972
55807
50211
59277
53036
53513
50316
53725
50720
51992
59532
52324
57172
54331
53028
59550
58013
52130
57262
55247
57934
54580
52129
57964
53891
52042
52691
52615
59567
50719
50222
58742
52637
54974
54445
54237
52199
50211
56828
59761
59670
56867
50672
55989
52536
55627
55667
51559
59156
59394
51064
52606
51169
50594
51679
58977
55753
55732
54732
54801
58558
56828
55205
54042
57066
54419
52589
50200
52889
56563
55874
51445
56114
51969
58951
54983
53490
50746
50389
54185
51721
50468
58299
58037
52272
54153
57356
52384
57951
54367
50853
56298
54834
50521
57210
56941
50467
54739
53619
59068
55113
54530
54375
59561
59462
56470
54166
57093
59130
51600
52749
51625
54454
50131
53048
56214
53139
58628
52697
51824
55178
53180
54501
53883
57686
56172
57551
51928
57734
56457
58664
59616
59490
52170
56591
50806
58560
54075
57358
50811
54616
52966
53293
56746
55811
58080
58450
55138
57792
56263
54760
52532
56275
59859
54944
