0 1 56
0 2 8
0 3 71
0 4 84
0 5 30
0 6 13
0 7 52
0 8 57
0 9 90
0 10 44
0 11 90
0 12 2
0 13 13
0 14 5
0 15 21
0 16 25
0 17 6
0 18 10
0 19 45
0 20 70
0 21 3
0 22 15
0 23 46
0 24 46
0 25 65
0 26 22
0 27 28
0 28 36
0 29 68
0 30 50
0 31 60
0 32 92
0 33 3
0 34 77
0 35 56
0 36 98
0 39 26
0 40 41
0 41 42
0 42 56
0 43 29
0 44 31
0 46 70
0 47 59
0 48 45
0 49 28
0 50 16
0 51 46
0 53 55
0 56 76
0 62 79
0 66 82
0 67 31
0 70 26
0 72 23
0 75 90
0 78 39
0 80 72
0 84 94
0 87 3
0 89 98
0 90 15
0 93 68
0 98 33
1 22 91
1 23 81
1 24 85
1 25 40
1 26 38
1 27 43
1 28 10
1 29 42
1 30 66
1 31 79
1 32 56
1 33 72
1 34 37
1 35 3
1 37 23
1 41 32
1 42 41
1 46 57
1 48 47
1 49 75
1 50 27
1 52 61
1 56 30
1 58 21
1 63 46
1 66 66
1 68 87
1 70 67
1 73 59
1 77 88
1 80 29
1 91 82
1 95 28
1 97 38
2 22 46
2 23 8
2 25 21
2 26 77
2 27 21
2 28 7
2 29 52
2 30 85
2 32 9
2 33 70
2 36 49
2 37 45
2 40 37
2 43 37
2 50 71
2 57 52
2 61 75
2 62 46
2 75 70
2 78 81
2 95 69
3 22 32
3 23 38
3 24 85
3 25 67
3 26 49
3 27 34
3 28 55
3 30 58
3 33 83
3 34 33
3 35 53
3 36 45
3 41 15
3 42 7
3 43 31
3 56 25
3 57 81
3 61 98
3 65 32
3 74 24
3 81 3
3 88 70
3 95 49
4 22 66
4 23 3
4 24 73
4 25 51
4 26 48
4 27 92
4 28 60
4 29 21
4 30 7
4 31 93
4 33 8
4 38 28
4 39 20
4 41 18
4 43 16
4 44 100
4 45 11
4 46 70
4 47 13
4 48 76
4 49 56
4 52 12
4 56 19
4 62 9
4 68 96
4 72 67
4 75 69
4 84 33
4 88 55
4 91 37
4 94 71
4 96 53
5 22 27
5 23 43
5 24 93
5 26 82
5 27 84
5 28 58
5 29 73
5 32 89
5 33 49
5 35 81
5 36 85
5 41 35
5 42 75
5 44 78
5 45 67
5 46 90
5 48 92
5 55 79
5 56 64
5 60 29
5 62 37
5 63 89
5 64 56
5 66 55
5 68 20
5 69 83
5 75 20
5 79 24
5 89 73
5 94 21
5 96 79
5 98 96
6 22 98
6 23 77
6 24 86
6 25 19
6 26 55
6 28 47
6 29 9
6 30 51
6 31 49
6 32 18
6 36 93
6 38 30
6 41 79
6 49 27
6 56 49
6 64 89
6 65 46
6 77 51
6 83 22
7 22 58
7 23 18
7 24 35
7 25 8
7 26 61
7 28 90
7 33 13
7 34 65
7 35 4
7 37 15
7 40 100
7 41 42
7 43 27
7 45 5
7 55 26
7 70 21
7 79 28
7 82 74
7 87 26
7 91 66
8 22 90
8 23 48
8 24 84
8 25 28
8 26 15
8 27 66
8 34 100
8 37 96
8 47 36
8 48 44
8 53 55
8 57 8
8 65 50
8 66 6
8 81 13
8 87 9
9 22 87
9 23 96
9 24 22
9 25 55
9 26 83
9 27 84
9 28 100
9 29 18
9 30 100
9 31 27
9 32 16
9 33 70
9 35 48
9 36 90
9 38 71
9 39 35
9 40 35
9 41 7
9 44 70
9 45 87
9 51 75
9 54 30
9 55 82
9 59 75
9 62 85
9 66 16
9 68 9
9 71 70
9 74 31
9 97 85
9 98 57
10 22 73
10 23 92
10 25 36
10 27 10
10 29 73
10 30 41
10 31 14
10 36 54
10 37 32
10 38 65
10 39 42
10 45 31
10 46 88
10 50 85
10 54 16
10 58 50
10 75 89
10 81 71
10 84 80
10 86 68
10 87 98
10 93 63
10 94 37
11 23 100
11 24 21
11 25 16
11 26 25
11 27 82
11 28 83
11 31 31
11 32 97
11 34 11
11 35 70
11 38 29
11 39 49
11 41 72
11 44 29
11 49 24
11 52 84
11 55 70
11 56 88
11 58 3
11 66 10
11 67 93
11 69 22
11 73 37
11 74 84
11 92 81
11 94 85
12 22 72
12 23 32
12 24 61
12 29 28
12 31 24
12 37 44
12 40 45
12 52 54
12 71 65
12 74 10
12 76 79
12 95 84
13 22 80
13 23 54
13 25 39
13 28 78
13 29 41
13 32 24
13 34 11
13 39 97
13 42 44
13 50 76
13 51 86
13 61 35
13 65 97
13 70 95
13 75 73
13 76 71
13 86 42
13 90 85
13 93 14
14 22 5
14 23 3
14 24 6
14 26 23
14 27 75
14 28 36
14 36 31
14 37 79
14 42 52
14 43 45
14 44 16
14 55 48
14 66 98
14 67 52
14 68 51
14 82 37
15 22 83
15 23 27
15 24 8
15 25 81
15 26 48
15 27 91
15 28 7
15 29 37
15 30 89
15 31 89
15 32 45
15 34 31
15 36 7
15 37 29
15 38 8
15 39 22
15 40 54
15 42 43
15 43 8
15 45 13
15 50 19
15 52 100
15 55 44
15 56 44
15 61 50
15 73 62
15 78 59
15 79 98
15 80 63
15 81 30
15 82 38
15 86 46
15 87 62
15 93 40
15 95 16
15 98 79
16 22 28
16 23 62
16 24 80
16 25 60
16 26 16
16 30 13
16 31 23
16 32 4
16 35 25
16 44 24
16 47 48
16 50 2
16 57 1
16 62 28
16 75 4
16 93 95
17 22 47
17 23 28
17 24 17
17 26 8
17 27 68
17 30 28
17 32 80
17 33 99
17 34 58
17 35 43
17 37 70
17 38 74
17 40 40
17 48 62
17 50 5
17 57 19
17 60 44
17 62 75
17 67 38
17 72 37
17 76 60
17 81 78
17 83 14
17 84 80
17 85 23
17 94 64
18 22 82
18 24 77
18 25 27
18 29 64
18 30 42
18 32 66
18 34 94
18 36 1
18 38 28
18 40 54
18 41 15
18 42 18
18 46 71
18 49 77
18 50 57
18 51 3
18 52 62
18 59 7
18 63 5
18 87 33
18 89 42
18 93 59
18 94 1
18 95 11
18 97 25
19 22 51
19 24 71
19 25 81
19 27 7
19 28 8
19 29 30
19 30 84
19 33 99
19 34 70
19 35 98
19 38 13
19 39 49
19 41 54
19 45 74
19 48 85
19 55 64
19 58 62
19 60 47
19 62 100
19 63 86
19 64 34
19 68 18
19 69 85
19 70 83
19 71 41
19 72 5
19 84 86
19 89 87
19 94 80
20 22 68
20 23 11
20 24 45
20 25 72
20 26 68
20 27 83
20 30 47
20 31 64
20 32 79
20 33 35
20 35 12
20 36 20
20 38 51
20 39 57
20 45 88
20 49 3
20 54 93
20 55 6
20 59 23
20 61 82
20 64 26
20 65 83
20 76 91
20 77 3
20 78 35
20 84 19
20 88 6
20 93 68
20 95 72
20 96 91
21 22 42
21 23 72
21 24 74
21 25 79
21 26 48
21 27 9
21 28 51
21 29 44
21 30 42
21 31 92
21 32 30
21 33 77
21 34 91
21 35 21
21 36 67
21 37 24
21 40 79
21 41 90
21 49 90
21 51 75
21 52 26
21 54 42
21 59 92
21 66 98
21 73 87
21 76 98
21 78 51
21 83 6
21 84 57
21 85 54
21 86 12
21 87 87
21 90 77
21 94 60
22 23 18
22 24 90
22 25 54
22 26 55
22 27 13
22 28 85
22 29 8
22 30 64
22 31 61
22 32 80
22 33 50
22 34 5
22 36 68
22 37 28
22 38 80
22 39 63
22 40 99
22 43 60
22 46 9
22 47 99
22 48 64
22 50 62
22 51 58
22 52 58
22 53 66
22 54 71
22 55 55
22 56 33
22 57 56
22 60 42
22 64 87
22 65 58
22 66 46
22 69 18
22 70 54
22 74 70
22 77 70
22 81 45
22 83 9
22 86 42
22 97 44
23 24 97
23 25 11
23 26 6
23 27 14
23 28 73
23 29 1
23 30 63
23 31 21
23 32 41
23 33 22
23 34 17
23 35 52
23 36 37
23 37 58
23 38 26
23 39 83
23 40 61
23 42 49
23 43 96
23 45 90
23 47 89
23 48 40
23 49 63
23 51 75
23 52 68
23 54 56
23 55 90
23 57 63
23 60 69
23 62 28
23 65 50
23 66 94
23 67 75
23 68 77
23 69 24
23 72 15
23 73 1
23 74 54
23 76 9
23 83 100
23 85 51
23 86 5
23 90 50
23 93 31
23 98 64
23 99 75
24 25 58
24 26 4
24 27 8
24 28 75
24 29 40
24 30 58
24 31 39
24 32 74
24 33 34
24 34 56
24 35 53
24 36 94
24 37 54
24 38 35
24 39 54
24 40 58
24 41 72
24 43 6
24 44 41
24 46 56
24 48 61
24 50 42
24 51 4
24 52 99
24 53 42
24 57 95
24 60 92
24 61 14
24 63 90
24 65 5
24 66 86
24 68 13
24 72 33
24 75 20
24 77 9
24 82 73
24 83 35
24 84 55
24 88 1
24 89 54
24 90 6
24 96 47
24 98 96
24 99 1
25 26 79
25 27 40
25 28 54
25 29 100
25 31 100
25 32 83
25 34 89
25 35 58
25 37 9
25 38 20
25 39 23
25 40 93
25 41 86
25 42 43
25 43 89
25 45 62
25 46 49
25 47 21
25 49 23
25 51 33
25 53 77
25 58 35
25 59 7
25 61 40
25 64 17
25 65 3
25 68 31
25 72 67
25 74 4
25 75 17
25 78 100
25 79 61
25 84 64
25 88 62
25 90 43
25 97 70
26 27 43
26 28 30
26 29 53
26 31 30
26 32 74
26 33 76
26 34 83
26 35 39
26 36 45
26 37 16
26 38 49
26 39 91
26 42 29
26 43 2
26 44 3
26 45 89
26 46 11
26 47 30
26 49 47
26 50 39
26 51 38
26 56 98
26 64 62
26 66 44
26 69 89
26 70 72
26 73 71
26 78 42
26 79 5
26 80 92
26 85 16
26 86 72
26 87 13
26 89 49
26 92 72
26 95 9
26 98 38
27 28 37
27 29 57
27 30 50
27 31 94
27 33 29
27 37 77
27 38 54
27 39 48
27 40 21
27 42 5
27 43 50
27 44 52
27 45 53
27 47 67
27 48 68
27 53 9
27 54 75
27 55 26
27 57 73
27 58 16
27 60 43
27 61 55
27 63 46
27 64 96
27 65 88
27 69 56
27 71 37
27 72 72
27 73 74
27 74 77
27 77 100
27 81 32
27 82 93
27 86 8
27 87 55
27 88 53
27 91 31
27 96 14
28 29 63
28 30 9
28 31 69
28 32 18
28 33 53
28 34 60
28 35 35
28 37 56
28 40 46
28 41 68
28 42 9
28 45 70
28 46 30
28 47 77
28 48 15
28 50 25
28 51 67
28 53 45
28 58 96
28 59 10
28 61 16
28 62 93
28 64 3
28 68 4
28 70 75
28 72 89
28 83 36
28 85 16
28 90 51
28 92 10
29 30 7
29 31 95
29 33 18
29 34 27
29 35 70
29 37 32
29 38 61
29 39 33
29 40 86
29 42 33
29 43 97
29 44 96
29 45 36
29 46 56
29 47 63
29 50 36
29 52 45
29 53 15
29 54 51
29 56 62
29 58 40
29 59 55
29 65 98
29 68 51
29 69 63
29 74 96
29 80 15
29 87 72
29 97 70
29 99 18
30 31 97
30 33 67
30 34 90
30 35 58
30 43 56
30 44 29
30 45 2
30 47 85
30 48 81
30 51 45
30 53 94
30 54 87
30 56 74
30 57 49
30 60 43
30 61 17
30 65 39
30 67 30
30 70 75
30 75 64
30 76 11
30 77 23
30 78 79
30 79 80
30 82 50
30 85 13
30 86 8
30 92 64
30 93 83
30 95 69
30 96 40
31 32 65
31 33 11
31 35 10
31 36 18
31 37 32
31 39 86
31 40 7
31 42 18
31 43 86
31 44 79
31 45 67
31 48 81
31 54 4
31 56 9
31 60 94
31 61 44
31 66 30
31 69 79
31 71 99
31 73 50
31 80 6
31 81 87
31 85 61
31 89 38
31 96 46
31 99 63
32 34 77
32 36 22
32 38 85
32 41 85
32 43 27
32 44 84
32 46 97
32 48 57
32 52 81
32 53 33
32 54 25
32 58 35
32 64 91
32 66 60
32 69 52
32 70 13
32 72 53
32 73 52
32 75 74
32 76 30
32 80 89
32 81 35
32 82 65
32 84 33
32 87 11
32 88 84
32 90 72
32 93 18
32 95 46
33 36 24
33 38 40
33 39 17
33 40 33
33 42 2
33 44 48
33 46 43
33 47 87
33 48 85
33 49 95
33 50 91
33 51 29
33 53 49
33 55 85
33 57 43
33 58 50
33 59 87
33 60 27
33 61 53
33 65 26
33 67 55
33 68 65
33 69 65
33 70 41
33 74 8
33 75 84
33 76 84
33 77 44
33 78 11
33 79 84
33 80 54
33 84 55
33 87 93
33 90 89
33 91 55
33 93 78
33 97 35
34 35 28
34 36 73
34 37 16
34 41 91
34 42 84
34 43 62
34 44 74
34 46 6
34 47 11
34 49 88
34 50 43
34 51 2
34 53 68
34 56 68
34 57 44
34 58 91
34 59 32
34 61 16
34 63 87
34 65 53
34 68 74
34 69 71
34 71 16
34 72 18
34 75 19
34 77 25
34 79 71
34 80 7
34 83 68
34 85 16
34 86 44
34 87 12
34 88 50
34 89 30
34 90 94
34 92 76
34 93 98
34 95 70
34 99 66
35 36 77
35 37 41
35 38 66
35 39 74
35 40 80
35 41 49
35 42 15
35 44 76
35 47 56
35 49 16
35 51 3
35 53 29
35 54 50
35 56 23
35 62 85
35 63 98
35 64 48
35 68 65
35 72 30
35 77 23
35 78 28
35 79 25
35 80 40
35 81 61
35 83 92
35 87 88
35 88 98
35 89 12
35 92 75
35 94 90
35 98 99
35 99 41
36 38 77
36 39 17
36 40 29
36 41 36
36 42 44
36 43 13
36 45 73
36 46 27
36 47 71
36 48 66
36 51 68
36 52 50
36 54 49
36 55 69
36 57 15
36 60 11
36 61 96
36 62 92
36 63 23
36 66 41
36 67 98
36 68 61
36 70 13
36 71 1
36 72 99
36 74 49
36 77 38
36 79 95
36 81 82
36 82 47
36 88 1
36 91 14
36 92 45
36 94 32
36 96 25
36 97 14
36 98 70
36 99 68
37 39 67
37 41 86
37 42 47
37 43 5
37 44 71
37 45 3
37 47 98
37 51 23
37 52 10
37 55 21
37 56 57
37 57 1
37 60 68
37 62 35
37 64 64
37 66 17
37 70 27
37 75 81
37 76 88
37 77 43
37 78 25
37 79 24
37 80 85
37 83 93
37 84 48
37 89 30
37 96 15
37 97 98
38 41 83
38 43 14
38 44 8
38 45 83
38 46 80
38 47 79
38 48 61
38 49 63
38 50 88
38 51 47
38 52 81
38 55 41
38 60 41
38 61 97
38 62 14
38 67 64
38 69 27
38 74 92
38 75 1
38 78 55
38 82 66
38 83 42
38 89 9
38 90 22
38 91 18
38 92 46
38 95 25
38 99 95
39 40 41
39 44 53
39 47 69
39 49 61
39 53 45
39 54 68
39 55 51
39 57 79
39 58 10
39 59 79
39 60 34
39 64 44
39 71 21
39 73 53
39 74 74
39 83 46
39 84 2
39 85 84
39 92 62
39 95 94
39 99 70
40 49 57
40 51 51
40 55 21
40 56 5
40 57 9
40 58 26
40 61 86
40 63 24
40 67 65
40 71 27
40 72 87
40 75 27
40 79 97
40 81 98
40 84 61
40 85 80
40 94 72
40 95 90
40 98 25
41 42 72
41 45 50
41 46 35
41 49 91
41 52 95
41 58 46
41 59 49
41 60 50
41 64 19
41 70 32
41 71 73
41 73 84
41 81 26
41 84 70
41 87 83
41 91 68
41 94 75
42 45 68
42 48 30
42 49 7
42 50 46
42 52 74
42 55 72
42 58 82
42 60 67
42 67 92
42 69 53
42 70 8
42 71 22
42 73 51
42 74 33
42 76 15
42 78 70
42 80 23
42 89 46
42 91 10
42 93 72
42 94 54
42 97 69
43 44 90
43 46 36
43 52 16
43 53 10
43 54 51
43 55 69
43 56 63
43 58 36
43 59 95
43 60 57
43 62 63
43 63 13
43 66 61
43 68 15
43 71 16
43 73 43
43 74 39
43 75 67
43 83 44
43 87 12
43 89 44
43 91 78
43 92 52
43 93 86
43 95 37
43 97 68
43 98 71
44 46 75
44 47 80
44 48 24
44 49 23
44 52 11
44 53 23
44 58 33
44 62 98
44 67 13
44 68 3
44 69 42
44 75 54
44 76 77
44 82 7
44 85 29
44 88 11
44 89 86
44 98 60
44 99 46
45 46 20
45 47 17
45 51 64
45 53 65
45 56 60
45 60 44
45 62 97
45 64 34
45 68 76
45 71 52
45 76 79
45 78 100
45 81 10
45 83 76
45 84 55
45 86 30
46 50 38
46 51 93
46 52 41
46 54 19
46 55 96
46 59 41
46 65 12
46 66 38
46 67 65
46 70 99
46 75 87
46 77 1
46 85 12
46 86 65
46 87 71
46 90 51
47 48 22
47 50 16
47 53 32
47 54 65
47 55 84
47 59 81
47 60 5
47 63 77
47 64 80
47 70 8
47 71 83
47 72 80
47 73 36
47 78 35
47 85 63
47 88 86
47 92 51
47 96 57
47 98 26
48 49 8
48 50 79
48 54 75
48 57 2
48 58 57
48 63 54
48 68 46
48 70 97
48 73 64
48 74 60
48 82 45
48 87 33
48 93 4
49 53 21
49 61 92
49 67 97
49 69 29
49 71 58
49 77 28
49 80 1
49 82 5
49 85 18
49 86 72
49 95 38
49 96 91
50 52 45
50 53 47
50 57 37
50 59 82
50 60 93
50 61 33
50 62 32
50 63 39
50 65 82
50 69 30
50 74 89
50 80 30
50 81 43
50 90 57
50 92 1
50 97 33
50 98 34
50 99 7
51 54 93
51 57 70
51 58 85
51 59 31
51 62 56
51 63 40
51 65 66
51 67 19
51 70 87
51 73 5
51 76 37
51 84 66
51 86 33
51 88 43
51 90 64
51 91 94
51 95 59
51 97 2
52 53 9
52 54 83
52 59 43
52 60 2
52 63 13
52 66 18
52 67 49
52 74 2
52 77 55
52 82 51
52 83 37
52 88 36
52 89 50
52 91 32
52 92 70
52 95 98
52 96 15
52 98 58
53 54 32
53 56 93
53 58 48
53 59 89
53 62 65
53 67 34
53 68 74
53 71 66
53 74 30
53 78 20
53 86 47
53 92 37
53 94 27
53 95 69
53 99 13
54 59 57
54 62 23
54 64 9
54 65 97
54 70 8
54 71 82
54 72 78
54 79 63
54 80 71
54 82 28
54 83 65
54 89 79
54 93 23
54 97 97
54 98 79
54 99 15
55 56 58
55 57 9
55 61 15
55 63 17
55 69 17
55 71 90
55 80 63
55 92 27
55 96 98
55 98 55
56 57 59
56 58 98
56 59 30
56 64 94
56 65 72
56 67 56
56 69 21
56 71 51
56 77 65
56 79 34
56 82 42
56 85 3
56 86 4
56 88 49
56 90 52
56 91 26
56 96 51
57 59 1
57 61 92
57 68 5
57 73 72
57 80 91
57 82 31
57 83 15
57 85 65
57 88 20
57 96 26
58 67 51
58 71 66
58 75 61
58 76 61
58 78 15
58 80 62
59 61 35
59 63 17
59 64 99
59 67 72
59 72 79
59 73 54
59 74 21
59 89 75
59 97 97
60 63 5
60 65 4
60 76 74
60 77 35
60 92 96
60 93 100
60 96 59
61 63 56
61 64 15
61 67 58
61 78 93
61 79 91
61 92 56
61 94 73
62 63 28
62 64 56
62 65 63
62 69 88
62 72 86
62 73 7
62 77 11
62 78 76
62 79 56
62 87 48
62 88 64
63 66 15
63 69 93
63 74 50
63 78 4
63 85 85
63 90 51
63 91 72
63 94 74
63 96 44
64 66 66
64 79 74
64 85 87
64 97 25
65 73 66
65 76 12
65 79 64
65 83 6
65 85 61
65 97 21
66 72 17
66 76 95
66 89 86
66 90 75
67 70 52
67 75 83
67 80 3
67 81 77
67 84 83
67 88 19
67 89 69
68 71 62
68 76 66
68 77 75
68 82 6
68 83 59
68 90 71
68 97 34
69 76 34
69 78 52
69 81 82
69 84 81
69 85 16
69 86 32
69 99 34
70 72 57
70 73 11
70 77 62
70 79 2
70 80 18
70 82 33
71 72 24
71 79 70
71 81 82
71 86 42
72 77 76
72 80 30
72 84 15
72 88 94
72 90 59
72 91 73
72 94 36
72 95 98
72 96 19
72 99 31
73 91 74
73 92 20
73 94 89
74 92 97
74 93 49
75 76 8
75 81 40
75 88 79
75 91 21
75 95 95
75 97 88
76 82 72
76 86 42
76 89 58
77 79 36
77 81 37
77 82 15
77 86 30
77 87 69
77 99 7
78 81 57
78 83 38
78 87 48
78 99 51
79 82 51
79 88 25
79 91 90
79 96 97
79 98 40
80 84 100
80 89 97
80 90 29
80 96 66
80 97 61
81 92 21
81 96 89
82 83 77
82 86 59
82 92 47
83 85 36
83 91 39
84 93 85
85 91 45
85 93 53
86 90 47
86 94 62
87 94 94
87 98 76
88 98 47
88 99 29
90 91 26
91 99 69
92 93 89
92 97 27
93 94 79
93 99 66
97 98 60
97 99 26
