51605
58192
50914
53357
53337
55554
54231
59555
52723
59426
51900
50145
54711
53979
59286
53661
51915
50063
56820
55929
58870
50992
58137
52700
57347
51627
54348
55902
54055
56320
51532
58068
51585
55494
58426
51887
55202
58236
51210
51999
55592
55995
59899
51854
59642
59519
50222
57466
54723
55537
50318
51783
53353
54462
52180
56612
57574
52731
55470
53105
53738
52939
55844
58242
54144
51913
51548
54498
54315
57379
52862
58154
57267
56128
51920
53718
50816
54968
57665
56079
59984
51125
55843
56001
51817
57234
51689
52871
57978
53021
57189
50006
52674
58617
57746
53282
58313
55433
56084
58099
