1 0 99
2 1 31
3 0 55
3 1 68
3 2 29
4 0 43
4 1 8
4 2 96
4 3 45
5 0 92
5 1 48
5 3 49
5 4 5
6 0 72
7 0 17
7 1 37
7 2 12
8 1 6
8 2 63
8 7 22
9 5 86
10 2 32
10 3 66
10 7 93
11 0 100
11 1 61
11 2 48
11 3 82
11 4 62
11 5 82
11 7 29
11 8 25
12 6 98
13 6 57
13 12 68
14 0 64
14 1 45
14 3 1
14 7 29
14 8 64
14 10 51
15 11 56
16 0 12
16 1 93
16 2 23
16 3 19
16 4 48
16 7 7
16 8 25
16 11 26
16 14 39
17 0 2
17 1 82
17 2 97
17 6 8
17 7 83
17 8 93
17 10 74
17 14 23
17 16 17
18 17 71
19 17 79
19 18 12
20 0 41
20 1 61
20 2 98
20 3 41
20 7 23
20 8 84
20 10 57
20 11 26
20 14 96
20 15 46
20 16 24
20 17 56
21 13 87
22 15 26
22 16 39
22 17 12
22 20 81
23 0 73
23 1 57
23 2 32
23 3 41
23 4 83
23 5 14
23 7 46
23 8 3
23 9 10
23 10 19
23 11 89
23 14 83
23 15 75
23 16 79
23 17 13
23 20 98
23 22 86
24 16 27
24 23 7
25 0 68
25 1 19
25 2 61
25 3 18
25 8 6
25 11 93
25 14 72
25 17 67
25 18 39
25 19 26
26 23 22
26 24 26
27 7 47
28 0 99
28 1 3
28 2 68
28 3 92
28 7 41
28 8 55
28 10 7
28 11 77
28 14 45
28 15 73
28 16 21
28 17 84
28 18 33
28 20 67
28 22 65
28 23 63
28 25 73
29 6 47
29 17 47
29 28 75
30 2 19
30 6 8
30 10 30
30 14 90
30 16 15
30 17 96
30 18 10
30 19 21
30 20 50
30 22 66
30 23 100
30 25 50
30 28 88
30 29 60
31 7 17
31 16 90
32 0 31
32 1 79
32 7 61
32 10 97
32 14 95
32 20 53
33 7 74
33 27 72
34 0 4
34 1 39
34 2 16
34 3 5
34 4 7
34 5 12
34 6 45
34 7 66
34 8 84
34 10 55
34 11 56
34 14 16
34 15 99
34 16 4
34 17 77
34 18 84
34 19 95
34 20 15
34 22 73
34 23 57
34 24 26
34 25 4
34 26 91
34 28 3
34 29 69
34 30 52
35 21 11
36 4 53
36 23 61
37 0 74
37 1 74
37 2 27
37 3 24
37 4 35
37 5 99
37 7 81
37 8 85
37 10 66
37 11 44
37 14 15
37 15 73
37 16 82
37 17 67
37 18 84
37 19 53
37 20 49
37 22 30
37 23 71
37 24 58
37 25 30
37 28 58
37 30 76
37 32 5
37 34 62
38 0 46
38 1 24
38 2 100
38 4 5
38 7 23
38 8 81
38 10 48
38 11 96
38 14 8
38 15 37
38 16 97
38 17 84
38 18 41
38 19 96
38 20 4
38 22 67
38 23 8
38 25 50
38 28 8
38 29 41
38 30 38
38 32 93
38 34 19
38 37 52
39 0 13
39 1 66
39 2 24
39 3 41
39 4 41
39 5 83
39 6 8
39 7 88
39 8 35
39 9 32
39 10 15
39 11 84
39 14 39
39 15 53
39 16 74
39 17 9
39 18 88
39 19 80
39 20 93
39 22 36
39 23 12
39 25 64
39 27 54
39 28 26
39 29 42
39 30 32
39 32 97
39 33 7
39 34 61
39 36 23
39 37 81
39 38 1
40 0 76
40 1 38
40 7 66
40 38 93
41 40 38
42 34 35
43 0 32
44 0 43
44 1 11
44 8 19
44 16 31
44 17 23
44 25 59
44 37 85
45 7 39
46 0 32
46 1 76
46 2 1
46 3 88
46 4 51
46 5 94
46 6 95
46 7 61
46 8 55
46 10 48
46 11 12
46 14 42
46 16 38
46 17 43
46 18 10
46 19 16
46 20 81
46 23 63
46 24 46
46 25 42
46 26 59
46 27 12
46 28 62
46 30 21
46 31 89
46 32 88
46 33 49
46 34 24
46 36 34
46 37 61
46 38 75
46 39 40
47 0 89
47 1 59
47 2 56
47 3 73
47 4 60
47 5 52
47 6 19
47 7 83
47 8 57
47 10 33
47 11 32
47 14 32
47 15 3
47 16 36
47 17 50
47 18 10
47 19 28
47 20 99
47 22 93
47 23 17
47 25 52
47 28 94
47 29 41
47 30 45
47 34 15
47 37 31
47 38 69
47 39 55
47 40 82
47 42 75
47 44 8
47 46 55
48 0 56
48 1 52
48 2 62
48 3 98
48 4 3
48 5 32
48 6 1
48 7 13
48 8 69
48 9 81
48 10 86
48 11 88
48 14 13
48 15 59
48 16 96
48 17 99
48 20 10
48 22 54
48 23 40
48 24 36
48 25 1
48 26 4
48 28 27
48 30 91
48 32 94
48 33 98
48 34 29
48 37 42
48 38 20
48 39 77
48 42 48
48 46 28
48 47 77
49 0 94
49 1 5
49 2 6
49 3 25
49 4 4
49 5 92
49 6 11
49 7 26
49 8 59
49 9 60
49 10 89
49 11 99
49 12 16
49 13 95
49 14 44
49 15 72
49 16 100
49 17 20
49 18 39
49 19 94
49 20 88
49 22 41
49 23 69
49 24 19
49 25 64
49 26 21
49 27 66
49 28 70
49 29 96
49 30 35
49 31 90
49 32 48
49 33 63
49 34 18
49 37 85
49 38 35
49 39 48
49 42 41
49 44 55
49 46 31
49 47 87
49 48 45
50 41 80
51 30 69
52 0 41
52 1 2
52 2 31
52 3 3
52 4 19
52 5 37
52 7 36
52 8 75
52 10 20
52 11 21
52 14 65
52 15 38
52 16 81
52 17 56
52 18 94
52 20 5
52 22 68
52 23 45
52 28 41
52 34 31
52 37 80
52 38 24
52 39 83
52 40 89
52 41 81
52 45 27
52 46 35
52 47 27
52 48 100
52 49 28
52 50 9
53 4 53
54 0 41
54 1 68
54 2 38
54 3 27
54 4 37
54 5 60
54 6 96
54 7 66
54 8 74
54 9 87
54 10 84
54 11 30
54 14 26
54 15 82
54 16 93
54 17 72
54 18 3
54 19 38
54 20 73
54 22 78
54 23 57
54 24 49
54 25 88
54 26 32
54 27 37
54 28 81
54 29 73
54 30 74
54 32 27
54 34 43
54 36 98
54 37 76
54 38 68
54 39 17
54 40 86
54 44 97
54 46 53
54 47 91
54 48 39
54 49 3
54 52 51
55 50 14
56 0 74
56 1 59
56 2 77
56 3 77
56 4 41
56 5 92
56 6 34
56 7 67
56 8 78
56 10 94
56 11 82
56 14 68
56 15 4
56 16 53
56 17 26
56 18 38
56 19 60
56 20 49
56 22 63
56 23 33
56 24 24
56 25 60
56 26 51
56 27 54
56 28 29
56 29 11
56 30 6
56 31 36
56 32 78
56 33 98
56 34 51
56 36 5
56 37 20
56 38 40
56 39 96
56 40 14
56 41 73
56 42 31
56 45 27
56 46 77
56 47 46
56 48 84
56 49 65
56 52 97
56 54 82
57 0 77
57 1 29
57 2 76
57 3 43
57 4 97
57 5 85
57 7 30
57 8 18
57 9 83
57 10 54
57 11 95
57 14 26
57 15 85
57 16 82
57 20 84
57 22 3
57 23 97
57 24 61
57 25 42
57 26 31
57 28 73
57 32 85
57 34 32
57 36 48
57 37 87
57 38 10
57 39 54
57 42 45
57 46 9
57 47 87
57 48 55
57 49 57
57 52 99
57 54 69
57 56 65
58 18 9
59 0 39
59 1 17
59 2 60
59 3 96
59 4 38
59 5 87
59 6 22
59 7 40
59 8 51
59 9 3
59 10 70
59 11 81
59 14 73
59 15 63
59 16 63
59 17 56
59 18 21
59 19 60
59 20 78
59 22 74
59 23 38
59 24 77
59 25 61
59 26 33
59 27 98
59 28 66
59 29 7
59 30 49
59 32 99
59 34 90
59 37 36
59 38 9
59 39 20
59 40 84
59 41 70
59 42 5
59 44 21
59 46 19
59 47 98
59 48 66
59 49 66
59 50 62
59 51 93
59 52 19
59 54 56
59 55 61
59 56 92
59 57 27
60 3 48
61 0 35
61 6 9
61 34 51
61 47 39
61 48 84
61 54 30
62 0 45
62 1 45
62 2 31
62 3 80
62 4 54
62 7 91
62 8 25
62 10 69
62 11 95
62 14 8
62 16 3
62 17 63
62 20 53
62 24 79
62 26 52
62 28 99
62 29 22
62 33 16
62 34 77
62 37 68
62 39 99
62 46 65
62 47 97
62 48 83
62 49 30
62 52 21
62 54 33
62 56 99
62 57 57
62 59 52
63 2 88
63 25 12
63 47 7
63 54 55
63 56 85
63 57 9
63 59 82
64 0 10
64 1 93
64 2 14
64 3 14
64 4 47
64 5 22
64 6 55
64 7 29
64 8 56
64 9 35
64 10 76
64 11 91
64 13 15
64 14 24
64 16 69
64 17 13
64 18 6
64 19 11
64 20 56
64 23 32
64 24 98
64 25 19
64 26 67
64 27 31
64 28 47
64 30 82
64 34 56
64 36 39
64 37 98
64 38 53
64 39 28
64 40 16
64 41 52
64 44 5
64 46 41
64 47 45
64 48 1
64 49 31
64 52 97
64 54 41
64 56 39
64 57 86
64 58 29
64 59 2
64 61 42
64 62 37
64 63 9
65 49 67
66 64 9
67 0 78
67 23 15
68 33 59
69 55 32
70 54 54
70 63 22
71 0 35
71 1 55
71 2 88
71 3 25
71 4 94
71 5 95
71 6 70
71 7 43
71 8 89
71 9 9
71 10 60
71 11 41
71 14 90
71 15 47
71 16 63
71 17 24
71 18 93
71 19 56
71 20 39
71 22 23
71 23 3
71 24 96
71 25 83
71 26 31
71 28 58
71 29 28
71 30 5
71 31 91
71 33 93
71 34 22
71 36 44
71 37 100
71 38 44
71 39 40
71 42 99
71 46 8
71 47 70
71 48 44
71 49 77
71 52 84
71 53 41
71 54 2
71 56 10
71 57 55
71 59 67
71 61 6
71 62 53
71 63 42
71 64 8
71 65 1
71 70 92
72 28 6
72 40 80
72 46 80
72 47 95
72 49 13
72 56 41
72 59 57
72 63 81
72 64 76
73 34 71
73 59 12
74 47 36
75 0 19
75 1 13
75 2 5
75 3 54
75 4 98
75 5 93
75 6 73
75 7 94
75 8 15
75 10 96
75 11 57
75 12 79
75 13 22
75 14 78
75 15 85
75 16 29
75 17 95
75 18 44
75 19 79
75 20 92
75 22 58
75 23 29
75 24 65
75 25 21
75 26 58
75 28 21
75 30 58
75 32 42
75 34 43
75 37 11
75 38 22
75 39 40
75 40 72
75 45 16
75 46 13
75 47 45
75 48 57
75 49 27
75 51 14
75 52 89
75 54 16
75 56 11
75 57 15
75 59 92
75 62 71
75 63 4
75 64 8
75 66 78
75 70 76
75 71 2
75 72 7
75 73 27
75 74 16
76 0 67
76 1 65
76 2 87
76 3 51
76 4 12
76 5 1
76 6 49
76 7 75
76 8 17
76 9 26
76 10 59
76 11 76
76 12 41
76 13 23
76 14 13
76 15 17
76 16 54
76 17 33
76 18 48
76 19 48
76 20 33
76 22 85
76 23 49
76 24 23
76 25 62
76 26 87
76 27 78
76 28 65
76 29 73
76 30 66
76 31 91
76 32 87
76 33 63
76 34 79
76 36 26
76 37 65
76 38 19
76 39 24
76 40 33
76 41 18
76 44 22
76 45 72
76 46 14
76 47 22
76 48 74
76 49 40
76 50 57
76 52 58
76 54 30
76 56 18
76 57 75
76 59 39
76 61 95
76 62 89
76 63 62
76 64 27
76 71 48
76 75 25
77 2 49
78 0 97
78 1 95
78 2 59
78 3 8
78 4 10
78 5 49
78 6 88
78 7 35
78 8 21
78 9 41
78 10 86
78 11 3
78 12 13
78 14 88
78 15 73
78 16 93
78 17 86
78 18 19
78 19 66
78 20 75
78 22 32
78 23 16
78 24 56
78 25 87
78 26 28
78 27 17
78 28 53
78 29 43
78 30 58
78 32 52
78 33 75
78 34 12
78 36 21
78 37 96
78 38 41
78 39 44
78 40 27
78 43 43
78 44 42
78 45 85
78 46 21
78 47 9
78 48 61
78 49 64
78 50 83
78 52 90
78 53 41
78 54 97
78 55 92
78 56 29
78 57 81
78 58 14
78 59 9
78 60 37
78 61 25
78 62 38
78 64 38
78 71 25
78 72 51
78 75 27
78 76 77
79 1 36
79 2 1
79 8 15
79 10 22
79 13 4
79 16 27
79 28 32
79 56 8
79 57 32
79 59 45
79 64 89
79 66 23
79 71 93
79 72 52
79 75 22
79 76 65
79 78 61
80 14 88
80 16 5
80 17 40
80 24 58
80 46 75
80 63 65
80 64 31
80 75 8
80 76 92
81 38 64
81 49 69
81 65 4
81 76 94
82 0 59
82 1 81
82 2 20
82 3 44
82 4 29
82 5 85
82 6 99
82 7 98
82 8 80
82 9 28
82 10 68
82 11 90
82 12 56
82 13 85
82 14 20
82 15 74
82 16 48
82 17 54
82 18 72
82 19 34
82 20 80
82 22 52
82 23 21
82 24 65
82 25 36
82 26 87
82 28 60
82 29 13
82 30 5
82 31 4
82 32 7
82 34 80
82 36 20
82 37 29
82 38 80
82 39 66
82 40 11
82 44 56
82 45 75
82 46 48
82 47 92
82 48 75
82 49 16
82 52 77
82 53 24
82 54 65
82 56 14
82 57 62
82 59 91
82 61 53
82 62 81
82 63 69
82 64 13
82 65 40
82 70 95
82 71 47
82 72 47
82 75 29
82 76 57
82 78 94
82 79 75
82 80 54
82 81 73
83 6 33
84 0 68
84 1 1
84 2 40
84 3 77
84 4 34
84 5 83
84 6 8
84 7 16
84 8 11
84 9 100
84 10 69
84 11 33
84 13 38
84 14 78
84 15 67
84 16 4
84 17 1
84 18 50
84 19 23
84 20 18
84 21 66
84 22 55
84 23 39
84 24 37
84 25 44
84 26 53
84 27 57
84 28 36
84 29 45
84 30 95
84 33 79
84 34 6
84 35 59
84 37 85
84 38 61
84 39 81
84 40 13
84 41 55
84 44 36
84 45 36
84 46 5
84 47 34
84 48 87
84 49 100
84 50 95
84 52 100
84 54 47
84 56 40
84 57 49
84 58 58
84 59 85
84 62 6
84 63 15
84 64 14
84 65 18
84 71 49
84 72 57
84 75 76
84 76 43
84 77 25
84 78 87
84 79 9
84 80 35
84 82 64
85 0 21
85 1 98
85 2 66
85 3 43
85 4 86
85 5 84
85 7 57
85 8 88
85 9 38
85 10 85
85 11 58
85 14 72
85 15 51
85 16 43
85 17 77
85 18 50
85 19 31
85 20 38
85 22 15
85 23 10
85 24 49
85 25 52
85 27 1
85 28 92
85 29 41
85 30 28
85 31 10
85 32 52
85 33 26
85 34 93
85 37 25
85 38 32
85 39 53
85 40 64
85 41 33
85 44 2
85 46 81
85 47 82
85 48 30
85 49 36
85 52 75
85 53 50
85 54 45
85 56 30
85 57 64
85 59 79
85 62 23
85 63 43
85 64 50
85 65 70
85 70 95
85 71 26
85 74 4
85 75 66
85 76 66
85 78 16
85 79 7
85 80 28
85 81 79
85 82 66
85 84 71
86 0 38
86 1 53
86 2 35
86 3 11
86 4 43
86 5 62
86 6 27
86 7 100
86 8 36
86 9 80
86 11 19
86 12 19
86 13 63
86 14 18
86 15 46
86 16 87
86 17 30
86 18 61
86 19 12
86 20 70
86 22 25
86 23 13
86 24 26
86 26 79
86 27 78
86 28 66
86 29 77
86 30 18
86 32 3
86 34 100
86 37 78
86 38 67
86 39 30
86 40 19
86 41 60
86 42 96
86 43 8
86 44 57
86 45 93
86 46 24
86 47 87
86 48 40
86 49 46
86 50 66
86 52 30
86 54 36
86 56 89
86 57 74
86 59 32
86 61 6
86 62 80
86 63 70
86 64 94
86 70 66
86 71 15
86 74 16
86 75 55
86 76 67
86 78 84
86 79 25
86 80 42
86 82 15
86 83 46
86 84 44
86 85 21
87 0 7
87 1 97
87 2 20
87 3 89
87 4 67
87 5 70
87 6 6
87 7 66
87 8 25
87 9 79
87 10 75
87 11 98
87 12 29
87 13 21
87 14 65
87 16 95
87 17 43
87 18 88
87 19 49
87 20 50
87 22 37
87 23 38
87 24 58
87 25 27
87 26 2
87 27 42
87 28 19
87 29 94
87 30 25
87 31 79
87 32 15
87 34 100
87 37 55
87 38 84
87 39 90
87 40 98
87 41 40
87 42 59
87 43 95
87 44 13
87 46 80
87 47 23
87 48 35
87 49 8
87 52 51
87 53 87
87 54 82
87 56 14
87 57 93
87 58 1
87 59 87
87 62 49
87 63 11
87 64 40
87 65 85
87 70 24
87 71 76
87 72 67
87 75 92
87 76 16
87 78 75
87 79 29
87 80 22
87 81 98
87 82 42
87 84 96
87 85 72
87 86 81
88 69 93
89 3 77
89 78 27
90 47 10
90 74 75
91 0 89
91 1 38
92 0 84
92 1 69
92 2 9
92 3 11
92 4 32
92 5 65
92 6 72
92 7 3
92 8 67
92 9 81
92 10 82
92 11 48
92 12 96
92 14 75
92 15 63
92 16 60
92 17 47
92 18 36
92 19 94
92 20 65
92 22 4
92 23 64
92 24 72
92 25 9
92 26 11
92 28 59
92 29 29
92 30 100
92 31 82
92 32 49
92 34 42
92 37 86
92 38 58
92 39 91
92 40 47
92 41 7
92 42 7
92 44 36
92 45 79
92 46 73
92 47 48
92 48 41
92 49 86
92 52 6
92 54 72
92 56 3
92 57 25
92 58 24
92 59 10
92 61 92
92 62 39
92 63 70
92 64 46
92 66 72
92 70 8
92 71 42
92 72 68
92 73 2
92 74 31
92 75 59
92 76 1
92 78 82
92 79 13
92 80 47
92 81 96
92 82 92
92 84 19
92 85 5
92 86 75
92 87 65
93 34 25
93 59 97
93 73 60
94 0 41
94 37 100
94 43 45
95 5 29
96 0 13
96 1 91
96 2 2
96 3 71
96 4 21
96 5 13
96 6 18
96 7 30
96 8 22
96 9 8
96 10 17
96 11 76
96 12 59
96 13 34
96 14 20
96 15 56
96 16 56
96 17 80
96 18 22
96 19 62
96 20 96
96 22 23
96 23 91
96 24 43
96 25 24
96 26 20
96 27 89
96 28 91
96 29 77
96 32 55
96 34 98
96 37 55
96 38 49
96 39 91
96 40 21
96 41 21
96 42 1
96 44 36
96 45 8
96 46 44
96 47 67
96 49 66
96 50 11
96 52 54
96 54 91
96 55 61
96 56 4
96 57 2
96 59 66
96 62 57
96 63 42
96 64 42
96 66 3
96 69 72
96 71 11
96 74 37
96 75 10
96 76 46
96 78 55
96 80 4
96 82 91
96 84 19
96 85 14
96 86 42
96 87 81
96 90 70
96 92 94
97 0 23
97 1 57
97 2 15
97 3 5
97 4 78
97 5 46
97 6 54
97 7 1
97 8 71
97 10 71
97 11 5
97 12 2
97 13 42
97 14 15
97 15 98
97 16 13
97 17 52
97 18 87
97 19 10
97 20 25
97 21 67
97 22 75
97 23 96
97 24 13
97 25 80
97 26 22
97 27 100
97 28 84
97 29 16
97 30 82
97 32 87
97 33 56
97 34 76
97 35 24
97 36 13
97 37 73
97 38 1
97 39 71
97 40 82
97 41 50
97 42 12
97 43 10
97 44 37
97 46 14
97 47 41
97 48 74
97 49 42
97 52 86
97 54 54
97 56 13
97 57 55
97 59 86
97 61 1
97 62 76
97 63 25
97 64 27
97 66 86
97 70 42
97 71 39
97 72 23
97 75 71
97 76 31
97 78 73
97 79 40
97 80 73
97 82 10
97 84 19
97 85 1
97 86 4
97 87 64
97 91 2
97 92 5
97 93 46
97 94 35
97 96 22
98 20 90
99 0 52
99 1 93
99 2 2
99 3 15
99 4 15
99 6 27
99 7 2
99 8 36
99 9 83
99 10 96
99 11 42
99 14 76
99 15 49
99 16 45
99 17 14
99 18 85
99 19 71
99 20 81
99 22 99
99 23 46
99 24 13
99 25 29
99 26 70
99 27 32
99 28 55
99 29 45
99 30 40
99 31 52
99 32 56
99 33 72
99 34 39
99 36 94
99 37 13
99 38 56
99 39 71
99 40 10
99 41 62
99 44 39
99 46 27
99 47 80
99 48 42
99 49 98
99 51 81
99 52 21
99 54 48
99 56 4
99 57 56
99 59 87
99 61 42
99 62 46
99 63 50
99 64 73
99 68 37
99 71 9
99 74 86
99 75 90
99 76 92
99 78 46
99 79 52
99 82 37
99 84 34
99 85 43
99 86 78
99 87 76
99 89 51
99 92 57
99 94 23
99 96 69
99 97 49
100 15 42
101 29 32
101 42 2
101 71 78
101 84 39
101 92 15
101 96 6
102 0 53
102 1 82
102 2 27
102 3 17
102 4 36
102 5 34
102 6 64
102 7 66
102 8 27
102 9 80
102 10 61
102 11 73
102 14 52
102 15 35
102 16 35
102 17 77
102 18 10
102 19 42
102 20 86
102 22 25
102 23 58
102 24 79
102 25 6
102 26 69
102 27 79
102 28 19
102 29 15
102 30 57
102 31 2
102 32 27
102 33 19
102 34 21
102 36 28
102 37 8
102 38 68
102 39 3
102 40 47
102 41 100
102 42 16
102 43 24
102 44 86
102 45 48
102 46 39
102 47 100
102 48 64
102 49 89
102 50 90
102 51 54
102 52 90
102 53 33
102 54 19
102 56 59
102 57 8
102 59 36
102 61 53
102 62 43
102 63 34
102 64 5
102 65 45
102 70 81
102 71 5
102 72 10
102 75 15
102 76 49
102 78 18
102 79 36
102 80 59
102 81 49
102 82 57
102 84 2
102 85 8
102 86 6
102 87 30
102 92 91
102 94 91
102 96 73
102 97 74
102 99 36
102 101 40
103 0 59
103 1 28
103 2 37
103 3 58
103 4 14
103 5 4
103 6 15
103 7 97
103 8 10
103 10 7
103 11 74
103 12 58
103 13 10
103 14 92
103 15 23
103 16 65
103 17 35
103 18 55
103 19 28
103 20 40
103 21 55
103 22 37
103 23 3
103 24 89
103 25 52
103 26 80
103 27 58
103 28 61
103 29 96
103 30 23
103 32 9
103 33 15
103 34 12
103 35 39
103 37 40
103 38 75
103 39 51
103 40 90
103 41 12
103 42 10
103 43 90
103 45 56
103 46 31
103 47 34
103 48 84
103 49 58
103 51 61
103 52 48
103 54 88
103 56 46
103 57 41
103 59 80
103 61 60
103 62 26
103 63 68
103 64 74
103 65 97
103 66 92
103 71 75
103 72 15
103 73 5
103 75 82
103 76 77
103 78 17
103 79 55
103 80 41
103 81 19
103 82 57
103 83 88
103 84 86
103 85 99
103 86 68
103 87 77
103 89 3
103 92 70
103 93 35
103 94 17
103 96 5
103 97 37
103 99 24
103 101 94
103 102 95
104 0 15
104 1 99
104 2 40
104 3 75
104 4 47
104 5 17
104 6 94
104 7 42
104 8 57
104 10 18
104 11 55
104 12 65
104 14 37
104 16 41
104 17 92
104 18 97
104 19 15
104 20 47
104 22 5
104 23 57
104 24 56
104 25 30
104 26 30
104 28 39
104 29 49
104 30 27
104 32 20
104 34 86
104 36 8
104 37 13
104 38 64
104 39 82
104 40 50
104 41 63
104 42 80
104 44 73
104 46 12
104 47 54
104 48 38
104 49 15
104 51 60
104 54 41
104 56 35
104 57 66
104 58 93
104 59 40
104 61 16
104 62 78
104 63 56
104 64 74
104 70 78
104 71 32
104 75 10
104 76 36
104 78 20
104 82 11
104 84 22
104 85 1
104 86 56
104 87 85
104 92 58
104 96 52
104 97 3
104 99 34
104 101 74
104 102 5
104 103 80
105 0 42
105 1 6
105 2 10
105 3 29
105 4 98
105 5 78
105 6 94
105 7 39
105 8 81
105 9 82
105 10 100
105 11 39
105 12 58
105 13 47
105 14 100
105 15 100
105 16 41
105 17 49
105 18 13
105 19 36
105 20 22
105 22 4
105 23 84
105 24 31
105 25 97
105 26 9
105 27 51
105 28 80
105 29 93
105 30 45
105 32 35
105 33 26
105 34 15
105 36 100
105 37 3
105 38 98
105 39 74
105 40 34
105 41 47
105 42 49
105 43 67
105 44 63
105 45 68
105 46 78
105 47 14
105 48 54
105 49 24
105 50 30
105 51 25
105 52 8
105 53 72
105 54 77
105 55 78
105 56 10
105 57 75
105 59 95
105 61 64
105 62 67
105 63 4
105 64 20
105 65 15
105 66 87
105 70 36
105 71 31
105 72 49
105 73 73
105 74 44
105 75 2
105 76 50
105 78 16
105 79 49
105 80 4
105 81 62
105 82 97
105 84 44
105 85 91
105 86 20
105 87 78
105 89 96
105 90 86
105 92 63
105 93 25
105 96 87
105 97 9
105 99 14
105 100 72
105 101 35
105 102 16
105 103 64
105 104 10
106 0 40
106 1 98
106 2 21
106 3 74
106 4 1
106 5 62
106 6 54
106 7 67
106 8 8
106 9 33
106 10 48
106 11 43
106 12 18
106 13 51
106 14 5
106 15 59
106 16 41
106 17 77
106 18 84
106 19 34
106 20 29
106 21 65
106 22 18
106 23 69
106 24 23
106 25 80
106 26 92
106 27 3
106 28 22
106 29 65
106 30 12
106 31 88
106 32 45
106 33 98
106 34 67
106 36 47
106 37 96
106 38 7
106 39 90
106 40 52
106 42 13
106 43 62
106 44 2
106 45 88
106 46 87
106 47 21
106 48 17
106 49 69
106 51 74
106 52 67
106 53 53
106 54 66
106 56 48
106 57 57
106 59 84
106 60 58
106 61 55
106 62 55
106 63 46
106 64 32
106 65 63
106 66 29
106 70 61
106 71 45
106 72 65
106 74 41
106 75 58
106 76 45
106 78 5
106 79 56
106 80 93
106 81 28
106 82 69
106 84 58
106 85 3
106 86 22
106 87 38
106 89 20
106 91 40
106 92 41
106 94 23
106 96 81
106 97 74
106 99 80
106 100 99
106 101 43
106 102 31
106 103 68
106 104 39
106 105 6
107 92 70
108 0 23
109 0 24
109 1 86
109 2 100
109 3 22
109 4 79
109 5 77
109 6 77
109 7 59
109 8 57
109 9 17
109 10 78
109 11 69
109 12 30
109 14 67
109 15 14
109 16 15
109 17 28
109 18 40
109 19 71
109 20 79
109 23 93
109 24 81
109 25 11
109 26 99
109 27 64
109 28 98
109 29 27
109 30 15
109 31 26
109 32 49
109 33 41
109 34 50
109 36 87
109 37 35
109 38 45
109 39 99
109 40 23
109 41 91
109 43 61
109 44 95
109 45 39
109 46 72
109 47 27
109 48 72
109 49 22
109 50 81
109 51 54
109 52 54
109 54 32
109 55 8
109 56 82
109 57 68
109 59 66
109 61 44
109 62 32
109 63 75
109 64 35
109 65 93
109 67 87
109 69 62
109 70 74
109 71 23
109 72 34
109 75 48
109 76 55
109 78 25
109 80 6
109 82 18
109 84 99
109 85 12
109 86 83
109 87 39
109 88 87
109 92 54
109 94 4
109 95 85
109 96 27
109 97 97
109 98 91
109 99 91
109 102 36
109 103 76
109 104 13
109 105 14
109 106 63
110 0 69
110 1 24
110 2 95
110 3 52
110 4 19
110 5 72
110 6 97
110 7 21
110 8 22
110 9 12
110 10 59
110 11 86
110 12 21
110 13 21
110 14 71
110 15 17
110 16 58
110 17 34
110 18 44
110 19 73
110 20 20
110 21 77
110 22 3
110 23 11
110 24 98
110 25 20
110 26 5
110 27 87
110 28 52
110 29 30
110 30 61
110 31 67
110 32 82
110 33 88
110 34 53
110 36 86
110 37 26
110 38 48
110 39 20
110 40 63
110 41 43
110 42 23
110 43 2
110 44 23
110 45 6
110 46 49
110 47 99
110 48 23
110 49 21
110 50 45
110 51 40
110 52 9
110 53 20
110 54 81
110 55 22
110 56 45
110 57 44
110 58 34
110 59 85
110 61 56
110 62 79
110 63 68
110 64 54
110 65 6
110 66 52
110 67 41
110 69 87
110 70 58
110 71 10
110 72 6
110 74 57
110 75 61
110 76 49
110 77 94
110 78 84
110 79 98
110 80 54
110 82 10
110 84 42
110 85 42
110 86 4
110 87 75
110 88 79
110 89 96
110 92 6
110 94 45
110 96 9
110 97 52
110 99 71
110 100 98
110 101 22
110 102 72
110 103 72
110 104 59
110 105 35
110 106 9
110 107 28
110 109 93
111 0 39
111 1 82
111 2 19
111 3 63
111 4 42
111 5 52
111 6 52
111 7 9
111 8 69
111 10 75
111 11 54
111 12 8
111 13 8
111 14 80
111 15 42
111 16 100
111 17 17
111 18 14
111 19 32
111 20 82
111 21 76
111 22 86
111 23 66
111 24 94
111 25 57
111 27 4
111 28 79
111 29 90
111 30 79
111 31 8
111 32 87
111 33 53
111 34 77
111 35 75
111 36 17
111 37 31
111 38 70
111 39 71
111 40 42
111 41 85
111 42 54
111 43 54
111 46 61
111 47 97
111 48 97
111 49 18
111 50 13
111 51 25
111 52 55
111 54 32
111 55 5
111 56 22
111 57 13
111 58 89
111 59 34
111 61 29
111 62 43
111 63 87
111 64 19
111 65 7
111 66 36
111 70 36
111 71 92
111 72 28
111 73 36
111 75 14
111 76 12
111 77 33
111 78 63
111 79 39
111 80 67
111 81 30
111 82 28
111 84 72
111 85 20
111 86 31
111 87 78
111 89 20
111 92 100
111 93 66
111 94 88
111 96 71
111 97 4
111 99 93
111 100 50
111 101 69
111 102 87
111 103 48
111 104 11
111 105 54
111 106 48
111 109 96
111 110 24
112 50 91
113 0 53
113 1 44
113 2 33
113 3 63
113 4 73
113 5 47
113 6 7
113 7 25
113 8 66
113 9 38
113 10 99
113 11 47
113 12 34
113 13 20
113 14 23
113 15 11
113 16 15
113 17 39
113 18 35
113 19 95
113 20 79
113 22 95
113 23 13
113 24 16
113 25 43
113 26 94
113 27 18
113 28 7
113 29 8
113 30 86
113 31 24
113 32 34
113 33 71
113 34 34
113 36 14
113 37 64
113 38 96
113 39 33
113 40 76
113 41 39
113 42 14
113 44 66
113 45 44
113 46 43
113 47 68
113 48 70
113 49 6
113 50 23
113 51 25
113 52 83
113 54 44
113 56 41
113 57 42
113 58 28
113 59 21
113 60 64
113 61 33
113 62 100
113 63 2
113 64 30
113 65 61
113 66 78
113 68 7
113 70 32
113 71 96
113 72 52
113 75 46
113 76 94
113 78 29
113 79 16
113 80 58
113 81 40
113 82 94
113 84 88
113 85 66
113 86 17
113 87 86
113 92 5
113 96 30
113 97 26
113 99 91
113 100 97
113 101 36
113 102 36
113 103 49
113 104 81
113 105 41
113 106 42
113 109 85
113 110 78
113 111 98
113 112 68
114 0 49
114 1 9
114 2 95
114 3 31
114 4 19
114 5 13
114 6 51
114 7 93
114 8 74
114 9 5
114 10 97
114 11 68
114 12 14
114 13 39
114 14 81
114 15 65
114 16 31
114 17 43
114 18 10
114 19 13
114 20 17
114 21 64
114 22 67
114 23 63
114 24 79
114 25 1
114 26 42
114 28 43
114 29 80
114 30 26
114 31 27
114 32 42
114 33 11
114 34 26
114 35 32
114 36 52
114 37 66
114 38 73
114 39 61
114 40 70
114 41 55
114 42 28
114 44 46
114 46 76
114 47 76
114 48 56
114 49 62
114 50 28
114 51 7
114 52 60
114 53 64
114 54 69
114 56 73
114 57 61
114 58 79
114 59 68
114 62 53
114 63 69
114 64 35
114 65 77
114 67 6
114 68 46
114 71 9
114 72 82
114 73 37
114 75 61
114 76 6
114 78 42
114 79 65
114 81 72
114 82 85
114 84 56
114 85 32
114 86 41
114 87 39
114 92 37
114 94 94
114 96 76
114 97 12
114 99 75
114 101 46
114 102 30
114 103 28
114 104 80
114 105 16
114 106 43
114 109 4
114 110 65
114 111 86
114 113 85
115 0 52
115 1 76
115 2 41
115 3 100
115 4 65
115 5 66
115 7 75
115 8 37
115 9 79
115 10 54
115 11 80
115 14 43
115 15 31
115 16 56
115 17 85
115 18 17
115 19 31
115 20 78
115 22 60
115 23 23
115 24 8
115 25 64
115 26 60
115 27 94
115 28 13
115 29 97
115 30 16
115 33 87
115 34 82
115 36 7
115 37 16
115 38 25
115 39 33
115 44 27
115 45 50
115 46 81
115 47 54
115 48 65
115 49 69
115 51 35
115 52 15
115 54 8
115 55 3
115 56 21
115 57 91
115 59 56
115 60 17
115 62 51
115 63 21
115 64 72
115 65 2
115 69 73
115 71 83
115 74 25
115 75 17
115 76 34
115 78 2
115 84 10
115 85 62
115 86 38
115 87 83
115 89 55
115 92 92
115 96 24
115 97 19
115 99 78
115 101 77
115 102 25
115 103 44
115 104 57
115 105 23
115 106 30
115 109 28
115 110 54
115 111 37
115 113 79
115 114 65
116 3 75
116 8 95
116 15 7
116 16 77
116 82 100
116 89 76
116 92 84
117 37 79
118 0 52
118 1 77
118 2 77
118 3 66
118 4 5
118 5 54
118 6 5
118 7 54
118 8 90
118 9 8
118 10 7
118 11 23
118 12 29
118 13 90
118 14 99
118 15 89
118 16 60
118 17 81
118 18 45
118 19 86
118 20 91
118 22 40
118 23 8
118 24 72
118 25 13
118 26 10
118 27 46
118 28 87
118 29 67
118 30 85
118 32 40
118 33 38
118 34 39
118 36 96
118 37 93
118 38 29
118 39 35
118 40 47
118 41 63
118 42 83
118 43 5
118 44 8
118 45 6
118 46 48
118 47 27
118 48 35
118 49 100
118 50 26
118 52 64
118 54 29
118 55 38
118 56 91
118 57 2
118 58 48
118 59 44
118 61 27
118 62 60
118 63 47
118 64 16
118 65 69
118 68 29
118 71 44
118 72 61
118 75 49
118 76 66
118 78 12
118 79 10
118 80 96
118 81 97
118 82 76
118 83 49
118 84 48
118 85 78
118 86 8
118 87 63
118 88 55
118 89 23
118 92 65
118 94 99
118 96 46
118 97 98
118 99 3
118 101 55
118 102 92
118 103 26
118 104 88
118 105 7
118 106 42
118 109 88
118 110 79
118 111 71
118 113 11
118 114 17
118 115 91
118 116 72
119 111 1
120 34 58
120 42 4
121 56 73
121 84 87
122 90 21
122 96 60
123 21 89
124 64 18
124 66 1
125 0 81
125 3 74
125 14 46
125 16 70
125 23 98
125 24 73
125 26 92
125 32 15
125 38 66
125 76 23
126 0 5
126 1 40
126 2 47
126 3 24
126 4 71
126 5 1
126 6 86
126 7 46
126 8 50
126 9 38
126 10 97
126 11 85
126 12 63
126 13 37
126 14 67
126 15 91
126 16 12
126 17 28
126 18 22
126 19 4
126 20 36
126 22 8
126 23 87
126 24 75
126 25 29
126 26 26
126 27 98
126 28 70
126 29 7
126 30 20
126 31 13
126 32 38
126 33 27
126 34 13
126 36 81
126 37 31
126 38 33
126 39 86
126 40 2
126 41 61
126 42 18
126 43 62
126 44 14
126 45 45
126 46 51
126 47 37
126 48 14
126 49 70
126 50 55
126 51 67
126 52 52
126 53 24
126 54 48
126 56 20
126 57 3
126 58 96
126 59 28
126 61 52
126 62 80
126 63 2
126 64 43
126 65 39
126 67 71
126 70 87
126 71 71
126 72 56
126 73 53
126 74 38
126 75 48
126 76 10
126 77 9
126 78 1
126 79 98
126 80 15
126 81 65
126 82 4
126 83 13
126 84 64
126 85 33
126 86 90
126 87 48
126 89 96
126 90 34
126 92 16
126 93 94
126 94 93
126 96 26
126 97 13
126 99 67
126 101 56
126 102 92
126 103 48
126 104 40
126 105 35
126 106 44
126 109 81
126 110 22
126 111 25
126 113 12
126 114 49
126 115 82
126 118 10
126 125 62
127 34 64
128 120 11
129 0 1
129 1 27
129 2 8
129 3 85
129 4 3
129 5 37
129 6 36
129 7 15
129 8 32
129 9 18
129 10 42
129 11 36
129 12 83
129 13 45
129 14 80
129 15 86
129 16 78
129 17 48
129 18 31
129 19 7
129 20 20
129 22 52
129 23 73
129 24 3
129 25 8
129 26 47
129 27 81
129 28 3
129 29 1
129 30 98
129 31 94
129 32 95
129 34 94
129 36 10
129 37 6
129 38 15
129 39 97
129 40 93
129 41 80
129 42 46
129 43 57
129 44 44
129 45 68
129 46 90
129 47 80
129 48 2
129 49 74
129 50 87
129 51 14
129 52 44
129 54 19
129 55 65
129 56 66
129 57 88
129 58 53
129 59 33
129 61 20
129 62 3
129 63 94
129 64 33
129 66 69
129 69 33
129 70 14
129 71 34
129 72 61
129 74 83
129 75 24
129 76 81
129 78 75
129 79 16
129 81 22
129 82 41
129 84 34
129 85 5
129 86 13
129 87 57
129 88 75
129 92 42
129 94 16
129 96 32
129 97 2
129 99 23
129 101 87
129 102 56
129 103 87
129 104 68
129 105 6
129 106 55
129 108 2
129 109 63
129 110 87
129 111 91
129 113 22
129 114 31
129 115 28
129 116 84
129 118 70
129 122 64
129 124 72
129 126 94
130 127 38
131 99 58
132 84 66
133 119 78
134 108 11
135 37 36
135 71 55
135 101 12
135 117 51
136 101 80
136 114 16
137 0 77
137 1 74
137 2 5
137 3 80
137 4 56
137 5 4
137 6 99
137 7 14
137 8 49
137 9 66
137 10 65
137 11 79
137 12 32
137 14 74
137 15 54
137 16 3
137 17 2
137 18 14
137 19 94
137 20 26
137 21 9
137 22 68
137 23 55
137 24 7
137 25 80
137 26 13
137 27 27
137 28 43
137 29 65
137 30 62
137 31 35
137 32 41
137 33 53
137 34 2
137 35 85
137 36 58
137 37 32
137 38 92
137 39 83
137 40 73
137 41 48
137 42 22
137 43 61
137 44 64
137 45 62
137 46 67
137 47 73
137 48 87
137 49 28
137 50 76
137 51 75
137 52 3
137 53 63
137 54 65
137 56 83
137 57 94
137 58 72
137 59 22
137 60 93
137 61 31
137 62 100
137 63 78
137 64 15
137 66 45
137 71 10
137 72 20
137 75 87
137 76 19
137 78 87
137 79 95
137 80 83
137 82 38
137 83 94
137 84 34
137 85 6
137 86 74
137 87 95
137 89 9
137 92 30
137 94 38
137 96 34
137 97 83
137 99 49
137 102 12
137 103 95
137 104 46
137 105 66
137 106 41
137 107 16
137 109 78
137 110 60
137 111 80
137 113 88
137 114 100
137 115 72
137 116 63
137 118 45
137 120 99
137 125 78
137 126 9
137 129 24
138 86 11
139 0 41
139 1 46
139 2 68
139 3 70
139 4 41
139 5 56
139 6 100
139 7 47
139 8 63
139 9 74
139 10 18
139 11 38
139 12 42
139 13 60
139 14 1
139 15 9
139 16 40
139 17 64
139 18 32
139 19 73
139 20 80
139 21 33
139 22 38
139 23 45
139 24 31
139 25 37
139 26 41
139 27 50
139 28 79
139 29 11
139 30 92
139 31 27
139 32 96
139 33 44
139 34 10
139 35 39
139 36 81
139 37 65
139 38 89
139 39 14
139 40 81
139 41 2
139 42 66
139 44 76
139 45 78
139 46 72
139 47 34
139 48 28
139 49 63
139 50 7
139 51 94
139 52 7
139 54 76
139 56 18
139 57 63
139 58 15
139 59 66
139 61 81
139 62 37
139 63 7
139 64 80
139 68 82
139 71 1
139 72 54
139 74 30
139 75 11
139 76 76
139 78 2
139 79 96
139 80 61
139 82 17
139 83 77
139 84 9
139 85 39
139 86 93
139 87 37
139 89 25
139 90 35
139 92 31
139 94 59
139 96 34
139 97 79
139 99 92
139 101 96
139 102 18
139 103 69
139 104 46
139 105 72
139 106 36
139 109 73
139 110 47
139 111 13
139 113 55
139 114 66
139 115 57
139 116 64
139 117 69
139 118 76
139 120 57
139 123 78
139 125 37
139 126 78
139 128 18
139 129 69
139 135 46
139 136 32
139 137 38
140 0 63
140 1 67
140 2 6
140 3 100
140 4 72
140 5 70
140 6 59
140 7 59
140 8 49
140 9 8
140 10 4
140 11 100
140 12 6
140 14 63
140 15 53
140 16 65
140 17 14
140 18 59
140 19 32
140 20 97
140 22 40
140 23 51
140 24 8
140 25 6
140 26 85
140 27 7
140 28 83
140 29 24
140 30 87
140 31 44
140 32 1
140 33 5
140 34 64
140 36 69
140 37 70
140 38 81
140 39 88
140 40 20
140 41 84
140 43 23
140 44 38
140 45 30
140 46 73
140 47 34
140 48 26
140 49 46
140 50 77
140 51 85
140 52 82
140 53 59
140 54 28
140 55 50
140 56 92
140 57 6
140 58 56
140 59 52
140 61 8
140 62 66
140 63 56
140 64 38
140 65 6
140 68 5
140 70 55
140 71 75
140 72 92
140 73 67
140 74 87
140 75 15
140 76 13
140 78 40
140 79 60
140 80 99
140 81 24
140 82 33
140 84 56
140 85 93
140 86 30
140 87 21
140 90 40
140 92 49
140 93 3
140 94 43
140 96 1
140 97 29
140 99 94
140 101 37
140 102 41
140 103 2
140 104 25
140 105 83
140 106 25
140 107 2
140 109 15
140 110 74
140 111 3
140 113 58
140 114 24
140 115 94
140 117 83
140 118 3
140 122 34
140 125 52
140 126 94
140 129 58
140 135 17
140 136 67
140 137 11
140 139 70
141 0 13
141 1 28
141 2 97
141 3 41
141 4 66
141 5 16
141 6 61
141 7 23
141 8 52
141 9 50
141 10 95
141 11 67
141 12 78
141 13 37
141 14 78
141 15 83
141 16 30
141 17 63
141 18 29
141 19 32
141 20 59
141 22 38
141 23 46
141 24 37
141 25 72
141 26 1
141 27 9
141 28 65
141 29 78
141 30 44
141 31 13
141 32 72
141 33 39
141 34 60
141 36 15
141 37 91
141 38 81
141 39 89
141 40 99
141 41 32
141 42 3
141 43 40
141 44 33
141 45 92
141 46 65
141 47 39
141 48 23
141 49 42
141 50 77
141 51 39
141 52 77
141 53 96
141 54 1
141 55 96
141 56 56
141 57 57
141 58 92
141 59 41
141 60 84
141 61 9
141 62 44
141 63 24
141 64 82
141 65 89
141 70 91
141 71 84
141 72 16
141 73 61
141 74 15
141 75 21
141 76 63
141 78 41
141 79 40
141 80 72
141 81 61
141 82 92
141 83 2
141 84 48
141 85 9
141 86 80
141 87 98
141 89 97
141 90 58
141 92 63
141 94 88
141 96 79
141 97 8
141 99 65
141 101 91
141 102 78
141 103 21
141 104 26
141 105 6
141 106 82
141 109 41
141 110 57
141 111 90
141 113 61
141 114 97
141 115 10
141 118 65
141 121 22
141 122 54
141 124 56
141 125 20
141 126 42
141 129 30
141 135 35
141 137 61
141 139 62
141 140 75
142 56 56
143 0 50
143 1 30
143 2 53
143 3 38
143 4 42
143 5 87
143 6 1
143 7 79
143 8 80
143 9 27
143 10 29
143 11 63
143 12 37
143 13 9
143 14 63
143 15 37
143 16 81
143 17 91
143 18 29
143 19 48
143 20 66
143 22 10
143 23 29
143 24 16
143 25 16
143 26 85
143 27 60
143 28 96
143 29 16
143 30 3
143 31 100
143 32 55
143 33 68
143 34 56
143 36 22
143 37 60
143 38 43
143 39 4
143 40 70
143 41 30
143 42 71
143 43 45
143 44 3
143 45 7
143 46 23
143 47 49
143 48 65
143 49 80
143 50 58
143 51 14
143 52 79
143 53 61
143 54 93
143 55 75
143 56 96
143 57 81
143 58 84
143 59 41
143 60 7
143 61 11
143 62 85
143 63 86
143 64 56
143 65 19
143 69 17
143 70 57
143 71 9
143 72 33
143 73 75
143 74 29
143 75 43
143 76 58
143 78 61
143 79 13
143 80 62
143 81 3
143 82 59
143 83 78
143 84 13
143 85 74
143 86 17
143 87 14
143 88 28
143 89 86
143 90 80
143 92 10
143 93 95
143 94 19
143 96 47
143 97 52
143 99 91
143 100 22
143 101 7
143 102 7
143 103 100
143 104 62
143 105 38
143 106 63
143 109 50
143 110 100
143 111 100
143 112 69
143 113 29
143 114 18
143 115 21
143 116 56
143 118 23
143 119 8
143 120 76
143 122 81
143 125 12
143 126 53
143 128 17
143 129 96
143 133 7
143 137 39
143 139 51
143 140 14
143 141 48
144 32 70
144 120 3
144 128 16
144 139 85
145 0 29
145 1 73
145 2 47
145 3 40
145 4 3
145 5 69
145 6 98
145 7 52
145 8 41
145 9 25
145 10 27
145 11 90
145 12 49
145 13 19
145 14 38
145 15 73
145 16 25
145 17 38
145 18 57
145 19 55
145 20 36
145 21 31
145 22 28
145 23 4
145 24 87
145 25 69
145 26 82
145 27 32
145 28 36
145 29 1
145 30 56
145 31 2
145 32 88
145 33 65
145 34 85
145 36 19
145 37 89
145 38 25
145 39 65
145 40 46
145 41 55
145 42 8
145 44 44
145 45 16
145 46 90
145 47 95
145 48 99
145 49 77
145 50 10
145 51 17
145 52 22
145 54 78
145 56 54
145 57 79
145 58 77
145 59 15
145 61 78
145 62 20
145 63 7
145 64 65
145 65 61
145 68 25
145 70 75
145 71 59
145 72 7
145 75 94
145 76 85
145 78 37
145 79 83
145 80 97
145 81 62
145 82 25
145 83 83
145 84 50
145 85 38
145 86 29
145 87 67
145 92 83
145 94 41
145 96 63
145 97 80
145 99 64
145 101 76
145 102 71
145 103 75
145 104 27
145 105 31
145 106 26
145 109 12
145 110 52
145 111 22
145 112 8
145 113 93
145 114 24
145 115 62
145 116 80
145 118 60
145 120 30
145 121 43
145 126 61
145 128 95
145 129 20
145 137 40
145 139 39
145 140 2
145 141 91
145 143 7
145 144 37
146 0 68
146 1 64
146 2 67
146 3 95
146 4 91
146 5 98
146 6 56
146 7 37
146 8 52
146 9 3
146 10 59
146 11 72
146 12 5
146 13 32
146 14 30
146 15 7
146 16 73
146 17 25
146 18 44
146 19 73
146 20 58
146 21 9
146 22 24
146 23 56
146 24 14
146 25 82
146 26 35
146 27 8
146 28 70
146 29 22
146 30 8
146 31 48
146 32 61
146 33 2
146 34 85
146 36 10
146 37 92
146 38 71
146 39 21
146 40 90
146 41 55
146 42 55
146 44 3
146 45 19
146 46 66
146 47 53
146 48 84
146 49 9
146 50 27
146 51 21
146 52 28
146 54 44
146 55 77
146 56 5
146 57 32
146 59 90
146 60 17
146 61 9
146 62 1
146 63 49
146 64 15
146 65 11
146 66 94
146 68 15
146 69 11
146 70 9
146 71 79
146 72 88
146 75 16
146 76 25
146 78 68
146 79 54
146 80 6
146 81 88
146 82 64
146 84 20
146 85 10
146 86 3
146 87 75
146 88 2
146 89 14
146 91 22
146 92 58
146 94 95
146 96 61
146 97 16
146 99 91
146 101 11
146 102 58
146 103 81
146 104 5
146 105 6
146 106 34
146 108 93
146 109 67
146 110 4
146 111 63
146 113 52
146 114 11
146 115 10
146 118 28
146 121 18
146 126 4
146 129 72
146 137 49
146 139 96
146 140 23
146 141 60
146 143 64
146 145 67
147 20 88
147 98 100
148 0 33
148 1 44
148 2 94
148 3 88
148 4 43
148 5 68
148 6 26
148 7 80
148 8 17
148 9 74
148 10 70
148 11 61
148 13 54
148 14 39
148 15 20
148 16 71
148 17 54
148 18 67
148 19 15
148 20 77
148 22 52
148 23 38
148 24 80
148 25 38
148 26 91
148 27 63
148 28 52
148 29 33
148 30 99
148 31 88
148 32 80
148 33 29
148 34 99
148 36 38
148 37 52
148 38 16
148 39 14
148 40 41
148 41 18
148 42 65
148 45 68
148 46 65
148 47 44
148 48 83
148 49 96
148 50 42
148 52 85
148 53 70
148 54 32
148 56 4
148 57 14
148 59 33
148 62 91
148 63 35
148 64 36
148 65 9
148 66 9
148 70 28
148 71 56
148 72 45
148 73 85
148 74 11
148 75 54
148 76 23
148 78 90
148 79 55
148 80 25
148 81 82
148 82 85
148 83 10
148 84 42
148 85 75
148 86 4
148 87 9
148 89 74
148 90 84
148 92 56
148 96 76
148 97 92
148 99 9
148 102 22
148 103 42
148 104 16
148 105 17
148 106 89
148 109 84
148 110 51
148 111 74
148 113 74
148 114 20
148 115 58
148 116 52
148 118 24
148 120 56
148 121 80
148 122 48
148 126 83
148 129 78
148 136 12
148 137 92
148 139 12
148 140 74
148 141 54
148 142 99
148 143 72
148 144 6
148 145 59
148 146 74
149 0 7
149 1 66
149 2 97
149 3 38
149 4 12
149 5 45
149 6 68
149 7 70
149 8 57
149 9 28
149 10 79
149 11 54
149 12 42
149 13 51
149 14 98
149 15 70
149 16 74
149 17 62
149 18 64
149 19 50
149 20 87
149 21 31
149 22 4
149 23 69
149 24 59
149 25 16
149 26 71
149 27 82
149 28 92
149 29 99
149 30 92
149 31 74
149 32 4
149 33 42
149 34 86
149 36 72
149 37 36
149 38 43
149 39 43
149 40 25
149 41 1
149 42 9
149 43 41
149 44 8
149 45 99
149 46 32
149 47 57
149 48 8
149 49 91
149 50 12
149 52 89
149 53 20
149 54 57
149 55 19
149 56 91
149 57 39
149 59 25
149 61 73
149 62 92
149 63 56
149 64 15
149 65 89
149 67 95
149 69 93
149 70 43
149 71 68
149 72 15
149 73 21
149 74 95
149 75 82
149 76 63
149 78 17
149 79 56
149 80 9
149 81 71
149 82 36
149 83 8
149 84 33
149 85 74
149 86 16
149 87 35
149 88 55
149 89 42
149 92 11
149 93 61
149 94 45
149 96 79
149 97 75
149 99 14
149 101 30
149 102 65
149 103 59
149 104 29
149 105 33
149 106 83
149 108 45
149 109 86
149 110 59
149 111 14
149 113 67
149 114 24
149 115 13
149 116 55
149 118 23
149 119 92
149 120 58
149 125 23
149 126 56
149 129 45
149 132 25
149 133 63
149 137 97
149 139 80
149 140 76
149 141 37
149 143 57
149 145 14
149 146 13
149 148 52
150 124 51
151 0 7
151 1 15
151 2 8
151 3 23
151 4 9
151 5 14
151 6 9
151 7 10
151 8 93
151 9 84
151 10 31
151 11 38
151 12 4
151 13 50
151 14 24
151 15 27
151 16 49
151 17 59
151 18 82
151 19 30
151 20 47
151 22 6
151 23 33
151 24 87
151 25 41
151 26 85
151 27 92
151 28 19
151 29 91
151 30 79
151 31 18
151 32 87
151 33 42
151 34 78
151 36 79
151 37 96
151 38 13
151 39 50
151 40 14
151 41 50
151 42 25
151 44 49
151 45 50
151 46 43
151 47 55
151 48 74
151 49 76
151 50 89
151 52 95
151 53 19
151 54 78
151 56 30
151 57 75
151 59 87
151 60 65
151 62 12
151 63 50
151 64 72
151 65 52
151 69 82
151 70 61
151 71 94
151 72 100
151 75 67
151 76 62
151 78 62
151 79 90
151 80 30
151 82 45
151 83 32
151 84 85
151 85 59
151 86 77
151 87 8
151 88 65
151 90 47
151 92 40
151 95 16
151 96 97
151 97 31
151 99 3
151 100 1
151 101 31
151 102 81
151 103 16
151 104 57
151 105 78
151 106 13
151 108 79
151 109 35
151 110 69
151 111 25
151 113 63
151 114 46
151 115 12
151 116 70
151 117 97
151 118 34
151 122 50
151 125 63
151 126 22
151 129 90
151 135 47
151 137 100
151 139 56
151 140 47
151 141 75
151 143 17
151 144 59
151 145 34
151 146 72
151 148 56
151 149 32
152 0 22
152 1 58
152 2 64
152 3 99
152 4 55
152 5 12
152 6 83
152 7 59
152 8 6
152 9 58
152 10 90
152 11 10
152 12 2
152 13 50
152 14 2
152 15 29
152 16 8
152 17 56
152 18 84
152 19 48
152 20 81
152 22 14
152 23 72
152 24 13
152 25 48
152 26 84
152 27 10
152 28 96
152 29 27
152 30 31
152 31 56
152 32 86
152 33 71
152 34 23
152 36 18
152 37 16
152 38 2
152 39 40
152 40 70
152 41 20
152 42 15
152 43 72
152 44 28
152 45 34
152 46 46
152 47 47
152 48 31
152 49 96
152 50 42
152 51 67
152 52 96
152 54 51
152 56 32
152 57 43
152 59 76
152 62 100
152 63 87
152 64 33
152 65 2
152 68 7
152 71 91
152 72 87
152 74 87
152 75 60
152 76 74
152 78 93
152 79 67
152 80 4
152 81 24
152 82 17
152 84 56
152 85 85
152 86 78
152 87 14
152 89 61
152 92 90
152 96 14
152 97 13
152 99 20
152 101 76
152 102 9
152 103 24
152 104 71
152 105 56
152 106 6
152 109 48
152 110 82
152 111 7
152 113 71
152 114 31
152 115 12
152 117 35
152 118 59
152 121 98
152 125 67
152 126 18
152 129 79
152 135 44
152 136 100
152 137 85
152 139 48
152 140 37
152 141 23
152 142 91
152 143 18
152 145 64
152 146 17
152 148 64
152 149 97
152 151 45
153 8 93
153 151 61
154 0 80
154 1 63
154 2 70
154 3 99
154 4 93
154 5 6
154 6 74
154 7 72
154 8 37
154 9 69
154 10 85
154 11 60
154 12 70
154 13 60
154 14 75
154 15 68
154 16 63
154 17 78
154 18 97
154 19 82
154 20 26
154 21 42
154 22 52
154 23 30
154 24 60
154 25 62
154 26 66
154 27 69
154 28 92
154 29 18
154 30 79
154 31 80
154 32 57
154 33 88
154 34 74
154 35 16
154 36 8
154 37 91
154 38 20
154 39 19
154 40 98
154 41 25
154 42 39
154 43 47
154 44 48
154 45 7
154 46 22
154 47 61
154 48 69
154 49 34
154 50 33
154 51 98
154 52 20
154 53 13
154 54 22
154 55 33
154 56 9
154 57 49
154 58 66
154 59 47
154 61 38
154 62 95
154 63 93
154 64 62
154 65 55
154 66 99
154 69 79
154 70 27
154 71 3
154 72 46
154 73 77
154 74 21
154 75 48
154 76 61
154 77 43
154 78 19
154 79 45
154 80 83
154 81 99
154 82 25
154 83 19
154 84 47
154 85 89
154 86 64
154 87 60
154 88 17
154 89 99
154 92 95
154 93 2
154 94 80
154 95 92
154 96 33
154 97 28
154 99 22
154 100 48
154 101 60
154 102 92
154 103 11
154 104 42
154 105 85
154 106 98
154 107 64
154 109 80
154 110 98
154 111 37
154 112 32
154 113 10
154 114 34
154 115 41
154 116 63
154 117 99
154 118 22
154 123 75
154 125 87
154 126 71
154 129 1
154 135 12
154 136 12
154 137 86
154 139 66
154 140 30
154 141 10
154 143 26
154 145 29
154 146 23
154 148 55
154 149 46
154 151 54
154 152 11
154 153 44
155 0 71
155 1 95
155 2 5
155 3 44
155 4 81
155 5 49
155 6 59
155 7 95
155 8 87
155 9 99
155 10 93
155 11 46
155 12 69
155 13 44
155 14 48
155 15 56
155 16 22
155 17 41
155 18 86
155 19 34
155 20 30
155 21 60
155 22 26
155 23 42
155 24 41
155 25 7
155 26 16
155 28 18
155 29 48
155 30 20
155 31 64
155 32 5
155 33 62
155 34 9
155 35 27
155 37 38
155 38 51
155 39 12
155 40 56
155 41 14
155 42 66
155 43 30
155 45 39
155 46 96
155 47 18
155 48 60
155 49 45
155 50 50
155 52 28
155 53 15
155 54 10
155 56 12
155 57 34
155 58 100
155 59 2
155 62 10
155 63 33
155 64 60
155 65 56
155 66 73
155 68 87
155 71 11
155 72 72
155 74 5
155 75 81
155 76 31
155 78 49
155 79 11
155 80 69
155 81 48
155 82 24
155 84 25
155 85 73
155 86 93
155 87 65
155 90 37
155 92 23
155 94 7
155 96 70
155 97 84
155 99 10
155 102 88
155 103 89
155 104 21
155 105 80
155 106 3
155 109 28
155 110 38
155 111 28
155 113 81
155 114 97
155 115 19
155 118 30
155 123 91
155 125 7
155 126 68
155 129 3
155 137 12
155 139 44
155 140 27
155 141 89
155 143 77
155 145 30
155 146 19
155 148 78
155 149 20
155 151 83
155 152 97
155 154 79
156 92 57
156 97 23
157 93 82
158 124 91
159 0 68
159 1 19
159 2 32
159 3 28
159 4 5
159 5 64
159 6 86
159 7 21
159 8 31
159 9 89
159 10 49
159 11 93
159 14 29
159 15 29
159 16 84
159 17 86
159 18 16
159 19 62
159 20 10
159 22 50
159 23 61
159 24 72
159 25 91
159 26 7
159 27 83
159 28 81
159 29 15
159 30 42
159 32 23
159 33 22
159 34 57
159 36 54
159 37 76
159 38 32
159 39 4
159 40 89
159 41 87
159 42 64
159 44 79
159 45 59
159 46 58
159 47 22
159 48 87
159 49 33
159 50 64
159 51 27
159 52 28
159 54 96
159 56 58
159 57 1
159 58 51
159 59 4
159 61 13
159 62 48
159 63 44
159 64 13
159 65 82
159 68 94
159 70 59
159 71 74
159 72 8
159 73 70
159 75 8
159 76 43
159 78 72
159 79 95
159 81 84
159 82 70
159 84 49
159 85 18
159 86 58
159 87 93
159 89 92
159 92 59
159 96 7
159 97 46
159 99 14
159 101 93
159 102 5
159 103 43
159 104 38
159 105 94
159 106 39
159 109 5
159 110 24
159 111 18
159 113 25
159 114 66
159 115 2
159 116 94
159 117 26
159 118 60
159 119 77
159 120 90
159 122 88
159 125 40
159 126 50
159 128 28
159 129 27
159 132 18
159 135 69
159 136 19
159 137 93
159 139 47
159 140 64
159 141 56
159 143 53
159 144 100
159 145 17
159 146 58
159 148 48
159 149 77
159 151 66
159 152 38
159 154 72
159 155 8
160 1 89
160 109 92
161 6 7
162 0 73
162 1 41
162 2 28
162 7 87
162 27 72
162 33 62
163 0 43
163 1 8
163 2 14
163 3 83
163 4 61
163 5 67
163 6 9
163 7 20
163 8 38
163 9 81
163 10 72
163 11 31
163 12 42
163 13 36
163 14 66
163 15 66
163 16 12
163 17 76
163 18 15
163 19 83
163 20 93
163 21 99
163 22 47
163 23 49
163 24 35
163 25 86
163 26 14
163 27 13
163 28 14
163 29 42
163 30 49
163 31 63
163 32 85
163 33 27
163 34 1
163 35 85
163 36 89
163 37 7
163 38 56
163 39 57
163 40 7
163 41 40
163 42 92
163 44 62
163 45 61
163 46 42
163 47 21
163 48 46
163 49 35
163 50 40
163 51 19
163 52 92
163 54 80
163 55 72
163 56 61
163 57 9
163 58 45
163 59 67
163 61 60
163 62 14
163 63 79
163 64 52
163 65 74
163 66 9
163 67 32
163 68 78
163 70 9
163 71 41
163 72 11
163 73 85
163 74 94
163 75 64
163 76 75
163 77 87
163 78 68
163 79 50
163 80 30
163 81 36
163 82 11
163 84 20
163 85 24
163 86 42
163 87 74
163 92 47
163 96 98
163 97 91
163 99 75
163 100 49
163 102 26
163 103 74
163 104 28
163 105 91
163 106 78
163 109 83
163 110 55
163 111 22
163 113 36
163 114 40
163 115 13
163 118 57
163 119 55
163 124 98
163 125 70
163 126 63
163 129 26
163 137 1
163 139 18
163 140 41
163 141 87
163 143 48
163 144 44
163 145 42
163 146 39
163 148 92
163 149 68
163 151 88
163 152 82
163 154 59
163 155 29
163 159 49
163 161 54
163 162 75
164 0 93
164 1 62
164 2 67
164 3 96
164 4 46
164 5 76
164 6 25
164 7 51
164 8 8
164 9 81
164 10 46
164 11 9
164 12 59
164 13 31
164 14 75
164 15 83
164 16 98
164 17 27
164 18 19
164 19 65
164 20 17
164 21 90
164 22 94
164 23 48
164 24 30
164 25 35
164 26 1
164 27 65
164 28 69
164 29 10
164 30 98
164 31 48
164 32 43
164 33 48
164 34 66
164 36 37
164 37 45
164 38 24
164 39 69
164 40 43
164 41 85
164 42 46
164 43 63
164 44 67
164 45 67
164 46 75
164 47 25
164 48 8
164 49 45
164 50 82
164 51 43
164 52 38
164 54 98
164 55 27
164 56 92
164 57 100
164 58 43
164 59 79
164 61 28
164 62 11
164 63 94
164 64 64
164 65 84
164 66 25
164 69 11
164 70 52
164 71 7
164 72 52
164 75 52
164 76 64
164 78 8
164 79 11
164 82 61
164 83 29
164 84 53
164 85 15
164 86 4
164 87 43
164 88 53
164 90 31
164 92 15
164 94 35
164 95 81
164 96 26
164 97 34
164 99 89
164 101 34
164 102 8
164 103 94
164 104 91
164 105 5
164 106 22
164 109 41
164 110 36
164 111 88
164 113 50
164 114 100
164 115 23
164 117 23
164 118 74
164 119 19
164 122 58
164 123 25
164 125 93
164 126 52
164 129 38
164 135 73
164 137 51
164 139 32
164 140 28
164 141 52
164 143 55
164 145 11
164 146 64
164 148 17
164 149 70
164 151 1
164 152 96
164 154 24
164 155 61
164 159 36
164 163 48
165 13 71
165 21 12
165 163 24
166 0 24
166 1 73
166 2 69
166 3 27
166 4 82
166 5 94
166 6 23
166 7 13
166 8 57
166 9 16
166 10 41
166 11 100
166 12 54
166 13 38
166 14 6
166 15 79
166 16 55
166 17 19
166 18 1
166 19 28
166 20 70
166 21 66
166 22 13
166 23 56
166 24 35
166 25 56
166 26 29
166 27 89
166 28 38
166 29 20
166 30 57
166 31 16
166 32 20
166 33 40
166 34 56
166 36 89
166 37 5
166 38 81
166 39 13
166 40 55
166 41 20
166 42 23
166 43 81
166 44 20
166 45 64
166 46 65
166 47 56
166 48 73
166 49 97
166 50 14
166 51 88
166 52 91
166 53 48
166 54 76
166 55 12
166 56 41
166 57 99
166 58 60
166 59 85
166 61 94
166 62 6
166 63 38
166 64 96
166 65 29
166 66 7
166 67 38
166 69 95
166 70 9
166 71 36
166 72 68
166 73 51
166 74 86
166 75 75
166 76 51
166 78 37
166 79 89
166 80 98
166 81 37
166 82 3
166 84 36
166 85 44
166 86 9
166 87 4
166 88 84
166 89 13
166 90 5
166 92 47
166 93 96
166 94 3
166 96 20
166 97 22
166 99 72
166 102 39
166 103 32
166 104 19
166 105 39
166 106 87
166 108 56
166 109 95
166 110 94
166 111 24
166 112 16
166 113 99
166 114 8
166 115 52
166 116 48
166 118 86
166 119 28
166 120 82
166 122 69
166 124 11
166 125 91
166 126 63
166 129 58
166 131 1
166 132 9
166 133 83
166 135 97
166 136 37
166 137 52
166 138 70
166 139 1
166 140 5
166 141 12
166 143 15
166 144 47
166 145 86
166 146 99
166 148 44
166 149 1
166 151 89
166 152 27
166 154 34
166 155 5
166 158 89
166 159 23
166 163 31
166 164 13
166 165 31
167 124 27
168 144 9
169 50 91
170 0 10
170 1 87
170 2 9
170 3 83
170 4 3
170 5 18
170 6 51
170 7 13
170 8 86
170 9 46
170 10 8
170 11 64
170 12 23
170 13 29
170 14 5
170 15 93
170 16 40
170 17 1
170 18 33
170 19 81
170 20 45
170 21 97
170 22 5
170 23 50
170 24 90
170 25 91
170 26 19
170 27 7
170 28 77
170 29 56
170 30 32
170 31 72
170 32 26
170 33 24
170 34 33
170 35 68
170 36 82
170 37 73
170 38 61
170 39 24
170 40 92
170 41 34
170 42 10
170 43 24
170 44 41
170 45 45
170 46 5
170 47 96
170 48 55
170 49 70
170 50 56
170 51 73
170 52 61
170 53 23
170 54 14
170 55 97
170 56 42
170 57 56
170 58 87
170 59 83
170 60 11
170 61 43
170 62 76
170 63 62
170 64 27
170 65 9
170 66 40
170 68 97
170 69 7
170 70 34
170 71 47
170 72 58
170 73 71
170 74 48
170 75 94
170 76 73
170 77 26
170 78 84
170 79 15
170 80 75
170 81 33
170 82 62
170 83 34
170 84 52
170 85 29
170 86 74
170 87 98
170 88 49
170 89 55
170 90 20
170 91 21
170 92 88
170 94 7
170 96 92
170 97 28
170 99 58
170 101 13
170 102 23
170 103 50
170 104 81
170 105 63
170 106 57
170 108 88
170 109 91
170 110 84
170 111 55
170 112 28
170 113 55
170 114 29
170 115 36
170 116 38
170 118 58
170 119 32
170 120 76
170 121 5
170 125 77
170 126 10
170 128 18
170 129 68
170 132 83
170 133 64
170 134 92
170 136 83
170 137 53
170 139 8
170 140 75
170 141 52
170 143 1
170 144 45
170 145 80
170 146 29
170 148 99
170 149 24
170 151 6
170 152 26
170 154 40
170 155 44
170 159 33
170 160 11
170 161 70
170 163 69
170 164 95
170 165 27
170 166 40
170 168 22
171 40 58
172 0 28
172 1 72
172 2 83
172 3 41
172 4 51
172 5 79
172 7 64
172 8 74
172 11 33
172 15 25
172 17 5
172 18 8
172 19 76
172 20 14
172 22 80
172 23 51
172 25 95
172 26 92
172 32 16
172 34 100
172 36 95
172 37 43
172 38 7
172 41 48
172 45 99
172 46 48
172 49 79
172 50 10
172 52 92
172 54 44
172 56 62
172 57 10
172 58 86
172 59 18
172 61 52
172 64 63
172 70 57
172 71 55
172 72 78
172 74 80
172 75 91
172 76 79
172 82 60
172 85 15
172 86 1
172 87 71
172 92 56
172 96 55
172 97 57
172 99 40
172 101 29
172 103 39
172 104 87
172 105 50
172 106 98
172 109 88
172 110 26
172 111 75
172 113 47
172 114 22
172 115 80
172 118 61
172 119 30
172 126 59
172 129 72
172 135 24
172 137 65
172 138 22
172 139 68
172 140 38
172 141 25
172 143 78
172 144 34
172 145 21
172 146 82
172 148 16
172 149 61
172 151 91
172 152 63
172 154 91
172 155 37
172 159 95
172 163 52
172 164 95
172 166 73
172 170 51
173 16 28
173 85 88
173 118 69
173 146 17
174 0 61
174 1 15
174 2 68
174 3 37
174 4 99
174 5 87
174 6 77
174 7 47
174 8 41
174 9 7
174 10 46
174 11 86
174 12 27
174 13 88
174 14 4
174 15 51
174 16 44
174 17 25
174 18 61
174 19 6
174 20 34
174 21 45
174 22 20
174 23 76
174 24 28
174 25 3
174 26 98
174 27 82
174 28 86
174 29 18
174 30 20
174 31 16
174 32 34
174 33 4
174 34 34
174 35 95
174 36 61
174 37 65
174 38 66
174 39 28
174 40 78
174 41 27
174 42 32
174 43 80
174 44 89
174 45 31
174 46 33
174 47 2
174 48 69
174 49 59
174 50 20
174 52 34
174 54 83
174 55 20
174 56 81
174 57 79
174 58 87
174 59 13
174 61 8
174 62 48
174 63 62
174 64 11
174 65 21
174 66 27
174 69 15
174 71 7
174 72 41
174 75 9
174 76 33
174 78 5
174 79 35
174 80 18
174 81 88
174 82 88
174 84 23
174 85 22
174 86 6
174 87 45
174 88 81
174 89 49
174 91 81
174 92 29
174 93 81
174 96 49
174 97 2
174 99 55
174 102 51
174 103 82
174 104 88
174 105 54
174 106 65
174 109 26
174 110 87
174 111 73
174 113 40
174 114 80
174 115 31
174 116 85
174 118 12
174 122 19
174 124 97
174 125 15
174 126 69
174 129 63
174 131 1
174 137 6
174 139 42
174 140 4
174 141 34
174 142 72
174 143 30
174 144 14
174 145 89
174 146 47
174 148 73
174 149 22
174 151 43
174 152 40
174 154 32
174 155 7
174 159 48
174 162 1
174 163 30
174 164 17
174 166 12
174 170 50
174 172 39
175 63 78
176 0 60
176 1 85
176 2 30
176 3 99
176 4 6
176 5 30
176 6 47
176 7 23
176 8 10
176 9 10
176 10 88
176 11 33
176 12 18
176 13 36
176 14 62
176 15 78
176 16 29
176 17 80
176 18 53
176 19 86
176 20 49
176 21 4
176 22 75
176 23 30
176 24 20
176 25 25
176 26 98
176 27 57
176 28 8
176 29 24
176 30 43
176 31 30
176 32 50
176 33 7
176 34 51
176 36 50
176 37 41
176 38 70
176 39 85
176 40 68
176 41 96
176 42 46
176 43 32
176 44 58
176 45 65
176 46 65
176 47 92
176 48 34
176 49 70
176 50 76
176 51 29
176 52 93
176 53 30
176 54 96
176 55 26
176 56 2
176 57 33
176 58 60
176 59 65
176 60 36
176 61 78
176 62 78
176 63 24
176 64 29
176 65 71
176 66 85
176 69 98
176 70 45
176 71 66
176 72 62
176 73 89
176 74 50
176 75 61
176 76 71
176 78 36
176 79 41
176 80 88
176 81 54
176 82 87
176 84 26
176 85 17
176 86 86
176 87 65
176 88 43
176 89 79
176 90 58
176 92 27
176 94 79
176 96 85
176 97 15
176 99 97
176 101 17
176 102 93
176 103 93
176 104 93
176 105 3
176 106 3
176 109 52
176 110 27
176 111 19
176 112 5
176 113 39
176 114 43
176 115 37
176 116 38
176 118 69
176 122 81
176 125 55
176 126 30
176 129 49
176 135 23
176 136 23
176 137 81
176 139 68
176 140 51
176 141 81
176 143 80
176 144 38
176 145 44
176 146 83
176 148 43
176 149 48
176 151 50
176 152 80
176 154 65
176 155 79
176 159 100
176 163 53
176 164 75
176 166 95
176 169 18
176 170 28
176 172 93
176 174 4
177 127 34
177 130 86
178 0 21
178 10 100
178 17 53
178 32 48
178 39 83
178 54 67
178 70 85
178 111 22
178 163 71
178 166 64
178 176 46
179 2 85
179 49 71
179 62 74
179 77 23
179 87 84
180 0 34
180 3 37
181 0 25
181 1 75
181 2 86
181 3 14
181 4 7
181 5 33
181 6 84
181 7 21
181 8 88
181 9 31
181 10 15
181 11 43
181 12 1
181 13 57
181 14 97
181 15 68
181 16 34
181 17 15
181 18 9
181 19 10
181 20 14
181 21 28
181 22 46
181 23 33
181 24 83
181 25 54
181 26 50
181 27 81
181 28 75
181 29 85
181 30 18
181 31 30
181 32 42
181 33 2
181 34 36
181 36 95
181 37 51
181 38 76
181 39 46
181 40 77
181 41 26
181 42 44
181 43 59
181 45 8
181 46 44
181 47 49
181 48 34
181 49 28
181 50 20
181 52 5
181 54 72
181 56 20
181 57 54
181 58 63
181 59 28
181 60 43
181 61 57
181 62 43
181 63 69
181 64 44
181 65 60
181 66 59
181 68 49
181 69 12
181 70 6
181 71 58
181 72 87
181 73 22
181 74 90
181 75 59
181 76 53
181 78 62
181 79 79
181 80 31
181 81 66
181 82 3
181 84 31
181 85 55
181 86 57
181 87 35
181 91 50
181 92 63
181 93 9
181 96 2
181 97 82
181 99 98
181 101 93
181 102 25
181 103 60
181 104 59
181 105 20
181 106 85
181 108 37
181 109 88
181 110 54
181 111 61
181 112 61
181 113 91
181 114 47
181 115 56
181 116 75
181 117 25
181 118 41
181 124 2
181 125 80
181 126 36
181 129 40
181 131 73
181 134 41
181 135 65
181 136 71
181 137 14
181 139 41
181 140 32
181 141 64
181 143 87
181 145 33
181 146 36
181 147 64
181 148 40
181 149 82
181 151 31
181 152 39
181 154 33
181 155 17
181 156 4
181 159 46
181 160 62
181 162 75
181 163 26
181 164 44
181 165 55
181 166 25
181 170 96
181 172 47
181 174 82
181 175 79
181 176 74
181 178 74
181 179 6
182 0 42
182 1 77
182 2 87
182 3 30
182 4 1
182 5 34
182 6 28
182 7 75
182 8 18
182 9 63
182 10 73
182 11 63
182 12 1
182 13 41
182 14 52
182 15 40
182 16 25
182 17 100
182 18 6
182 19 2
182 20 47
182 21 100
182 22 20
182 23 49
182 24 50
182 25 35
182 26 9
182 27 44
182 28 12
182 29 59
182 30 46
182 31 50
182 32 16
182 33 19
182 34 98
182 37 69
182 38 9
182 39 9
182 40 87
182 41 51
182 42 99
182 43 32
182 44 14
182 45 82
182 46 79
182 47 5
182 48 20
182 49 47
182 50 82
182 51 29
182 52 76
182 54 32
182 56 86
182 57 97
182 58 55
182 59 18
182 61 4
182 62 5
182 63 95
182 64 95
182 65 8
182 66 83
182 68 21
182 70 3
182 71 90
182 72 23
182 73 9
182 74 95
182 75 89
182 76 20
182 77 77
182 78 16
182 79 62
182 80 56
182 81 22
182 82 65
182 83 97
182 84 70
182 85 43
182 86 55
182 87 66
182 90 52
182 92 63
182 93 15
182 94 91
182 95 55
182 96 2
182 97 53
182 99 83
182 101 58
182 102 37
182 103 27
182 104 41
182 105 77
182 106 57
182 109 66
182 110 77
182 111 89
182 112 18
182 113 26
182 114 22
182 115 36
182 118 41
182 120 45
182 122 47
182 124 22
182 126 80
182 128 44
182 129 17
182 135 15
182 136 81
182 137 95
182 139 33
182 140 89
182 141 93
182 142 9
182 143 70
182 145 78
182 146 56
182 147 65
182 148 53
182 149 12
182 151 95
182 152 5
182 153 17
182 154 64
182 155 71
182 159 21
182 162 44
182 163 11
182 164 98
182 166 89
182 170 57
182 171 5
182 172 25
182 174 42
182 176 98
182 178 92
182 179 95
182 181 69
183 0 84
183 1 18
183 2 57
183 3 46
183 4 89
183 5 90
183 6 21
183 7 66
183 8 61
183 9 67
183 10 85
183 11 38
183 12 85
183 13 96
183 14 31
183 15 80
183 16 79
183 17 33
183 18 50
183 19 30
183 20 82
183 22 33
183 23 30
183 24 68
183 25 18
183 26 69
183 27 17
183 28 58
183 29 10
183 30 63
183 31 54
183 32 21
183 33 19
183 34 61
183 36 70
183 37 4
183 38 43
183 39 89
183 40 48
183 41 31
183 42 4
183 44 77
183 45 7
183 46 46
183 47 25
183 48 30
183 49 15
183 50 67
183 52 67
183 53 61
183 54 57
183 56 91
183 57 61
183 59 33
183 62 38
183 63 15
183 64 58
183 65 40
183 67 92
183 68 13
183 70 2
183 71 5
183 72 80
183 74 28
183 75 6
183 76 97
183 78 7
183 79 89
183 80 8
183 82 43
183 84 2
183 85 11
183 86 100
183 87 83
183 88 26
183 90 37
183 92 50
183 94 37
183 96 52
183 97 99
183 98 89
183 99 63
183 100 69
183 102 90
183 103 89
183 104 23
183 105 44
183 106 28
183 109 45
183 110 75
183 111 80
183 113 40
183 114 10
183 115 13
183 116 20
183 118 46
183 120 43
183 125 37
183 126 15
183 128 90
183 129 2
183 131 96
183 136 42
183 137 56
183 139 54
183 140 26
183 141 5
183 143 31
183 144 34
183 145 76
183 146 16
183 147 22
183 148 54
183 149 45
183 151 70
183 152 12
183 154 86
183 155 66
183 159 79
183 163 71
183 164 70
183 166 37
183 170 29
183 172 45
183 173 15
183 174 95
183 176 26
183 178 47
183 181 13
183 182 64
184 30 46
184 145 89
184 182 94
184 183 38
185 92 78
185 107 63
186 85 6
187 7 97
187 31 62
187 99 27
188 0 35
188 1 69
188 2 69
188 3 32
188 4 26
188 5 36
188 6 92
188 7 47
188 8 83
188 9 3
188 10 32
188 11 49
188 12 7
188 13 42
188 14 82
188 15 69
188 16 81
188 17 90
188 18 30
188 19 50
188 20 73
188 22 43
188 23 33
188 24 73
188 25 61
188 26 70
188 27 12
188 28 90
188 29 92
188 30 28
188 31 57
188 32 96
188 33 13
188 34 30
188 36 87
188 37 100
188 38 63
188 39 19
188 40 9
188 41 67
188 42 72
188 43 77
188 44 53
188 45 58
188 46 28
188 47 28
188 48 5
188 49 73
188 50 64
188 51 77
188 52 32
188 53 99
188 54 90
188 55 26
188 56 14
188 57 20
188 58 17
188 59 23
188 61 23
188 62 88
188 63 99
188 64 28
188 65 75
188 66 38
188 69 85
188 70 92
188 71 81
188 72 19
188 73 39
188 74 87
188 75 83
188 76 87
188 78 1
188 79 58
188 80 91
188 81 15
188 82 94
188 84 81
188 85 51
188 86 87
188 87 77
188 88 95
188 89 9
188 90 49
188 92 71
188 93 25
188 94 65
188 95 95
188 96 92
188 97 41
188 99 40
188 100 53
188 101 48
188 102 72
188 103 75
188 104 45
188 105 56
188 106 7
188 109 70
188 110 89
188 111 70
188 112 25
188 113 67
188 114 45
188 115 47
188 118 28
188 119 93
188 120 1
188 122 32
188 125 78
188 126 46
188 128 46
188 129 41
188 133 22
188 137 8
188 139 31
188 140 66
188 141 91
188 143 45
188 144 38
188 145 12
188 146 17
188 148 21
188 149 64
188 151 93
188 152 55
188 153 39
188 154 56
188 155 49
188 159 12
188 163 88
188 164 36
188 165 78
188 166 36
188 169 84
188 170 53
188 172 3
188 174 60
188 175 30
188 176 45
188 178 60
188 179 4
188 181 44
188 182 74
188 183 38
188 184 88
189 0 98
189 1 78
189 2 6
189 3 77
189 4 72
189 5 39
189 6 50
189 7 15
189 8 61
189 9 29
189 10 76
189 11 96
189 12 2
189 13 43
189 14 22
189 15 18
189 16 47
189 17 54
189 18 8
189 19 72
189 20 91
189 21 32
189 22 64
189 23 24
189 24 58
189 25 77
189 26 33
189 27 81
189 28 18
189 29 7
189 30 91
189 31 38
189 32 15
189 33 73
189 34 79
189 36 70
189 37 71
189 38 57
189 39 18
189 40 30
189 41 6
189 42 31
189 43 82
189 44 75
189 45 56
189 46 14
189 47 19
189 48 59
189 49 82
189 50 16
189 51 59
189 52 29
189 53 76
189 54 29
189 55 66
189 56 35
189 57 78
189 58 76
189 59 15
189 61 10
189 62 21
189 63 5
189 64 92
189 65 45
189 68 50
189 69 68
189 70 42
189 71 10
189 72 89
189 73 89
189 74 41
189 75 18
189 76 33
189 77 11
189 78 91
189 79 62
189 80 88
189 81 73
189 82 96
189 83 13
189 84 25
189 85 49
189 86 75
189 87 52
189 88 36
189 89 58
189 90 41
189 92 63
189 94 48
189 96 42
189 97 53
189 99 50
189 100 33
189 101 19
189 102 40
189 103 37
189 104 20
189 105 98
189 106 41
189 109 43
189 110 90
189 111 25
189 113 15
189 114 98
189 115 11
189 116 99
189 118 70
189 119 66
189 120 75
189 122 83
189 124 66
189 125 21
189 126 8
189 128 2
189 129 54
189 133 27
189 137 7
189 138 77
189 139 19
189 140 38
189 141 81
189 143 45
189 145 19
189 146 66
189 148 34
189 149 61
189 151 98
189 152 31
189 154 5
189 155 44
189 156 56
189 159 29
189 160 95
189 162 63
189 163 86
189 164 34
189 165 47
189 166 33
189 170 64
189 172 87
189 174 43
189 176 37
189 179 30
189 180 59
189 181 85
189 182 44
189 183 29
189 184 77
189 186 56
189 187 57
189 188 73
190 0 2
190 1 81
190 2 30
190 3 69
190 4 1
190 5 86
190 6 7
190 7 20
190 8 72
190 9 17
190 10 93
190 11 35
190 12 38
190 13 33
190 14 86
190 15 28
190 16 7
190 17 70
190 18 50
190 19 35
190 20 71
190 21 77
190 22 60
190 23 52
190 24 72
190 25 1
190 26 8
190 27 73
190 28 45
190 29 77
190 30 21
190 31 98
190 32 17
190 33 85
190 34 43
190 36 31
190 37 93
190 38 52
190 39 93
190 40 12
190 41 37
190 42 90
190 44 33
190 45 29
190 46 76
190 47 84
190 48 52
190 49 10
190 50 24
190 51 37
190 52 68
190 53 43
190 54 83
190 55 93
190 56 96
190 57 71
190 58 37
190 59 11
190 60 6
190 61 19
190 62 33
190 63 95
190 64 5
190 65 38
190 66 77
190 68 34
190 70 31
190 71 35
190 72 41
190 73 68
190 74 63
190 75 12
190 76 22
190 77 53
190 78 97
190 79 40
190 80 4
190 81 33
190 82 66
190 83 27
190 84 81
190 85 71
190 86 96
190 87 59
190 89 30
190 90 62
190 91 48
190 92 39
190 93 66
190 94 42
190 96 55
190 97 1
190 99 27
190 100 8
190 101 99
190 102 37
190 103 63
190 104 25
190 105 87
190 106 73
190 109 31
190 110 51
190 111 59
190 113 8
190 114 35
190 115 63
190 116 60
190 118 32
190 125 62
190 126 77
190 129 99
190 131 57
190 137 39
190 138 97
190 139 87
190 140 22
190 141 14
190 143 28
190 144 33
190 145 43
190 146 82
190 148 59
190 149 19
190 151 22
190 152 45
190 153 42
190 154 37
190 155 66
190 159 25
190 163 22
190 164 3
190 165 68
190 166 68
190 168 16
190 170 57
190 172 24
190 174 71
190 176 68
190 178 88
190 180 71
190 181 48
190 182 35
190 183 21
190 184 19
190 187 82
190 188 30
190 189 66
191 106 7
191 181 50
192 0 70
192 1 61
192 2 51
192 3 13
192 4 84
192 5 87
192 6 18
192 7 11
192 8 100
192 9 7
192 10 50
192 11 81
192 12 25
192 13 60
192 14 20
192 15 31
192 16 31
192 17 33
192 18 44
192 19 90
192 20 60
192 21 20
192 22 11
192 23 75
192 24 26
192 25 91
192 26 26
192 27 11
192 28 15
192 29 68
192 30 28
192 31 69
192 32 12
192 33 28
192 34 78
192 37 47
192 38 96
192 39 50
192 40 69
192 41 9
192 42 29
192 44 29
192 45 30
192 46 76
192 47 55
192 48 14
192 49 10
192 50 10
192 51 84
192 52 40
192 53 6
192 54 1
192 55 85
192 56 32
192 57 95
192 58 26
192 59 54
192 61 30
192 62 54
192 63 100
192 64 83
192 65 92
192 66 21
192 68 63
192 69 81
192 70 96
192 71 6
192 72 78
192 73 94
192 74 68
192 75 36
192 76 98
192 78 80
192 79 37
192 81 42
192 82 72
192 84 42
192 85 23
192 86 67
192 87 96
192 90 99
192 92 53
192 93 96
192 96 27
192 97 41
192 99 55
192 100 52
192 101 57
192 102 26
192 103 34
192 104 14
192 105 96
192 106 89
192 109 13
192 110 97
192 111 92
192 113 57
192 114 79
192 115 24
192 116 78
192 118 51
192 119 37
192 120 32
192 122 53
192 126 38
192 129 26
192 137 28
192 139 83
192 140 15
192 141 39
192 143 2
192 145 47
192 146 37
192 148 35
192 149 38
192 151 60
192 152 31
192 154 26
192 155 52
192 157 1
192 159 33
192 163 31
192 164 17
192 166 23
192 170 96
192 172 53
192 174 96
192 176 55
192 178 7
192 181 60
192 182 13
192 183 44
192 184 29
192 187 79
192 188 43
192 189 30
192 190 44
192 191 53
193 0 68
193 1 65
193 2 59
193 3 72
193 4 5
193 5 3
193 6 51
193 7 100
193 8 84
193 9 75
193 10 88
193 11 35
193 12 21
193 13 78
193 14 96
193 15 33
193 16 48
193 17 13
193 18 100
193 19 33
193 20 1
193 21 8
193 22 100
193 23 19
193 24 22
193 25 64
193 26 17
193 27 84
193 28 86
193 29 58
193 30 5
193 31 49
193 32 38
193 33 36
193 34 89
193 36 32
193 37 27
193 38 61
193 39 59
193 40 30
193 41 1
193 42 51
193 43 35
193 44 56
193 45 83
193 46 7
193 47 57
193 48 93
193 49 45
193 50 94
193 51 62
193 52 29
193 53 100
193 54 71
193 55 47
193 56 55
193 57 30
193 58 31
193 59 23
193 61 82
193 62 99
193 63 90
193 64 89
193 65 28
193 68 89
193 69 32
193 70 9
193 71 40
193 72 6
193 73 95
193 74 38
193 75 73
193 76 67
193 77 70
193 78 61
193 79 76
193 80 66
193 81 61
193 82 65
193 83 52
193 84 12
193 85 10
193 86 27
193 87 77
193 88 68
193 89 4
193 90 12
193 92 33
193 94 73
193 96 73
193 97 96
193 99 100
193 101 45
193 102 58
193 103 69
193 104 16
193 105 32
193 106 47
193 109 69
193 110 79
193 111 1
193 113 64
193 114 69
193 115 57
193 116 57
193 118 57
193 120 49
193 122 22
193 125 81
193 126 36
193 129 68
193 135 75
193 136 1
193 137 34
193 139 30
193 140 98
193 141 13
193 142 59
193 143 40
193 145 32
193 146 25
193 148 23
193 149 66
193 151 99
193 152 23
193 153 74
193 154 67
193 155 34
193 159 80
193 163 19
193 164 80
193 165 61
193 166 35
193 170 22
193 172 92
193 174 54
193 176 2
193 178 83
193 181 41
193 182 7
193 183 56
193 187 44
193 188 84
193 189 14
193 190 68
193 191 82
193 192 92
194 0 33
194 1 75
194 2 51
194 3 52
194 4 27
194 5 91
194 6 8
194 7 14
194 8 98
194 9 42
194 10 48
194 11 45
194 12 37
194 13 9
194 14 73
194 15 48
194 16 63
194 17 53
194 18 76
194 19 58
194 20 99
194 21 65
194 22 3
194 23 75
194 24 8
194 25 39
194 26 29
194 27 91
194 28 27
194 29 71
194 30 12
194 31 96
194 32 75
194 33 74
194 34 81
194 35 77
194 36 20
194 37 26
194 38 24
194 39 58
194 40 99
194 41 11
194 42 78
194 44 16
194 45 75
194 46 17
194 47 12
194 48 28
194 49 9
194 50 85
194 51 15
194 52 76
194 53 76
194 54 34
194 55 83
194 56 74
194 57 13
194 58 84
194 59 66
194 60 41
194 61 55
194 62 40
194 63 100
194 64 30
194 65 2
194 69 93
194 70 65
194 71 39
194 72 38
194 74 40
194 75 53
194 76 99
194 78 62
194 79 81
194 80 1
194 81 45
194 82 30
194 83 46
194 84 8
194 85 17
194 86 56
194 87 55
194 89 54
194 90 20
194 92 52
194 94 98
194 96 28
194 97 48
194 98 5
194 99 86
194 101 2
194 102 8
194 103 63
194 104 89
194 105 47
194 106 8
194 107 16
194 109 88
194 110 47
194 111 60
194 113 48
194 114 19
194 115 87
194 117 35
194 118 63
194 120 2
194 121 23
194 122 74
194 123 83
194 125 4
194 126 48
194 128 51
194 129 12
194 135 83
194 136 11
194 137 15
194 138 88
194 139 86
194 140 25
194 141 71
194 143 78
194 144 61
194 145 51
194 146 98
194 148 35
194 149 80
194 151 11
194 152 95
194 154 88
194 155 13
194 159 58
194 160 92
194 163 86
194 164 51
194 165 70
194 166 94
194 168 58
194 170 56
194 172 87
194 173 25
194 174 70
194 176 42
194 178 43
194 181 45
194 182 3
194 183 81
194 184 13
194 186 46
194 187 67
194 188 75
194 189 23
194 190 18
194 192 59
194 193 79
195 0 54
195 1 96
195 2 16
195 3 48
195 4 99
195 5 55
195 6 67
195 7 19
195 8 7
195 9 88
195 10 71
195 11 82
195 12 63
195 13 47
195 14 38
195 15 2
195 16 77
195 17 68
195 18 39
195 19 14
195 20 56
195 21 82
195 22 60
195 23 9
195 24 26
195 25 40
195 26 76
195 27 94
195 28 66
195 29 64
195 30 12
195 31 88
195 32 68
195 33 70
195 34 35
195 36 91
195 37 34
195 38 76
195 39 39
195 40 31
195 41 95
195 42 10
195 43 40
195 44 9
195 45 66
195 46 60
195 47 37
195 48 36
195 49 5
195 50 96
195 51 89
195 52 18
195 53 34
195 54 57
195 55 98
195 56 80
195 57 18
195 59 96
195 61 59
195 62 64
195 63 58
195 64 7
195 65 43
195 66 59
195 67 54
195 68 1
195 69 25
195 70 65
195 71 20
195 72 13
195 74 36
195 75 60
195 76 72
195 77 61
195 78 86
195 79 60
195 80 81
195 81 82
195 82 57
195 83 94
195 84 18
195 85 50
195 86 79
195 87 54
195 89 53
195 90 72
195 92 47
195 94 78
195 96 100
195 97 1
195 99 9
195 101 83
195 102 90
195 103 1
195 104 48
195 105 59
195 106 72
195 109 90
195 110 73
195 111 36
195 113 83
195 114 32
195 115 63
195 116 67
195 118 15
195 120 77
195 122 99
195 125 12
195 126 37
195 128 29
195 129 7
195 131 29
195 132 79
195 137 19
195 139 93
195 140 61
195 141 60
195 143 49
195 144 28
195 145 67
195 146 49
195 148 5
195 149 86
195 151 69
195 152 44
195 153 9
195 154 48
195 155 41
195 157 100
195 159 56
195 161 66
195 162 76
195 163 49
195 164 49
195 165 78
195 166 77
195 170 70
195 172 99
195 174 88
195 176 44
195 178 32
195 179 32
195 181 97
195 182 14
195 183 86
195 187 31
195 188 67
195 189 86
195 190 16
195 192 62
195 193 44
195 194 81
196 23 17
197 0 28
197 1 44
197 2 91
197 3 32
197 4 69
197 5 100
197 6 95
197 7 86
197 8 86
197 9 38
197 10 44
197 11 59
197 12 26
197 13 35
197 14 18
197 15 42
197 16 84
197 17 53
197 18 55
197 19 84
197 20 30
197 21 34
197 22 63
197 23 68
197 24 96
197 25 39
197 26 40
197 27 92
197 28 78
197 29 11
197 30 88
197 31 79
197 32 24
197 33 15
197 34 64
197 36 15
197 37 44
197 38 5
197 39 84
197 40 27
197 41 7
197 42 88
197 43 2
197 44 80
197 45 35
197 46 19
197 47 24
197 48 21
197 49 97
197 50 34
197 51 17
197 52 60
197 53 44
197 54 37
197 55 93
197 56 13
197 57 31
197 58 86
197 59 33
197 60 44
197 61 53
197 62 94
197 63 55
197 64 55
197 65 99
197 66 75
197 67 3
197 68 16
197 69 26
197 70 42
197 71 56
197 72 12
197 73 63
197 74 57
197 75 93
197 76 60
197 77 84
197 78 71
197 79 93
197 80 67
197 81 81
197 82 49
197 84 89
197 85 7
197 86 95
197 87 84
197 88 60
197 89 26
197 92 4
197 93 49
197 94 85
197 95 81
197 96 53
197 97 78
197 98 25
197 99 14
197 100 60
197 101 89
197 102 14
197 103 58
197 104 39
197 105 82
197 106 5
197 109 60
197 110 31
197 111 39
197 113 75
197 114 87
197 115 24
197 116 21
197 117 62
197 118 81
197 120 58
197 121 80
197 126 16
197 128 70
197 129 50
197 132 15
197 135 56
197 136 80
197 137 79
197 139 68
197 140 87
197 141 1
197 143 21
197 144 27
197 145 97
197 146 8
197 148 19
197 149 9
197 151 90
197 152 42
197 154 56
197 155 86
197 159 99
197 160 26
197 163 26
197 164 56
197 165 32
197 166 3
197 168 38
197 170 74
197 171 53
197 172 83
197 173 100
197 174 21
197 176 24
197 179 89
197 181 66
197 182 71
197 183 85
197 188 92
197 189 3
197 190 11
197 192 51
197 193 95
197 194 4
197 195 83
198 22 48
199 0 1
199 1 63
199 2 46
199 3 42
199 4 5
199 5 19
199 6 45
199 7 26
199 8 76
199 9 20
199 10 14
199 11 19
199 12 86
199 13 27
199 14 85
199 15 21
199 16 22
199 17 54
199 18 85
199 19 35
199 20 80
199 22 40
199 23 81
199 24 47
199 25 39
199 26 18
199 27 94
199 28 83
199 29 67
199 30 82
199 31 27
199 32 35
199 33 96
199 34 93
199 35 85
199 36 71
199 37 95
199 38 92
199 39 81
199 40 88
199 41 72
199 42 30
199 43 5
199 44 15
199 45 33
199 46 6
199 47 65
199 48 44
199 49 82
199 50 51
199 51 68
199 52 59
199 53 96
199 54 96
199 56 20
199 57 32
199 59 20
199 60 39
199 61 16
199 62 56
199 63 57
199 64 22
199 65 64
199 66 10
199 70 98
199 71 49
199 72 59
199 73 56
199 74 91
199 75 18
199 76 1
199 77 100
199 78 83
199 79 46
199 80 70
199 81 26
199 82 10
199 84 57
199 85 42
199 86 86
199 87 100
199 89 24
199 90 12
199 92 45
199 93 96
199 94 47
199 95 47
199 96 54
199 97 38
199 98 24
199 99 19
199 100 46
199 101 40
199 102 47
199 103 54
199 104 15
199 105 55
199 106 61
199 109 74
199 110 17
199 111 61
199 113 34
199 114 26
199 115 71
199 116 76
199 117 97
199 118 66
199 121 27
199 122 6
199 125 64
199 126 69
199 129 55
199 131 92
199 132 83
199 135 76
199 136 70
199 137 79
199 139 36
199 140 13
199 141 25
199 143 85
199 144 21
199 145 69
199 146 1
199 147 74
199 148 96
199 149 81
199 151 1
199 152 49
199 153 88
199 154 59
199 155 90
199 159 52
199 160 58
199 162 65
199 163 98
199 164 98
199 166 32
199 170 49
199 172 27
199 173 61
199 174 51
199 176 28
199 178 46
199 181 48
199 182 93
199 183 2
199 187 48
199 188 10
199 189 21
199 190 66
199 192 60
199 193 66
199 194 7
199 195 37
199 196 90
199 197 71
