51238
50021
58430
51677
57528
51664
57676
56864
54581
57679
51040
58097
50686
56489
51097
59395
50683
51437
58692
52429
51725
51245
56558
56857
50162
54232
58007
50331
54769
53162
59392
50352
53192
55153
56911
50340
55485
50373
57644
59581
50108
55097
58747
56349
54912
59148
50243
52756
51506
59846
56642
53281
52965
59941
59857
55625
51882
51165
51403
58105
56107
56601
56791
59601
53182
51740
52451
50171
58870
56751
57266
58656
55787
57888
52035
55725
57757
52643
52353
54750
51283
57670
56869
54500
59364
56555
53507
51826
59742
55150
52103
54397
50926
59279
56518
58285
58774
51399
56668
51245
53629
50653
59095
52092
53426
55347
59157
59858
55013
52845
59306
58792
52592
57838
56238
51137
57437
58451
56345
53731
58396
59917
58132
51586
57059
56895
54092
55880
50789
58592
51041
55130
55960
54123
53265
56628
53457
58668
59491
57971
52500
59506
59480
58798
58929
58592
54501
59625
56643
51563
51598
54971
51176
56679
56073
54695
59788
54641
57485
50099
54347
54813
59622
51290
50451
54957
57837
51795
54536
56013
58072
50914
51917
59982
52672
55483
51989
54172
53406
59916
53931
52890
51580
59924
59449
55792
50470
57631
52915
56484
58185
58148
59228
54527
56054
55618
52071
50801
59285
53655
51255
56847
56694
55408
53701
52439
51013
58082
53091
52301
54058
57060
59184
53100
57035
55351
54223
53911
59512
52492
58674
54497
59429
56609
53429
59629
54759
52745
56228
58005
59009
57483
55201
59431
55863
59351
59633
57000
54966
54438
56881
53698
55987
51086
52785
55213
53653
57769
53789
57546
56655
57530
51740
54219
54895
56990
53991
56580
53442
52727
58538
57862
59301
52823
58096
59564
53792
52354
53305
56481
59051
52093
54002
51366
59540
57065
58583
50099
56809
50818
54814
54790
53978
54646
50305
53417
57275
52438
50897
52982
54561
52906
57832
50460
53298
56892
57268
51717
55967
58729
