0	1	86
1	2	75
2	3	16
3	4	57
4	5	94
5	6	43
6	7	93
7	8	25
8	9	13
9	10	11
10	11	40
11	12	10
12	13	5
13	14	6
14	15	78
15	16	92
16	17	49
17	18	92
18	19	72
19	20	85
20	21	70
21	22	3
22	23	36
23	24	98
24	25	77
25	26	11
26	27	56
27	28	18
28	29	89
29	30	92
30	31	91
31	32	5
32	33	69
33	34	23
34	35	71
35	36	74
36	37	48
37	38	72
38	39	64
39	40	16
40	41	73
41	42	100
42	43	71
43	44	2
44	45	18
45	46	15
46	47	22
47	48	50
48	49	43
49	50	94
50	51	64
51	52	68
52	53	47
53	54	68
54	55	15
55	56	31
56	57	90
57	58	33
58	59	45
59	60	12
60	61	45
61	62	67
62	63	78
63	64	59
64	65	27
65	66	92
66	67	92
67	68	14
68	69	85
69	70	63
70	71	10
71	72	60
72	73	38
73	74	11
74	75	1
75	76	88
76	77	40
77	78	67
78	79	21
79	80	19
80	81	34
81	82	61
82	83	85
83	84	96
84	85	95
85	86	45
86	87	10
87	88	17
88	89	30
89	90	4
90	91	25
91	92	58
92	93	13
93	94	55
94	95	40
95	96	75
96	97	53
97	98	88
98	99	81
99	100	71
100	101	44
101	102	48
102	103	25
103	104	78
104	105	52
105	106	37
106	107	89
107	108	23
108	109	77
109	110	66
110	111	64
111	112	49
112	113	34
113	114	62
114	115	4
115	116	2
116	117	31
117	118	87
118	119	43
119	120	55
120	121	88
121	122	10
122	123	97
123	124	43
124	125	44
125	126	55
126	127	17
127	128	3
128	129	63
129	130	32
130	131	56
131	132	36
132	133	15
133	134	16
134	135	76
135	136	88
136	137	10
137	138	85
138	139	57
139	140	56
140	141	73
141	142	52
142	143	52
143	144	96
144	145	71
145	146	47
146	147	66
147	148	8
148	149	35
149	150	53
150	151	66
151	152	32
152	153	93
153	154	13
154	155	68
155	156	26
156	157	84
157	158	33
158	159	85
159	160	80
160	161	17
161	162	3
162	163	43
163	164	24
164	165	91
165	166	91
166	167	46
167	168	41
168	169	62
169	170	50
170	171	36
171	172	60
172	173	38
173	174	82
174	175	49
175	176	74
176	177	62
177	178	91
178	179	94
179	180	3
180	181	38
181	182	29
182	183	19
183	184	41
184	185	45
185	186	7
186	187	97
187	188	94
188	189	13
189	190	24
190	191	95
191	192	52
192	193	98
193	194	45
194	195	41
195	196	43
196	197	54
197	198	51
198	199	38
199	0	78
44	12	64
132	116	7
115	195	43
23	174	66
105	172	47
73	114	88
167	34	77
38	51	70
99	62	100
53	179	80
129	50	94
22	32	95
190	40	11
191	131	40
33	86	31
176	185	11
11	80	10
32	192	50
134	149	72
198	165	13
78	133	97
9	178	21
198	179	58
39	156	98
85	119	9
167	100	27
121	180	81
81	24	13
123	101	15
90	132	50
67	131	81
82	158	76
146	39	73
120	73	13
4	100	16
70	24	45
197	91	74
109	129	20
194	12	22
172	53	56
1	50	72
84	86	36
1	2	74
50	24	74
129	181	21
192	151	91
131	115	32
73	159	59
36	32	97
132	143	68
82	42	19
114	117	38
36	90	70
161	191	95
79	157	96
193	83	71
131	154	35
64	179	39
99	158	66
61	49	58
127	139	41
28	14	85
89	132	51
187	157	54
79	72	90
74	8	5
156	157	22
25	82	91
143	187	15
106	134	90
67	10	85
20	114	72
121	167	13
76	45	1
193	194	36
182	56	79
18	30	67
1	99	54
48	15	73
83	98	43
144	185	23
48	77	15
70	179	65
83	30	61
146	117	35
45	85	84
19	3	49
109	62	69
76	79	97
154	174	93
151	57	30
138	173	14
119	4	49
112	98	40
67	6	26
16	50	53
9	102	95
83	121	25
27	91	25
119	118	95
152	117	46
152	175	22
131	100	42
95	119	88
49	91	83
29	11	58
41	111	92
192	177	30
129	11	84
145	94	91
108	15	83
147	116	40
82	5	93
143	3	50
81	1	61
110	122	27
74	164	94
185	65	68
85	99	38
12	170	96
179	105	15
57	60	95
173	30	91
72	92	61
135	71	93
11	9	9
35	80	85
184	146	59
75	153	46
191	147	69
191	90	47
148	176	84
100	84	49
5	130	22
61	88	49
198	135	5
140	130	90
137	94	64
45	148	4
49	29	10
31	132	37
9	141	39
102	190	81
93	128	46
173	68	21
10	28	81
95	15	17
132	160	94
33	121	78
190	185	51
125	153	18
84	135	41
92	99	79
198	25	56
108	113	74
18	169	65
81	139	33
147	31	40
184	46	89
65	154	17
184	156	41
93	153	89
105	17	30
35	97	92
69	159	1
188	171	98
189	146	3
5	143	15
117	27	71
61	100	47
173	175	72
106	64	24
186	3	92
153	191	4
67	149	3
113	89	76
14	41	39
193	196	21
113	174	5
118	162	59
186	66	19
171	76	63
90	169	8
5	44	44
105	18	20
155	84	28
192	71	29
17	45	16
110	184	82
176	163	66
75	187	54
78	153	16
9	64	80
46	29	5
176	104	84
176	145	41
161	25	62
81	70	14
142	97	4
176	119	39
94	85	54
41	148	90
32	128	44
39	179	1
122	92	66
198	115	1
94	136	97
18	147	34
188	23	5
197	69	19
33	127	91
139	93	32
11	101	9
17	107	75
90	56	9
167	105	42
180	177	23
132	2	82
114	65	46
185	20	16
62	40	33
156	184	64
144	32	17
29	65	52
50	180	62
132	153	33
66	184	49
194	181	31
101	131	86
154	169	21
12	151	76
32	125	50
71	168	4
44	89	74
135	27	5
86	68	42
142	145	93
38	21	19
150	36	76
178	124	11
133	168	90
190	67	17
22	137	67
157	88	82
141	36	12
148	126	99
123	177	77
29	10	34
164	140	92
173	85	86
47	33	92
66	149	47
34	175	75
36	11	49
172	17	14
66	2	46
139	36	50
19	60	17
164	154	59
35	87	5
91	40	40
192	198	88
45	12	21
152	97	24
29	108	2
136	112	9
120	3	58
74	13	52
154	119	88
6	70	9
141	44	14
70	73	94
148	83	57
45	71	91
194	19	11
114	150	19
3	96	50
98	190	31
73	23	97
184	19	52
168	119	16
65	109	87
87	123	37
81	133	99
85	77	90
106	70	86
157	31	47
1	75	47
139	115	11
105	2	15
20	41	65
132	86	82
49	191	33
157	86	48
20	194	78
60	184	23
145	79	80
194	182	83
168	120	55
195	58	51
50	65	23
75	183	46
6	123	16
31	179	9
186	169	90
143	149	28
82	38	23
53	185	32
137	44	39
156	171	58
162	94	77
142	52	17
136	27	15
148	161	89
185	6	28
139	57	9
180	116	59
25	35	31
137	68	5
5	91	61
102	133	85
82	145	37
156	36	47
0	12	56
159	60	7
111	67	23
72	183	97
182	96	73
6	22	24
131	198	19
157	65	60
124	27	86
100	83	11
6	114	87
173	158	51
13	167	94
109	123	54
197	113	62
105	179	59
86	4	89
88	69	74
76	52	45
56	12	53
182	159	90
163	117	31
21	56	98
42	188	84
195	2	76
108	131	5
149	157	91
191	112	59
164	35	63
42	153	54
185	41	55
96	23	36
131	88	83
94	130	6
55	38	91
183	50	57
40	28	87
100	110	20
86	35	46
99	103	39
197	115	95
184	165	38
112	146	88
34	97	65
13	23	83
150	76	50
101	62	93
93	2	35
191	83	67
50	85	88
22	32	7
112	136	44
95	152	63
181	57	43
3	115	99
185	56	47
87	165	10
181	124	54
107	26	7
122	26	76
69	189	86
189	0	60
50	108	87
168	123	5
172	59	74
165	95	87
98	103	11
148	73	46
151	6	97
39	16	4
49	76	70
11	29	54
66	38	76
155	161	40
190	31	64
177	146	68
92	8	54
56	185	100
4	137	1
112	197	11
108	4	37
155	39	33
139	180	3
107	185	63
72	104	56
193	69	35
188	140	20
142	86	16
170	37	7
100	13	90
190	154	10
36	32	42
172	7	41
8	121	69
28	20	90
32	4	96
2	157	87
164	107	53
141	143	18
142	58	37
119	91	98
69	146	59
37	131	89
164	141	82
44	0	11
176	192	40
183	135	95
172	176	28
36	179	95
85	35	24
124	41	11
137	21	13
75	20	50
58	125	77
166	4	33
44	62	38
153	31	37
171	41	34
164	30	83
60	31	50
110	141	2
36	66	61
186	38	57
167	87	48
121	47	86
122	49	4
198	138	3
67	13	9
50	150	51
61	87	29
32	6	53
25	12	42
45	159	57
157	103	57
132	29	47
141	150	21
99	50	84
135	79	8
148	57	83
57	103	78
97	70	74
65	155	65
50	139	35
137	188	35
94	58	12
182	193	22
55	134	79
126	51	78
97	99	96
169	33	51
30	121	25
142	140	38
33	90	84
29	166	15
130	43	21
183	63	39
19	156	76
17	172	18
71	187	27
147	44	52
92	64	42
32	0	81
190	118	16
20	64	78
176	82	3
33	178	94
141	176	99
125	148	73
24	3	52
85	10	28
142	175	58
3	40	87
89	130	29
144	5	52
128	15	75
81	133	52
40	36	16
154	13	19
125	72	92
0	113	62
6	120	16
141	193	29
130	84	93
17	33	99
182	97	98
103	38	28
85	192	67
157	116	7
17	190	6
150	141	71
152	141	26
57	41	87
10	85	62
94	151	77
83	71	51
161	22	100
116	63	66
46	60	7
155	113	22
48	54	31
191	18	19
86	34	25
51	194	60
109	38	71
127	4	72
31	114	98
126	50	38
55	185	26
103	104	32
102	27	64
84	183	77
153	186	68
132	85	54
161	112	91
113	79	95
112	14	73
56	87	55
50	34	87
37	32	27
7	117	55
36	71	62
29	49	79
186	16	62
166	132	35
36	56	85
97	28	98
22	76	22
90	132	49
62	141	15
1	97	96
11	51	46
90	193	43
160	2	33
117	194	81
120	110	19
91	14	100
30	7	34
115	38	55
127	51	93
112	42	9
155	82	59
24	190	80
106	109	100
22	110	95
73	135	95
169	85	78
87	192	79
188	39	21
169	87	56
175	107	88
153	1	39
127	179	89
159	180	8
85	53	11
16	25	18
154	131	31
148	147	56
169	25	26
21	32	100
147	47	91
40	135	80
108	78	39
52	89	35
123	154	94
93	145	80
33	136	17
101	5	76
180	68	3
143	64	9
140	3	17
40	22	84
186	10	25
82	42	14
84	113	82
196	9	84
137	121	65
182	167	17