154
182
200
200
135
141
178
143
196
175
113
165
109
167
190
138
166
186
174
118
106
146
100
134
118
193
138
113
126
194
149
145
142
162
170
176
116
190
176
153
150
107
194
146
200
101
154
151
190
144
152
174
176
153
171
129
151
104
175
149
136
144
105
113
114
137
187
190
189
163
122
165
186
108
161
125
131
136
146
175
187
179
198
130
181
189
100
130
114
176
107
165
155
192
195
109
198
154
168
171
