52048
56526
51819
51725
59005
52960
56913
58925
57529
58405
59971
55936
50985
54624
58904
54247
55425
51601
50659
52402
55591
57622
55598
59836
51294
55741
51317
59054
54002
51379
58003
57007
56580
53742
58688
56987
55542
58722
59763
57382
54925
50946
50841
52915
58882
58186
50318
54962
53102
56968
58278
55394
58732
55016
50710
53392
56506
57787
56286
50490
50764
54080
53093
53355
57564
56389
51764
57776
56355
53822
54093
53286
52756
51893
56139
59585
50933
50997
58179
56517
52711
57912
52854
53490
59309
55116
59328
54199
52530
52670
51100
59737
58409
55631
59425
50127
52885
52015
50655
52327
