51851
59316
59478
54847
53205
51544
56989
51199
54852
56328
58183
56830
54986
55868
57198
52585
55462
54073
51770
59697
52970
52878
51162
51817
54943
55658
52218
57675
55773
51678
53675
54687
56543
57931
56631
56130
59909
51194
51485
58523
55095
52172
59933
53153
52587
58092
53537
54678
52742
57982
58142
59481
58229
55151
52210
57467
54315
58883
59412
55030
57021
57066
54810
59604
54260
53229
57620
59327
57112
55174
58845
55536
55737
53939
59266
50055
57285
53557
52129
53620
58783
53633
55032
57675
59145
58264
54117
56309
53419
53817
59625
56470
59579
58035
52294
58792
55925
57862
55321
59683
55750
54768
54211
55990
51065
53686
52158
58072
57983
55545
58952
59292
59777
59178
50400
57328
58964
58379
55365
53213
53972
52774
59363
54637
58523
52127
50001
50929
51751
55149
58800
57848
55298
52738
50263
58697
52754
51452
55054
53351
51617
52193
58366
57204
50514
56233
52862
58128
55459
50182
50161
59351
53906
59107
58195
50903
53582
50189
54500
50303
52703
50025
54337
55872
59920
54355
53624
58732
54851
57439
57542
53237
57354
51856
51321
50099
53730
50108
58485
52431
56800
56772
58859
51535
59467
52937
57366
54755
51648
58275
55397
53542
58420
50318
50677
56282
56350
57698
54414
58585
