180
170
138
145
162
106
169
195
161
151
118
149
176
106
100
149
146
141
159
104
121
173
137
176
115
121
172
130
195
157
158
145
174
112
182
135
187
195
167
140
180
120
104
132
197
171
114
147
129
168
100
112
136
193
192
142
120
183
120
172
174
115
197
183
110
172
106
190
177
116
105
158
161
144
192
164
184
125
186
163
185
130
177
152
150
197
143
198
104
106
112
174
187
178
184
183
113
196
123
196
149
146
166
132
189
122
115
193
140
167
148
129
149
184
185
173
179
137
113
124
143
111
175
170
118
107
133
175
129
185
187
185
140
124
161
129
132
164
106
162
134
173
166
151
105
178
182
179
160
101
128
112
174
118
106
112
161
198
109
183
137
184
177
188
170
132
195
185
109
175
158
125
143
144
147
175
145
161
194
165
142
145
107
148
176
198
151
171
173
101
158
124
174
109
103
109
173
190
114
126
188
114
196
184
158
198
148
105
184
175
134
139
186
129
169
158
168
198
114
123
167
107
130
130
109
138
164
195
105
176
192
193
160
198
101
149
137
134
165
189
148
188
124
145
189
120
120
168
157
179
189
179
178
118
161
112
179
188
184
195
175
193
167
160
153
120
124
100
160
168
184
188
182
126
185
170
102
129
177
142
165
162
116
118
148
188
109
136
105
122
187
198
162
186
128
178
187
130
159
108
