51015
57313
52512
51563
58960
58118
53387
56296
54944
52443
51420
53998
58643
53745
50499
59884
54227
52427
59762
51190
56712
58554
52726
54926
52809
54563
57055
54716
51728
52691
52950
58818
59175
53798
57693
55291
55960
52148
52324
51289
54883
55810
51634
58765
53743
53925
53556
53821
54148
53521
53196
52189
54879
55394
54364
50491
54036
53534
52848
50622
50095
50530
57113
55929
56493
56742
51641
53861
59656
53208
59300
56303
52023
57446
53443
54796
58766
58385
56463
50693
50161
54678
52853
54792
52412
53566
50314
58668
52056
57379
51076
55212
59324
50801
52615
54676
54214
54474
50430
54023
56890
52035
51637
51097
56583
54395
53279
56973
52495
58685
59301
56862
55730
59340
57634
56467
59860
50468
52438
56399
50019
51260
58264
59496
59276
56952
51077
59244
50506
54286
53065
55921
57257
59253
58467
58422
54188
51850
57758
50445
58263
54807
53600
52190
53705
54876
55987
58139
52774
55304
53130
55969
54861
59387
54267
52005
59076
55237
58761
56421
55986
53229
50423
55569
54952
56873
52261
50267
53672
51643
51353
54256
57390
57171
57188
57214
52213
50159
55097
50622
51405
54471
50040
51062
51093
51710
52083
58268
55223
50061
57073
51092
52328
54389
59137
54660
55769
51328
57289
55576
59674
51252
55675
55509
55179
53285
54783
54716
55482
56445
54803
57495
54462
50690
54633
50989
51707
55312
57584
51013
50089
52995
52102
59334
58047
50721
52277
59942
58075
57749
52157
58378
50074
50778
56137
50071
54915
54117
54341
59735
51287
51681
57692
57795
55791
56873
56386
55468
59575
55456
50814
57586
57343
59705
58728
58242
54818
51413
57928
55276
55367
50390
57739
50910
57807
56370
51157
50106
55612
50375
57644
54968
52866
50266
50664
54898
58130
59481
53449
51006
53167
58060
56737
51874
57080
56824
59833
56842
51964
54818
59343
56797
53189
50973
50062
53071
54383
52806
53889
59462
