52731
54967
57234
51941
53668
50562
55471
51539
52493
52219
53020
56147
51922
57114
56547
51664
54119
56148
50863
56543
52795
52702
55827
59008
55396
56725
56625
59939
51297
57703
58600
52160
53175
56780
57745
53087
53339
58155
50566
59356
52312
54055
54449
54792
54510
57628
57802
55370
53853
50924
57954
57268
59047
54462
50526
59736
52658
50385
54624
57146
54892
55843
59033
53697
57204
53890
59431
56952
52246
57045
50170
55089
50308
51647
53822
59683
51668
53378
59307
54868
58698
57342
58806
51896
59547
51427
59892
55930
58274
57521
56047
57133
53586
56841
55755
51626
57181
54107
50309
50751
51952
50831
50355
50412
59391
50348
57525
54127
55979
54665
56675
51925
58581
52175
55679
51865
52425
52734
53630
57883
58125
59767
57781
51344
51179
54558
53528
52784
54006
51490
52057
58266
50896
55924
50802
56355
54557
54205
53773
53269
50388
56687
50161
54373
53193
54634
54565
59112
50016
55056
54999
58990
59246
51004
52770
52683
57359
50166
58377
59012
52915
50563
50675
56653
54777
56107
55187
58777
52193
50741
55427
57124
57282
53406
53749
55759
56480
53848
56316
54027
52978
57036
56800
54864
53292
52059
56903
57357
55293
56253
54470
51504
57203
57630
53213
57738
59155
55261
58130
55880
