0 1 37

1 2 33

2 3 21

3 4 28

4 5 63

5 6 29

6 7 29

7 8 79

8 9 32

9 10 79

10 11 42

11 12 14

12 13 59

13 14 22

14 15 23

15 16 4

16 17 38

17 18 61

18 19 20

19 20 93

20 21 89

21 22 69

22 23 78

23 24 55

24 25 12

25 26 66

26 27 48

27 28 82

28 29 28

29 30 48

30 31 6

31 32 77

32 33 94

33 34 86

34 35 48

35 36 62

36 37 51

37 38 99

38 39 28

39 40 44

40 41 66

41 42 66

42 43 32

43 44 80

44 45 79

45 46 58

46 47 25

47 48 9

48 49 74

49 50 79

50 51 38

51 52 71

52 53 95

53 54 99

54 55 29

55 56 67

56 57 19

57 58 46

58 59 58

59 60 80

60 61 43

61 62 21

62 63 69

63 64 33

64 65 32

65 66 61

66 67 55

67 68 66

68 69 17

69 70 19

70 71 36

71 72 73

72 73 34

73 74 5

74 75 75

75 76 33

76 77 36

77 78 65

78 79 87

79 80 89

80 81 74

81 82 27

82 83 48

83 84 17

84 85 51

85 86 26

86 87 28

87 88 53

88 89 41

89 90 16

90 91 39

91 92 46

92 93 13

93 94 96

94 95 9

95 96 46

96 97 84

97 98 18

98 99 56

99 100 20

100 101 43

101 102 76

102 103 17

103 104 16

104 105 22

105 106 68

106 107 85

107 108 63

108 109 94

109 110 3

110 111 78

111 112 5

112 113 17

113 114 66

114 115 51

115 116 36

116 117 10

117 118 32

118 119 12

119 120 21

120 121 39

121 122 50

122 123 15

123 124 67

124 125 84

125 126 7

126 127 17

127 128 59

128 129 17

129 130 95

130 131 38

131 132 60

132 133 19

133 134 74

134 135 19

135 136 64

136 137 70

137 138 51

138 139 29

139 140 22

140 141 78

141 142 52

142 143 60

143 144 29

144 145 84

145 146 95

146 147 81

147 148 66

148 149 55

149 150 10

150 151 48

151 152 99

152 153 64

153 154 11

154 155 77

155 156 66

156 157 88

157 158 4

158 159 53

159 160 18

160 161 30

161 162 69

162 163 86

163 164 99

164 165 44

165 166 39

166 167 4

167 168 96

168 169 84

169 170 88

170 171 40

171 172 81

172 173 71

173 174 46

174 175 70

175 176 44

176 177 60

177 178 64

178 179 1

179 180 99

180 181 83

181 182 72

182 183 28

183 184 22

184 185 35

185 186 99

186 187 39

187 188 41

188 189 4

189 190 49

190 191 56

191 192 75

192 193 14

193 194 75

194 195 85

195 196 93

196 197 46

197 198 67

198 199 68

199 0 44

103 152 68

161 177 94

29 23 100

101 155 54

44 162 47

72 87 14

82 162 10

37 163 77

134 168 38

136 94 1

27 188 73

55 160 91

105 189 89

42 89 3

150 198 91

72 70 40

113 58 99

22 8 78

100 49 77

119 121 97

113 122 9

20 168 18

29 116 24

79 12 9

16 75 19

62 142 84

151 72 24

166 177 11

41 106 18

19 82 60

173 36 95

7 198 78

15 121 60

142 66 100

133 124 4

33 143 96

76 153 84

61 197 82

2 109 23

187 140 26

134 39 56

43 95 20

15 173 95

193 191 17

194 5 29

193 92 75

3 140 98

143 107 41

147 24 10

95 155 22

79 121 19

176 9 74

139 150 90

66 162 90

159 82 7

21 9 8

0 30 40

190 157 61

180 69 5

161 19 61

43 123 33

131 32 35

103 192 97

195 140 45

119 76 67

29 5 69

172 196 92

156 79 54

87 85 94

15 117 57

174 134 97

164 168 94

20 23 79

12 13 85

88 83 43

17 166 92

76 106 79

185 148 59

60 3 40

89 46 67

137 52 46

172 155 100

73 38 96

185 196 92

25 123 50

36 91 73

96 158 19

29 116 12

114 188 60

121 151 65

65 115 86

149 118 23

166 171 30

81 182 66

69 104 82

177 14 50

152 127 32

13 47 92

116 69 87

54 84 49

87 127 73

23 98 72

196 16 65

137 23 49

167 181 82

169 180 83

83 58 30

101 126 88

41 63 62

78 171 12

188 128 60

5 119 18

122 133 74

98 153 10

168 145 16

59 124 24

32 197 59

66 174 16

179 189 50

185 49 11

118 2 69

75 83 2

59 47 69

32 82 71

83 146 50

30 80 29

186 51 56

87 195 6

70 108 69

69 197 35

34 56 43

179 163 11

61 109 43

129 101 4

98 129 82

198 172 46

69 148 30

40 154 26

129 149 77

185 25 15

118 197 83

80 44 27

83 166 29

147 138 17

42 174 30

79 87 44

99 169 67

18 23 96

28 93 19

196 126 7

170 38 65

162 33 97

12 164 63

22 151 77

105 146 31

125 68 71

13 40 85

120 38 11

19 93 77

70 77 29

52 126 28

186 23 90

148 145 55

184 164 45

140 15 24

119 161 28

36 103 65

63 118 38

157 71 61

146 13 14

121 16 22

158 83 13

129 181 87

131 133 57

144 65 2

19 0 60

92 141 67

104 5 87

60 50 75

66 198 26

132 13 84

183 156 86

34 130 45

100 1 65

57 5 44

133 66 20

112 150 4

153 134 69

91 8 12

139 151 12

179 3 53

181 81 98

113 18 100

73 187 58

100 194 16

39 85 85

21 29 55

44 131 34

60 164 99

23 145 8

115 152 45

12 92 83

102 149 16

145 11 89

72 80 30

123 105 50

113 40 4

188 101 32

66 126 51

44 125 31

128 19 7

69 87 46

3 115 34

30 166 4

177 86 6

140 2 22

76 84 96

15 156 99

150 190 40

137 34 21

79 95 45

187 2 56

108 172 57

50 185 72

85 110 42

147 137 57

31 173 16

167 166 39

22 134 77

70 27 85

132 146 15

158 93 19

76 2 33

120 170 25

158 33 17

103 93 87

51 56 60

140 23 78

79 126 25

85 80 88

102 100 84

24 47 26

104 93 26

36 63 21

160 142 14

52 135 38

159 25 91

9 28 18

57 188 56

113 120 2

149 62 87

189 90 59

14 13 94

195 50 97

5 104 66

80 169 82

6 80 47

198 125 58

85 24 95

177 133 22

179 70 73

54 155 36

22 190 39

196 136 63

121 179 88

67 87 86

43 16 85

118 142 2

149 120 95

134 139 75

47 103 49

130 65 95

1 180 59

77 86 49

170 4 79

0 22 46

160 195 27

68 99 56

67 145 24

55 58 81

37 138 51

96 21 98

132 17 45

10 128 99

195 168 21

53 129 27

132 73 14

25 169 80

91 121 42

133 170 43

119 149 28

195 11 80

185 30 62

51 39 96

58 115 10

27 189 42

60 157 96

82 1 38

98 130 58

2 117 29

38 140 23

21 178 67

75 197 93

28 39 38

152 195 52

80 161 7

162 151 41

112 132 42

196 74 82

123 112 36

148 189 39

145 115 80

85 184 32

27 111 73

145 93 24

91 78 88

120 148 21

179 17 88

89 172 74

96 154 50

99 9 15

191 166 95

37 135 72

12 103 2

168 127 57

150 123 47

158 64 68

67 122 52

105 67 61

135 96 34

107 27 44

193 3 56

124 100 98

12 107 12

175 166 69

9 123 95

39 156 39

158 19 60

55 188 100

127 141 35

152 153 11

132 9 30

127 182 83

1 139 84

168 25 85

93 110 47

114 166 3

19 38 82

151 53 95

111 104 84

37 134 54

38 117 93

84 74 82

52 123 12

129 98 39

14 140 17

108 5 79

31 87 14

110 41 16

89 186 82

36 64 83

14 124 29

52 43 86

169 162 90

49 9 51

169 1 36

181 160 68

30 175 70

140 28 59

179 198 76

66 30 89

98 57 28

89 27 24

58 152 87

166 49 80

1 78 54

113 10 24

141 115 62

17 127 70

77 7 80

131 90 43

125 156 97

105 127 15

146 177 64

139 77 82

5 153 48

41 57 33

137 186 88

100 2 25

58 131 86

129 111 45

85 69 33

58 90 19

184 177 98

193 76 75

151 57 58

73 10 97

194 151 91

159 126 59

103 184 11

1 186 58

137 15 89

93 117 39

187 121 90

100 91 8

170 48 54

112 146 16

188 66 28

155 138 82

152 95 84

193 140 84

85 149 68

13 108 45

160 197 78

142 13 26

6 162 71

184 11 4

1 156 71

137 37 9

117 174 26

69 194 50

63 169 39

90 75 1

149 83 72

38 54 15

151 138 34

102 70 53

195 130 30

114 7 12

130 37 54

190 73 38

93 170 7

80 186 43

19 1 34

166 8 3

154 110 36

132 180 50

89 99 84

64 75 93

163 126 92

165 18 88

177 140 5

145 99 4

133 137 80

19 27 65

63 149 56

137 67 20

157 197 31

48 118 10

103 196 62

6 89 65

62 140 13

42 185 33

173 191 73

104 76 58

180 61 36

119 186 32

134 140 91

42 91 41

141 72 84

37 72 51

86 89 58

126 31 70

151 174 43

158 55 42

157 47 29

101 49 16

66 111 53

136 8 79

49 75 60

19 108 62

59 10 84

49 74 41

102 94 23

89 158 31

101 3 82

97 25 75

4 70 28

182 55 69

129 73 52

190 116 6

3 77 2

125 6 77

11 48 10

67 83 97

102 71 3

32 178 34

182 116 77

39 77 61

187 145 26

121 75 3

62 10 67

158 166 9

12 145 52

52 88 93

173 95 55

4 144 88

127 58 45

140 85 1

57 107 81

31 125 30

19 105 56

43 130 43

54 160 43

141 169 47

77 91 32

156 182 77

25 75 20

33 132 77

35 78 47

163 96 78

122 166 95

94 107 29

91 28 77

49 83 67

187 38 96

178 28 24

90 165 14

26 92 76

153 187 27

166 26 70

53 94 71

188 50 12

138 175 22

187 122 9

36 10 5

22 127 46

108 164 56

148 58 91

31 70 47

65 113 92

193 7 80

40 59 68

96 60 87

166 185 74

13 49 16

137 48 74

1 112 40

118 9 95

84 168 63

59 81 3

133 32 90

79 10 33

128 117 38

183 186 53

102 195 68

127 42 13

190 85 61

26 154 22

33 115 82

106 111 25

189 6 48

118 139 50

148 77 55

71 35 53

1 38 62

53 159 68

77 153 34

188 41 29

60 185 57

83 151 14

107 85 96

179 92 84

149 58 92

55 132 50

198 4 90

66 65 70

72 108 13

113 124 49

83 87 3

137 80 94

129 96 34

164 177 16

103 180 54

104 190 75

132 78 16

128 35 7

137 46 77

60 20 40

94 49 56

163 33 58

111 98 43

41 20 14

32 90 30

136 46 80

189 66 94

133 128 92

135 98 3

189 8 64

141 7 24

107 174 31

87 103 87

144 107 93

81 138 55

114 35 94

37 29 29

145 14 71

150 164 39

31 22 9

34 95 2

