171
182
195
175
187
130
150
140
155
181
151
140
130
170
175
162
179
121
106
175
190
197
132
165
188
195
166
154
128
161
124
114
123
106
176
117
193
149
187
126
184
168
146
122
136
196
195
144
115
137
151
173
185
184
138
167
127
111
119
168
117
160
158
127
172
145
102
170
151
166
197
197
125
123
126
130
128
127
110
130
187
181
142
132
164
197
197
194
175
181
117
151
163
109
129
195
132
148
139
179
148
144
148
155
188
165
118
130
155
109
128
171
182
188
185
200
164
174
147
200
172
145
108
179
158
115
195
135
196
130
191
115
114
103
106
141
147
127
117
126
162
122
196
127
100
111
136
104
163
140
155
110
191
191
150
114
144
192
164
142
162
102
118
148
112
108
149
117
159
153
190
164
107
174
128
173
173
173
189
142
116
190
148
182
163
197
105
137
101
169
179
155
160
163
173
134
133
136
196
171
185
134
163
139
141
114
132
190
139
101
108
175
123
122
162
161
156
128
167
193
138
124
199
186
159
164
124
182
128
138
129
155
112
150
120
146
171
186
139
182
156
136
153
112
146
187
188
194
109
160
188
170
167
118
142
105
115
179
117
132
114
118
104
131
108
145
190
159
135
116
156
184
188
100
170
185
127
121
168
113
108
117
106
195
136
196
178
169
143
180
150
191
171
100
182
141
159
171
132
170
189
156
173
120
118
191
120
171
104
103
136
128
157
104
178
192
155
182
161
179
183
190
182
109
142
109
124
198
133
189
147
113
126
161
154
135
150
109
159
144
123
116
138
150
129
138
116
169
167
190
174
158
200
121
134
129
150
190
152
136
137
110
147
102
137
177
150
125
165
156
129
169
128
112
139
181
180
101
192
194
123
156
149
137
114
108
158
158
151
171
137
138
125
118
118
124
142
189
134
186
