59396
54372
52402
56606
58287
56854
59680
53369
55737
54453
56553
56276
51118
54828
55262
58234
51242
52281
55550
50016
56816
57618
54610
55606
57363
50002
53703
58261
52206
52833
58748
56158
56154
58059
51186
57717
59212
56427
56423
56404
54609
55654
55647
55442
58240
52948
56416
50875
57634
59844
50362
58756
55949
58032
57233
50762
59395
59250
59259
53178
58524
52132
57893
56637
54857
55766
58209
51439
52979
54044
51197
50822
54112
54474
59401
55808
58096
57049
56248
57690
53645
57330
52170
55763
52688
50456
57145
50600
59196
52883
52595
53372
54879
52888
53345
54836
55841
52174
57007
59170
56719
50478
51159
55555
57215
56026
54783
53302
52055
53535
54303
59787
56503
59527
54130
56748
51276
51883
57705
56384
55489
51259
53421
55873
54417
52938
52017
50935
57159
53678
50423
50570
53936
57523
52612
54790
51987
55263
57646
54946
59817
57641
52449
50509
54853
50259
58125
58454
55160
53724
58037
57668
50566
57738
58126
51451
55964
50915
58862
58453
58209
52360
58051
51907
58492
53122
59233
50452
52545
53192
58453
53232
54068
52627
51769
53354
50108
52646
54389
57544
50019
54478
58699
52268
56381
59540
55918
52418
51921
56231
57719
53805
55510
55405
50871
51836
56636
59424
56325
51940
55678
58210
58284
52950
59948
57138
59367
56888
55011
54643
54288
53240
56430
51818
55449
55496
50735
54379
57676
56531
55997
52172
56989
53026
52674
53417
55187
51636
52212
57391
58219
59358
52070
52987
57295
53003
50599
59958
58546
51123
51962
59480
53335
54213
58954
51902
58350
57071
56134
51836
54555
54607
56965
56769
55380
55719
59597
51039
51575
58387
54565
52780
53898
52201
55705
58675
57681
56974
51141
55002
59071
59701
50520
53429
55788
55815
51365
57465
57532
54769
57336
52055
51533
53376
54538
52731
58899
54417
58043
57318
55039
51033
53889
52147
57604
57496
57132
56129
59145
55608
55892
54241
57886
56827
54318
53681
51268
56492
54117
56925
50016
50168
57456
53873
50169
59794
59399
57272
54411
56633
55220
54461
51263
57955
57331
59682
57823
56645
55651
57458
56628
59360
56506
51666
58269
59210
52079
59579
59654
56083
58069
52950
51980
59650
56308
57437
57293
55936
59859
53806
50244
55172
51420
56393
58210
58669
56358
54015
52514
54149
56472
57202
55664
51917
57170
57102
53778
56263
56587
57795
56782
50806
54225
58045
57278
55990
56030
56238
56614
57008
53462
57432
59885
55339
58384
56120
53593
57490
56933
53133
52581
55068
59982
51780
52192
57092
56866
58858
53044
52666
