0 1 99

1 2 52

2 3 53

3 4 25

4 5 68

5 6 54

6 7 86

7 8 59

8 9 45

9 10 75

10 11 43

11 12 8

12 13 15

13 14 89

14 15 72

15 16 1

16 17 11

17 18 77

18 19 9

19 20 32

20 21 91

21 22 52

22 23 68

23 24 57

24 25 92

25 26 50

26 27 66

27 28 44

28 29 11

29 30 26

30 31 9

31 32 96

32 33 26

33 34 62

34 35 62

35 36 54

36 37 23

37 38 47

38 39 35

39 40 60

40 41 55

41 42 75

42 43 3

43 44 26

44 45 72

45 46 78

46 47 1

47 48 40

48 49 90

49 50 45

50 51 14

51 52 6

52 53 66

53 54 36

54 55 25

55 56 100

56 57 72

57 58 18

58 59 57

59 60 32

60 61 83

61 62 46

62 63 31

63 64 43

64 65 29

65 66 17

66 67 68

67 68 12

68 69 81

69 70 3

70 71 93

71 72 10

72 73 30

73 74 66

74 75 11

75 76 13

76 77 85

77 78 33

78 79 58

79 80 83

80 81 83

81 82 46

82 83 70

83 84 22

84 85 24

85 86 24

86 87 42

87 88 58

88 89 20

89 90 10

90 91 7

91 92 69

92 93 50

93 94 79

94 95 45

95 96 92

96 97 36

97 98 11

98 99 15

99 100 94

100 101 76

101 102 4

102 103 38

103 104 79

104 105 3

105 106 84

106 107 77

107 108 48

108 109 82

109 110 17

110 111 67

111 112 71

112 113 93

113 114 60

114 115 19

115 116 74

116 117 38

117 118 52

118 119 41

119 120 51

120 121 77

121 122 14

122 123 94

123 124 20

124 125 58

125 126 32

126 127 2

127 128 92

128 129 40

129 130 85

130 131 96

131 132 52

132 133 83

133 134 29

134 135 100

135 136 47

136 137 58

137 138 13

138 139 19

139 140 91

140 141 54

141 142 80

142 143 91

143 144 74

144 145 67

145 146 6

146 147 30

147 148 46

148 149 39

149 150 91

150 151 56

151 152 96

152 153 79

153 154 86

154 155 89

155 156 9

156 157 81

157 158 53

158 159 62

159 160 45

160 161 100

161 162 72

162 163 88

163 164 85

164 165 76

165 166 43

166 167 80

167 168 97

168 169 6

169 170 76

170 171 44

171 172 43

172 173 53

173 174 57

174 175 9

175 176 36

176 177 77

177 178 76

178 179 62

179 180 28

180 181 94

181 182 32

182 183 15

183 184 7

184 185 86

185 186 18

186 187 31

187 188 65

188 189 26

189 190 80

190 191 14

191 192 31

192 193 64

193 194 75

194 195 86

195 196 20

196 197 74

197 198 12

198 199 35

199 200 62

200 201 22

201 202 29

202 203 74

203 204 35

204 205 36

205 206 23

206 207 18

207 208 34

208 209 19

209 210 20

210 211 21

211 212 1

212 213 77

213 214 81

214 215 88

215 216 41

216 217 83

217 218 2

218 219 61

219 220 8

220 221 61

221 222 63

222 223 13

223 224 44

224 225 98

225 226 98

226 227 39

227 228 69

228 229 82

229 230 39

230 231 46

231 232 32

232 233 54

233 234 40

234 235 28

235 236 57

236 237 42

237 238 30

238 239 66

239 240 40

240 241 28

241 242 70

242 243 24

243 244 20

244 245 23

245 246 75

246 247 20

247 248 14

248 249 36

249 250 82

250 251 1

251 252 61

252 253 91

253 254 60

254 255 52

255 256 34

256 257 29

257 258 23

258 259 91

259 260 71

260 261 20

261 262 11

262 263 64

263 264 16

264 265 85

265 266 71

266 267 56

267 268 10

268 269 11

269 270 10

270 271 4

271 272 99

272 273 7

273 274 14

274 275 66

275 276 72

276 277 78

277 278 25

278 279 36

279 280 64

280 281 20

281 282 10

282 283 88

283 284 4

284 285 68

285 286 96

286 287 54

287 288 57

288 289 10

289 290 26

290 291 18

291 292 23

292 293 34

293 294 79

294 295 26

295 296 67

296 297 71

297 298 55

298 299 21

299 300 97

300 301 37

301 302 41

302 303 71

303 304 100

304 305 66

305 306 12

306 307 81

307 308 14

308 309 31

309 310 74

310 311 26

311 312 79

312 313 9

313 314 93

314 315 60

315 316 49

316 317 48

317 318 95

318 319 90

319 320 39

320 321 88

321 322 44

322 323 70

323 324 80

324 325 4

325 326 51

326 327 55

327 328 58

328 329 31

329 330 60

330 331 34

331 332 48

332 333 74

333 334 99

334 335 3

335 336 71

336 337 79

337 338 59

338 339 12

339 340 2

340 341 44

341 342 74

342 343 3

343 344 80

344 345 25

345 346 34

346 347 92

347 348 61

348 349 77

349 350 86

350 351 35

351 352 36

352 353 98

353 354 88

354 355 15

355 356 52

356 357 39

357 358 3

358 359 27

359 360 20

360 361 11

361 362 63

362 363 44

363 364 75

364 365 58

365 366 64

366 367 68

367 368 70

368 369 54

369 370 94

370 371 81

371 372 97

372 373 59

373 374 89

374 375 39

375 376 61

376 377 61

377 378 72

378 379 82

379 380 96

380 381 21

381 382 78

382 383 32

383 384 14

384 385 59

385 386 91

386 387 86

387 388 75

388 389 60

389 390 17

390 391 30

391 392 40

392 393 10

393 394 2

394 395 75

395 396 55

396 397 95

397 398 9

398 399 28

399 0 92

66 212 54

208 27 12

311 362 56

61 362 90

154 388 100

102 367 19

75 275 71

148 311 9

239 156 16

237 249 50

114 306 11

276 73 92

389 33 28

269 173 71

148 252 86

39 226 7

217 35 12

309 83 43

103 151 90

37 251 4

284 287 17

120 17 13

224 248 99

294 80 34

246 253 36

295 250 99

307 265 78

267 245 88

222 178 39

92 122 66

54 119 51

102 313 49

88 336 16

286 34 17

239 190 25

256 363 89

9 91 68

5 105 1

106 152 57

5 211 73

15 97 11

142 328 88

40 225 82

190 350 14

54 229 39

66 243 98

192 382 94

164 313 3

302 12 72

20 268 57

25 363 62

398 148 19

272 2 13

181 199 12

358 271 37

218 132 83

57 214 86

209 175 8

130 311 93

322 90 74

62 373 48

87 381 39

277 255 42

298 51 28

35 203 40

365 303 42

306 271 11

380 255 58

353 146 90

339 143 27

102 366 17

62 89 48

53 183 73

256 46 67

57 360 42

333 153 86

115 366 8

324 339 57

121 241 26

164 119 64

302 149 1

20 278 41

134 175 70

51 201 68

212 93 70

262 98 81

220 190 10

0 375 77

318 161 67

29 9 37

273 326 17

311 0 78

178 75 82

7 285 30

217 249 32

3 323 1

168 119 10

47 202 86

149 294 98

31 372 13

133 66 95

359 166 90

289 371 54

291 312 94

157 16 32

376 265 50

127 164 9

173 228 62

2 65 50

142 102 67

109 264 62

22 152 80

284 180 21

157 59 55

154 37 40

269 133 14

152 279 39

77 24 8

319 136 3

199 21 4

87 210 87

314 219 70

248 205 31

189 264 77

24 86 50

166 294 82

294 237 29

179 120 52

161 324 72

12 274 1

321 350 64

25 185 50

183 23 84

368 145 75

59 350 4

167 58 36

156 149 37

290 19 33

244 176 5

149 127 47

153 74 54

86 245 47

218 306 8

16 59 58

379 279 23

41 58 8

297 367 47

203 142 46

159 137 42

15 246 52

221 374 31

5 364 67

158 143 89

373 270 70

173 259 16

312 249 55

374 300 7

112 33 53

121 397 73

154 388 61

155 144 29

250 316 13

58 319 76

192 270 43

268 97 25

364 137 26

389 395 55

120 381 1

338 298 86

6 33 24

243 373 37

60 84 71

263 107 31

158 30 23

87 314 51

308 41 82

247 176 48

310 253 61

364 327 100

124 353 8

220 156 83

280 197 52

353 130 34

4 194 25

14 79 5

30 397 60

398 251 32

192 261 39

123 250 30

380 58 95

62 173 4

219 284 88

34 63 66

182 359 54

295 217 98

283 240 56

31 151 21

274 284 46

35 373 82

231 152 11

300 272 52

58 162 82

251 99 28

390 265 49

41 295 72

352 343 21

179 286 88

367 116 69

348 4 18

197 92 38

85 364 13

209 225 53

37 236 13

14 270 69

365 283 14

186 41 79

365 274 97

268 98 66

198 17 60

186 362 19

387 79 13

42 44 8

365 363 100

70 60 55

91 340 25

244 160 100

347 341 89

16 226 80

248 340 27

167 224 31

259 66 24

147 31 12

195 47 89

305 328 9

209 367 6

163 394 14

283 79 47

382 139 46

309 136 55

48 81 55

70 380 40

123 131 82

144 354 14

310 43 86

11 261 100

237 48 91

354 377 24

17 107 16

341 374 30

48 308 16

331 118 39

99 318 88

274 21 43

317 238 28

7 269 56

64 310 38

56 176 99

38 236 98

55 257 81

369 396 64

200 44 76

148 131 99

277 229 29

244 386 41

150 1 43

5 37 41

163 125 39

143 298 87

247 1 87

342 168 70

10 326 81

290 148 93

356 386 40

173 349 65

10 108 94

333 105 51

213 130 65

341 398 48

301 310 43

106 78 76

289 343 91

335 127 38

102 24 74

326 218 69

212 203 29

27 87 88

32 349 33

125 257 14

207 374 87

327 279 91

185 128 93

124 115 68

389 14 49

303 376 30

346 337 9

177 315 12

35 341 48

271 64 74

128 63 100

138 75 38

100 85 31

225 116 25

255 110 47

134 283 54

387 29 77

379 327 30

310 260 69

211 66 50

122 110 30

208 61 64

391 113 36

176 23 52

183 174 21

144 372 63

169 240 52

127 359 1

372 321 12

397 111 41

177 340 20

108 362 50

223 331 35

58 335 9

321 45 33

364 181 98

387 53 31

191 188 10

256 242 77

194 165 75

258 310 5

359 111 20

190 254 82

251 354 82

384 325 3

63 170 90

336 288 84

93 309 5

342 246 40

331 315 8

304 337 95

64 150 72

65 66 59

322 304 80

104 46 3

385 370 8

319 47 5

274 391 75

243 17 80

115 318 25

155 223 13

277 50 95

62 131 99

236 228 67

278 160 57

284 301 61

153 292 45

172 192 10

317 139 79

26 186 63

355 70 36

310 137 13

338 187 44

209 28 84

72 242 61

343 261 25

201 75 54

79 78 78

140 257 68

23 155 95

52 386 8

74 83 63

326 144 92

147 11 23

344 388 30

62 167 85

144 255 13

303 7 41

85 178 94

225 125 78

289 256 12

7 8 72

92 314 81

396 90 29

117 264 10

268 328 82

108 389 57

235 276 78

336 322 91

284 152 36

102 371 52

222 337 25

187 372 31

47 136 80

92 347 36

102 95 9

317 147 80

156 69 31

378 191 91

0 170 75

332 97 76

73 105 32

348 24 89

337 195 53

352 227 93

70 263 14

101 346 50

247 153 10

7 168 52

344 60 25

254 360 97

143 338 24

311 395 96

355 19 53

154 196 48

380 130 29

398 156 54

101 321 62

227 59 60

43 365 20

143 392 64

118 363 57

303 268 80

316 35 1

197 243 26

54 252 12

207 143 84

35 67 21

268 112 28

295 287 42

106 56 59

127 303 74

226 12 50

372 308 20

258 85 87

386 353 89

351 180 16

376 34 88

184 269 71

229 90 100

35 312 86

185 94 41

55 381 31

209 295 33

325 213 44

168 69 58

109 268 87

99 195 66

103 153 71

353 366 1

101 270 70

311 155 29

320 326 73

91 28 35

25 51 74

16 329 93

354 247 2

319 58 25

389 60 1

114 89 75

253 271 71

283 66 6

23 374 20

350 352 24

341 1 30

310 104 35

357 251 100

300 199 28

256 72 32

192 13 8

276 123 50

304 334 50

388 169 35

156 302 93

178 124 59

251 98 13

157 163 58

7 354 61

339 327 70

132 12 72

183 220 72

135 248 42

77 43 55

113 237 27

361 214 34

10 149 2

265 305 89

380 316 2

73 191 65

149 305 92

249 358 49

388 255 92

380 55 6

103 102 10

158 163 41

283 268 5

84 159 47

190 340 29

275 247 40

88 158 26

322 206 15

163 211 98

283 60 67

263 344 15

128 61 66

21 114 1

154 147 98

391 77 69

234 247 79

167 215 35

312 335 25

182 142 55

279 54 41

388 305 17

270 38 58

216 191 57

170 236 39

349 31 83

26 167 85

82 353 60

127 268 85

239 33 39

202 277 28

33 392 84

26 259 5

53 109 85

307 293 35

83 74 32

13 303 17

317 287 90

209 342 8

356 78 79

19 346 68

25 172 92

158 359 18

198 338 97

263 390 83

398 316 20

351 33 81

42 57 47

220 352 86

93 290 78

177 392 53

269 95 89

235 397 6

167 140 2

165 134 87

218 284 37

27 68 3

383 104 25

236 322 33

204 80 35

181 183 80

99 146 8

53 325 5

339 217 46

246 230 68

57 261 59

114 189 82

276 7 74

78 261 40

119 95 74

132 232 65

385 276 67

101 185 32

211 213 9

131 386 68

275 149 16

156 85 91

87 15 72

322 237 2

388 285 15

314 157 91

13 77 4

396 74 75

239 144 58

7 149 4

95 369 53

275 60 18

41 258 16

359 353 38

361 58 37

3 398 20

211 298 31

16 291 72

49 129 34

161 232 21

274 314 46

374 186 68

354 95 71

29 207 49

98 234 39

64 59 17

359 146 70

2 83 88

322 136 26

151 358 39

358 303 80

228 157 34

293 224 6

198 112 63

390 195 55

155 260 58

254 282 28

108 125 5

157 28 87

310 231 15

261 258 59

85 4 78

133 69 94

329 8 35

249 213 90

370 2 28

87 151 33

16 50 78

394 88 82

327 78 78

292 224 41

332 326 60

107 282 100

296 272 16

228 251 65

151 122 71

247 55 80

94 116 84

136 380 92

206 43 46

212 7 100

70 82 15

276 287 37

112 279 85

97 76 45

337 243 17

231 76 98

162 17 43

341 177 16

319 91 93

351 4 41

308 398 88

266 356 39

104 214 71

260 208 16

53 316 52

113 391 61

311 235 55

284 184 56

162 297 47

177 291 86

366 149 9

12 272 83

171 292 45

127 110 35

82 353 15

233 304 70

121 280 33

300 346 14

167 125 6

387 344 83

226 374 99

397 231 1

169 188 35

81 193 59

117 48 39

208 239 81

57 295 80

72 230 89

262 55 97

388 61 25

332 336 36

57 215 54

335 18 42

17 8 24

286 378 99

352 252 44

65 244 62

236 292 47

233 177 66

148 42 98

270 223 65

243 3 45

298 193 36

301 13 100

214 396 46

142 215 92

80 3 70

148 295 78

388 378 1

108 342 96

243 163 61

257 9 36

14 187 21

314 16 8

129 286 87

194 398 23

343 385 33

388 226 10

29 221 41

162 219 63

232 63 26

328 107 64

347 363 17

260 357 37

319 190 94

158 45 38

180 235 88

349 376 25

244 353 22

328 46 51

81 57 99

73 376 13

268 393 5

118 104 98

220 10 79

123 266 85

223 142 11

281 340 86

240 257 56

289 97 17

237 141 85

85 311 43

58 93 17

310 140 11

266 130 35

77 279 69

259 162 12

3 330 54

335 54 3

145 262 69

308 117 95

202 99 36

304 71 85

391 325 77

140 150 79

205 9 40

201 356 32

120 145 61

384 130 58

33 270 74

357 192 89

65 361 10

114 88 50

95 272 48

147 397 28

387 260 57

240 350 52

385 112 62

112 69 50

65 75 42

232 27 33

366 353 39

189 362 46

165 152 57

212 164 20

230 214 12

19 189 21

270 61 97

130 198 70

92 229 51

396 374 12

154 127 49

311 123 23

148 343 54

22 264 39

182 180 83

135 312 43

88 274 14

114 84 92

255 69 29

90 333 48

270 337 93

308 75 53

237 93 53

297 241 23

236 194 67

156 369 24

334 303 91

5 24 26

190 92 14

107 380 41

181 160 52

148 192 11

242 14 44

267 375 52

342 344 80

284 14 76

0 299 11

121 53 43

202 203 12

279 252 18

350 93 24

16 96 20

255 78 9

2 130 100

225 118 78

320 205 25

33 136 67

387 75 21

254 131 3

360 69 8

333 302 27

237 216 58

31 226 74

99 72 42

158 338 57

4 203 73

6 198 55

296 8 22

62 10 2

7 236 62

161 394 32

5 60 90

81 237 65

168 285 47

126 340 36

202 32 94

246 207 43

125 49 16

39 256 5

69 290 9

22 297 30

21 261 86

170 69 56

326 157 25

325 267 61

252 393 7

385 330 12

37 124 42

138 159 77

381 71 18

131 258 19

188 5 48

375 137 48

171 219 85

190 3 4

323 352 59

95 78 46

206 355 49

395 56 46

2 29 6

140 360 82

132 123 97

121 59 56

118 219 25

3 52 8

49 194 34

398 288 89

227 316 5

155 167 50

169 167 54

29 295 81

244 102 2

193 330 35

131 128 27

362 247 86

32 82 38

206 193 22

227 303 93

334 126 69

112 105 6

398 377 7

169 10 97

224 128 32

104 232 77

373 365 57

68 195 27

368 353 72

178 358 34

235 307 59

94 339 41

213 82 90

68 131 87

172 340 53

370 104 83

184 138 80

336 308 49

103 320 5

52 281 44

136 322 37

285 256 42

261 319 44

85 393 80

108 356 81

75 7 58

253 332 17

137 33 69

108 325 94

342 100 91

314 242 86

20 137 48

288 133 61

116 313 64

248 356 7

74 242 53

150 354 6

179 117 7

94 283 14

2 129 31

298 147 41

381 5 81

233 187 99

32 109 99

242 222 3

394 277 4

46 242 6

380 231 35

180 23 71

301 156 70

378 208 25

17 175 99

48 294 8

46 170 55

18 75 31

80 288 19

210 52 38

312 162 65

141 21 88

359 24 56

136 320 79

121 202 90

127 153 89

147 188 72

65 67 8

266 240 76

55 167 25

150 385 34

296 295 87

372 360 39

167 198 55

88 45 97

115 149 98

198 115 85

134 395 70

83 262 34

47 195 16

329 119 71

261 278 53

312 310 80

210 128 21

279 225 86

158 205 75

202 253 75

262 171 5

125 46 50

358 128 72

60 344 31

321 358 80

208 314 72

124 63 78

313 91 56

133 340 30

27 124 98

157 376 95

301 85 49

109 284 71

163 189 61

113 77 87

193 251 71

322 115 26

56 50 94

47 243 32

68 283 29

393 98 69

174 89 88

285 90 89

89 55 90

189 290 27

21 143 56

144 93 90

88 201 1

334 124 5

347 126 34

378 15 13

271 197 22

135 28 29

117 247 36

10 320 16

249 159 67

82 270 10

398 179 14

86 133 26

262 315 48

392 210 92

72 263 68

206 346 84

153 282 22

37 107 100

222 190 4

10 34 5

313 238 41

77 96 52

340 26 27

65 300 7

354 176 47

305 332 2

173 0 98

219 268 88

102 293 95

293 28 33

373 159 9

338 389 63

332 311 89

188 332 72

286 133 14

252 242 99

48 230 17

88 206 57

156 263 70

218 42 17

193 290 27

6 195 75

252 191 55

185 150 84

311 356 20

156 137 47

330 25 73

53 168 55

140 260 83

83 0 56

344 130 95

165 77 15

14 253 40

16 366 6

191 154 90

226 29 35

284 159 79

377 114 81

317 36 33

345 372 95

311 368 34

262 281 5

307 73 96

257 154 43

254 381 34

278 184 43

154 239 76

297 325 4

243 169 71

27 127 28

342 239 79

389 213 11

303 217 62

367 219 100

259 43 67

126 149 95

334 230 36

143 23 44

124 323 67

130 304 95

179 270 85

224 128 37

202 201 55

276 298 25

278 42 26

172 141 80

347 285 67

386 158 34

230 300 47

87 363 16

76 143 31

329 377 29

228 177 38

356 192 18

210 52 39

206 382 66

105 340 86

389 229 19

123 369 44

97 50 94

393 377 29

322 299 31

269 99 18

395 42 7

269 320 92

272 39 66

26 317 46

296 393 52

87 262 11

274 350 76

41 257 30

39 63 12

122 21 60

183 59 39

370 162 56

360 109 16

6 211 50

69 163 4

162 377 62

97 230 4

107 242 91

139 104 65

245 39 52

349 161 22

42 212 2

277 318 61

8 25 28

29 326 57

357 194 18

331 80 55

87 64 95

389 267 98

36 172 20

162 166 81

231 126 70

358 11 71

182 86 4

303 252 97

221 147 91

228 170 99

227 331 61

184 64 31

71 136 91

150 5 78

100 102 50

242 16 89

121 59 28

344 134 92

116 149 90

364 242 68

316 228 92

363 60 68

220 235 75

324 92 5

3 285 31

27 86 66

31 185 27

226 8 35

206 63 13

175 280 21

252 46 25

67 194 30

84 79 2

307 351 64

91 175 21

377 162 46

168 15 92

292 45 60

344 211 78

105 130 29

233 376 50

37 82 38

305 240 58

293 382 6

59 179 3

366 305 29

108 114 96

102 112 55

81 60 62

347 9 35

168 136 10

373 12 27

250 71 38

122 305 76

133 160 53

249 375 36

309 16 52

156 370 96

174 360 79

269 19 34

20 338 20

313 267 5

174 81 58

221 166 25

255 14 79

170 318 43

228 188 86

21 103 77

117 197 43

22 374 48

166 325 69

159 185 29

139 297 2

360 130 49

75 313 22

122 387 79

12 322 38

193 96 48

301 390 84

283 99 80

60 23 99

389 178 82

344 100 24

203 53 2

100 109 72

308 374 1

11 384 32

283 121 14

314 333 19

200 297 28

91 15 9

67 237 37

301 60 2

324 57 10

328 301 6

16 327 25

294 21 85

188 215 30

241 51 88

130 177 14

154 3 43

266 395 72

99 379 73

68 387 81

325 0 38

112 393 53

71 339 81

21 326 6

324 83 85

115 2 43

213 58 57

339 398 62

194 244 66

214 298 28

49 62 83

359 55 32

281 62 99

180 238 64

117 163 27

78 139 89

378 19 96

342 229 68

385 160 28

26 198 12

67 159 29

32 154 49

139 44 18

41 167 28

370 283 38

356 367 99

49 359 54

46 360 34

102 222 68

145 92 85

344 377 30

295 314 52

133 131 64

71 72 75

279 71 11

107 238 10

241 186 46

82 311 31

151 92 42

242 84 92

121 243 76

273 238 69

61 398 31

343 35 34

39 117 89

243 116 93

357 361 96

306 361 31

394 187 58

85 339 12

295 339 88

180 34 64

23 368 77

334 308 84

187 9 24

101 194 78

73 262 40

351 370 8

97 109 59

224 44 50

41 380 85

162 203 40

398 1 4

2 195 88

211 146 89

84 36 93

285 393 59

121 395 72

335 395 68

231 61 38

331 265 68

272 57 36

335 130 17

22 362 4

10 321 80

356 40 69

376 242 98

22 54 43

352 192 24

54 336 41

57 102 2

348 216 38

69 80 62

147 61 3

299 244 6

27 388 13

113 246 90

218 254 80

55 277 23

316 281 90

236 239 18

312 78 33

66 41 55

193 345 73

293 348 76

375 52 36

21 369 33

189 89 52

18 227 58

283 272 68

226 172 52

92 7 37

189 37 80

84 129 11

86 393 30

373 264 19

143 254 65

69 245 28

93 59 84

380 99 26

40 153 44

329 93 65

81 322 30

124 79 18

303 299 36

335 80 30

394 4 82

339 265 54

165 57 40

391 197 44

13 8 12

374 276 52

193 69 27

344 329 62

334 115 19

178 247 32

74 26 22

114 299 7

256 93 65

91 360 16

64 92 32

317 331 59

335 333 94

143 250 68

301 393 34

374 95 11

295 152 79

184 336 7

220 116 70

289 112 92

278 340 76

58 218 7

188 9 76

346 311 83

62 88 71

350 162 68

141 74 72

44 298 72

126 283 48

354 49 39

82 144 76

181 125 54

374 54 9

193 331 39

43 265 31

278 26 69

58 370 49

196 329 19

201 326 87

100 50 47

259 34 60

173 348 35

242 142 30

244 101 64

389 35 4

171 374 84

174 221 74

181 40 94

324 370 61

25 98 93

298 179 31

314 330 87

310 181 6

97 2 44

311 115 58

391 228 72

314 89 50

193 195 48

199 179 16

310 88 48

128 381 22

64 375 4

362 328 68

214 336 73

67 117 46

1 108 1

128 111 54

204 182 80

147 209 31

1 210 19

240 2 60

188 341 53

165 166 39

304 49 8

156 190 83

210 317 43

270 323 87

321 222 63

391 363 81

393 111 62

146 1 63

238 234 71

387 128 38

6 325 63

162 380 100

274 161 48

322 216 97

330 392 18

116 366 66

185 390 36

161 205 61

113 110 6

58 135 20

12 280 76

289 149 17

319 322 46

87 108 78

274 136 43

233 135 26

98 389 74

171 77 21

130 213 58

95 300 61

28 222 26

248 293 9

330 201 5

12 118 19

38 22 45

172 139 45

330 280 6

318 160 13

309 141 41

318 262 41

73 333 40

144 281 40

206 124 85

202 275 43

300 246 89

352 131 54

143 277 74

365 146 38

268 338 47

212 58 55

277 189 31

103 223 78

318 287 36

311 338 5

297 15 2

88 193 21

126 312 4

20 136 15

294 350 67

20 299 57

200 279 91

205 291 64

306 94 79

281 146 86

250 32 43

89 264 18

110 216 21

68 324 87

139 74 18

158 66 3

19 326 45

167 246 60

304 337 54

239 206 54

281 167 54

118 388 94

204 156 23

322 317 52

85 346 61

239 9 54

297 201 15

342 243 63

337 145 24

197 108 5

283 306 63

379 385 15

119 95 47

354 161 23

357 100 29

308 184 57

295 177 12

267 156 39

380 287 26

294 69 45

38 307 88

97 212 9

67 104 19

66 201 33

389 75 17

73 89 54

290 157 71

170 350 51

215 166 53

178 253 50

131 95 79

171 307 68

395 288 41

130 119 76

297 270 61

77 319 7

92 188 16

256 377 2

243 222 38

303 124 86

310 384 49

147 3 36

172 328 68

240 175 24

349 164 55

8 131 74

396 36 56

31 201 93

312 245 23

52 379 73

51 184 85

282 244 51

270 214 83

159 100 46

120 282 9

203 283 51

367 109 30

128 286 67

104 121 50

237 281 80

244 52 65

189 69 22

356 220 59

139 4 52

113 246 47

125 54 28

323 172 64

62 290 93

1 286 82

153 356 97

60 138 66

214 166 25

215 241 51

257 71 9

384 333 1

84 111 83

19 356 50

192 188 62

325 142 8

21 129 99

338 203 15

52 291 79

37 312 87

144 106 100

234 82 90

133 31 79

308 393 16

385 383 10

339 290 35

173 336 73

32 203 81

199 188 77

376 317 59

193 156 8

51 262 82

168 82 73

141 206 77

285 125 14

184 386 77

175 7 28

214 267 51

359 78 85

49 96 64

233 165 94

116 82 47

68 59 46

0 205 51

355 120 63

306 20 91

288 148 57

374 49 96

81 270 29

348 334 69

176 363 62

29 352 76

333 75 10

315 255 18

270 263 95

181 395 79

214 206 69

18 330 88

46 366 18

201 100 43

132 4 3

321 148 51

148 195 49

292 176 66

100 31 2

393 387 40

29 382 10

247 324 89

357 153 88

389 388 40

282 203 54

93 276 23

81 250 97

296 361 83

393 158 61

310 47 22

312 336 86

72 249 43

319 256 46

314 17 25

88 217 49

33 81 13

355 215 46

385 70 70

357 31 49

259 379 88

395 49 47

321 63 41

161 389 26

73 119 92

265 193 34

334 189 64

191 293 86

360 332 36

385 142 15

193 300 43

27 359 30

391 264 69

60 8 39

41 29 30

152 295 50

161 291 26

200 135 12

176 25 27

21 270 44

367 36 64

275 300 71

129 108 93

142 269 25

1 275 53

372 18 98

312 73 12

365 357 76

65 123 24

39 307 78

262 215 78

328 51 54

281 32 26

121 77 52

160 280 45

375 368 52

309 157 36

330 99 62

362 379 2

158 345 81

291 135 60

227 284 2

245 218 100

296 339 100

117 217 79

158 318 31

130 16 3

335 219 74

206 60 89

176 303 47

89 346 24

366 92 28

335 213 8

280 87 21

316 247 61

49 346 50

112 39 55

355 283 22

47 41 28

365 92 24

10 229 2

260 339 4

318 395 39

284 146 49

101 398 36

310 295 35

341 199 39

277 51 39

275 76 95

230 362 32

56 295 8

27 176 96

144 131 15

277 317 25

282 235 41

66 194 18

149 32 58

236 167 84

7 185 92

237 29 67

219 266 15

11 141 49

363 95 4

320 107 10

288 186 4

314 162 71

212 300 11

155 273 3

254 59 85

304 243 81

112 168 66

272 167 70

151 340 18

225 46 16

386 54 95

155 79 96

83 232 64

294 348 21

139 42 63

313 168 6

207 391 46

159 172 54

288 256 16

121 375 24

240 67 65

377 147 62

42 143 47

153 290 67

350 152 23

0 380 8

153 80 12

51 363 72

385 210 1

320 30 5

333 56 28

81 100 27

1 22 71

29 332 46

96 127 1

28 356 13

42 120 93

231 339 99

244 143 18

113 255 85

164 246 76

322 9 74

140 127 99

191 356 68

26 275 37

282 309 41

268 132 66

232 277 89

178 286 25

294 192 58

115 335 23

211 256 15

149 0 38

55 231 89

117 38 79

343 11 89

329 205 81

293 285 75

352 175 16

200 75 37

110 278 43

328 345 18

235 361 37

284 373 34

102 292 95

275 43 55

177 314 87

361 12 29

268 141 36

391 25 86

172 306 14

166 198 38

376 38 41

332 248 85

155 126 71

374 335 51

386 251 38

21 80 12

241 11 16

316 392 83

158 341 29

263 317 53

276 49 86

242 205 54

296 197 44

2 373 78

176 295 27

146 390 71

285 284 63

19 105 41

60 210 87

66 22 22

375 373 42

80 307 69

118 13 91

341 365 94

135 215 97

185 291 5

127 339 43

270 328 16

57 300 31

16 393 90

242 243 68

160 137 66

85 89 77

16 307 22

294 346 82

36 265 46

234 83 53

141 206 2

272 92 71

363 294 23

187 99 77

309 341 77

56 326 8

252 271 93

269 24 95

324 349 19

375 111 97

198 216 39

352 311 1

132 270 88

180 359 57

42 269 31

33 321 84

249 74 72

8 150 2

116 370 55

308 257 38

250 34 99

248 396 23

150 331 43

384 3 21

121 192 29

390 237 58

275 315 89

169 368 88

320 382 44

297 208 67

153 244 75

75 80 34

234 258 22

305 353 17

253 258 2

306 309 96

86 280 97

151 206 29

362 278 39

167 5 65

130 301 23

87 65 28

252 126 41

287 280 69

275 180 62

270 140 75

271 201 42

145 47 24

281 395 43

385 351 27

379 264 49

203 222 32

231 344 60

361 61 52

335 107 67

37 337 17

382 30 5

354 33 80

80 21 17

211 95 9

318 27 43

318 324 84

80 380 80

113 239 14

358 106 36

48 270 25

383 62 61

259 105 73

355 191 86

263 368 15

234 17 55

261 13 9

81 350 81

326 35 36

314 14 82

175 45 10

25 61 83

241 9 20

330 218 97

342 297 16

225 372 43

369 96 13

41 157 10

18 21 78

363 191 92

283 336 70

8 142 98

306 42 56

68 351 92

359 16 69

88 279 74

190 286 64

60 289 100

281 7 18

56 83 50

168 374 64

267 186 68

56 121 90

128 177 12

179 265 78

234 105 92

366 54 85

250 36 60

148 41 1

350 157 67

80 72 34

242 337 96

376 176 10

65 118 4

98 231 13

216 157 75

209 348 81

280 173 48

95 309 52

145 353 23

306 260 64

194 134 62

13 5 31

344 169 55

349 37 97

170 174 55

64 10 63

124 223 36

56 62 76

350 37 85

225 220 73

203 204 96

282 183 66

31 135 53

261 124 93

51 271 26

331 129 85

318 64 3

169 93 91

362 179 41

245 197 36

239 149 82

195 293 62

362 374 3

149 113 19

160 178 7

385 371 13

93 376 52

389 179 41

169 215 51

150 309 23

25 252 67

234 24 59

391 170 12

350 260 54

345 185 37

230 347 85

70 304 20

103 278 51

124 395 27

359 316 66

101 374 12

64 378 96

81 40 97

264 158 17

174 123 89

371 42 6

161 37 17

385 199 68

300 286 100

331 48 40

267 384 5

358 81 100

360 229 21

313 390 43

238 34 85

201 106 62

361 319 41

49 50 63

203 57 46

266 197 34

264 319 42

318 300 74

78 289 61

242 146 13

8 200 16

140 49 45

395 184 74

219 259 20

390 25 22

345 106 56

3 101 72

169 173 36

2 4 74

100 49 74

259 363 21

385 303 91

262 232 32

148 319 59

74 65 97

265 288 68

165 85 19

228 235 38

73 181 70

324 384 95

159 314 96

388 168 71

263 310 35

130 360 39

199 318 66

123 99 58

255 278 41

56 28 85

179 265 51

375 315 54

159 144 90

149 17 5

313 316 22

50 164 91

287 375 15

213 269 90

134 20 85

40 229 72

243 336 13

153 91 1

387 390 36

365 113 79

37 61 67

2 199 54

97 31 73

166 197 43

288 371 23

96 155 15

141 360 65

166 61 61

293 235 35

91 171 84

39 6 49

219 125 69

154 159 97

309 350 93

304 115 30

277 347 14

239 8 49

225 197 40

135 13 26

33 100 53

18 205 95

167 244 25

56 183 25

239 236 95

306 234 46

306 351 22

263 200 42

191 240 88

100 183 83

59 22 58

82 224 92

385 356 30

259 24 84

291 190 91

217 30 83

295 234 40

165 10 93

287 7 50

162 163 1

240 220 62

104 148 83

374 371 33

270 172 51

150 24 86

379 359 54

58 114 31

375 347 16

362 144 47

242 270 36

368 22 5

32 70 41

338 370 74

233 151 78

180 384 75

274 383 46

185 298 89

333 201 43

195 10 66

85 124 45

192 397 68

19 280 66

358 276 48

254 91 75

15 99 15

37 62 67

146 19 71

154 204 96

320 186 65

181 347 35

82 21 15

322 191 8

64 265 81

374 66 62

307 382 94

202 251 77

70 168 69

162 186 51

311 397 13

223 217 57

295 36 86

258 163 71

131 296 16

157 369 24

353 132 78

64 369 79

160 186 78

352 210 9

115 70 49

365 138 80

3 377 87

387 379 74

10 287 15

236 54 71

123 201 47

348 352 72

213 129 24

373 7 92

307 384 4

136 298 3

228 179 76

28 84 39

387 394 21

228 350 5

238 325 59

374 132 19

344 153 63

181 338 8

10 89 44

211 36 20

311 170 28

386 143 29

35 90 16

221 369 82

353 328 66

151 375 54

157 308 16

19 129 80

93 59 5

354 208 84

354 292 41

323 52 62

163 140 14

285 195 4

353 239 39

189 171 54

83 298 90

64 257 44

78 360 1

246 186 66

398 231 1

189 274 97

38 295 34

378 47 5

396 139 19

66 256 91

279 186 32

22 204 9

35 215 75

181 113 9

336 211 42

361 355 23

265 5 82

229 132 46

372 40 16

125 81 33

313 368 64

289 64 17

58 130 52

100 362 62

264 306 33

133 369 49

389 364 31

202 263 86

309 339 21

25 304 76

65 251 50

143 338 4

89 179 74

272 55 5

172 137 42

284 290 93

77 42 19

302 72 76

358 250 11

267 338 90

381 134 17

45 276 67

316 178 82

284 72 12

297 254 99

247 355 77

59 21 34

328 282 92

348 172 86

95 66 92

132 299 47

69 352 75

73 23 49

346 34 14

134 5 46

280 73 50

38 120 17

330 309 59

71 176 5

182 81 40

386 397 88

91 24 21

306 195 24

58 217 2

273 226 9

240 6 58

149 27 52

310 240 88

13 142 9

283 90 14

141 147 94

297 167 57

90 143 91

390 38 11

229 301 19

6 193 50

198 381 31

148 46 97

369 39 52

337 240 16

130 219 87

175 247 37

164 266 99

172 156 90

212 140 86

314 63 47

2 150 47

279 232 11

211 5 15

40 83 65

265 173 82

98 384 33

315 174 48

40 390 78

122 370 23

292 159 80

389 365 83

338 241 55

392 116 51

101 130 23

150 368 46

12 248 16

62 359 9

374 339 90

288 300 28

164 76 23

106 371 32

275 88 39

314 344 58

325 188 77

284 105 17

273 54 15

297 324 89

372 14 28

280 116 9

361 233 59

51 71 31

276 136 5

11 183 61

205 267 85

166 291 37

312 73 47

2 24 56

319 121 7

222 136 23

145 367 97

366 194 73

13 44 24

263 397 19

315 131 60

250 54 86

201 166 11

13 229 87

348 316 51

27 336 94

219 247 54

396 226 62

211 360 59

173 8 89

177 138 74

152 106 45

113 24 53

365 366 81

357 328 59

123 42 29

389 84 95

332 391 2

301 217 67

18 300 80

360 382 57

234 330 19

249 86 78

213 371 21

218 192 12

142 264 45

330 190 66

21 110 20

361 368 26

224 80 15

347 202 56

77 173 18

181 199 52

155 395 58

376 370 84

151 225 74

347 68 49

257 26 7

46 329 76

153 198 51

124 369 48

5 137 97

384 168 67

101 170 88

44 65 7

225 273 44

191 305 63

363 115 43

8 231 99

371 112 47

175 331 10

363 250 54

216 52 7

245 52 76

139 379 86

379 0 60

101 216 87

338 247 5

345 119 74

331 192 87

197 207 11

296 148 46

303 12 97

80 33 4

98 153 70

22 59 54

133 76 76

312 323 40

381 64 64

354 293 68

184 16 54

112 372 100

8 275 1

225 395 11

217 9 37

312 80 33

278 361 3

215 372 63

145 209 56

387 139 35

378 282 20

285 173 16

341 75 7

200 26 90

382 310 10

72 64 42

344 15 41

16 244 69

56 41 90

65 9 96

4 316 87

329 215 53

283 287 18

286 118 37

239 183 98

139 294 59

74 264 89

329 284 82

88 1 11

353 385 40

367 271 95

346 353 28

73 358 95

170 71 24

250 83 11

275 42 13

151 41 50

117 252 77

332 8 33

89 124 38

308 63 37

343 83 34

329 60 83

121 62 50

221 284 2

72 132 61

374 76 57

335 176 48

243 95 86

245 99 4

397 276 3

134 26 9

100 302 51

123 174 29

65 13 53

51 24 42

90 320 57

315 208 57

265 58 47

282 300 21

198 101 84

270 159 8

298 114 83

115 206 78

195 141 74

131 311 65

101 279 35

275 377 35

189 117 12

366 388 22

112 268 79

254 103 78

196 199 96

340 66 51

61 243 25

286 281 38

67 180 84

58 333 15

262 86 21

368 127 39

38 313 76

35 346 18

144 375 27

295 89 52

186 128 42

64 1 81

381 237 16

41 128 78

354 166 3

67 357 94

283 354 99

251 298 73

48 6 52

171 20 28

285 351 58

6 80 87

180 260 29

290 12 52

258 31 75

163 267 52

82 73 16

310 26 19

251 145 92

1 227 62

12 242 16

283 388 29

262 168 93

34 67 99

365 194 98

207 77 28

170 386 67

316 233 7

34 381 6

302 284 71

304 284 26

115 82 87

20 171 62

189 303 77

167 143 51

324 45 100

233 128 66

93 122 7

312 228 22

97 109 31

384 37 19

174 69 25

102 389 60

220 76 71

255 8 72

62 229 98

253 101 38

111 372 26

207 210 32

205 54 64

169 367 77

308 374 68

266 171 54

322 226 91

226 160 95

225 28 73

114 174 55

101 70 87

74 65 27

15 234 55

73 142 62

59 99 79

374 33 62

334 265 35

73 112 85

196 57 98

45 153 22

182 265 49

125 283 15

3 194 96

23 103 46

181 387 43

321 4 33

235 390 81

240 220 19

183 28 100

61 15 34

231 77 55

254 102 93

224 85 9

311 166 59

48 381 80

213 219 100

45 221 95

147 272 95

339 171 78

174 385 79

377 79 21

339 176 56

352 214 88

307 3 39

256 360 89

319 361 8

171 107 11

32 51 18

309 264 31

298 296 56

340 51 26

43 64 100

296 94 91

81 272 80

218 157 39

106 179 35

246 308 94

187 292 80

66 273 17

202 10 76

361 136 3

287 128 9

281 7 17

82 46 84

373 20 25

165 84 14

168 226 82

394 19 84

274 243 65

365 336 17

238 348 47

254 201 98

289 130 23

230 17 9

299 204 94

270 192 8

186 196 53

204 344 92

37 119 12

220 39 86

363 150 88

271 154 21

95 387 50

27 230 78

390 121 54

60 181 27

306 383 1

189 14 48

161 359 10

96 181 20

138 13 71

259 102 24

360 372 6

124 267 72

4 369 36

37 12 60

131 368 19

247 85 13

201 276 4

288 195 79

119 374 26

314 139 58

118 25 33

333 165 38

231 164 15

298 115 7

241 264 14

143 309 38

109 279 86

186 229 65

386 324 99

51 362 17

315 92 14

113 81 9

377 122 22

346 364 45

313 59 66

391 88 85

146 83 59

88 278 75

52 224 56

213 306 24

139 79 27

119 88 77

240 236 97

305 171 27

114 129 48

158 129 20

31 373 66

285 156 53

237 243 2

110 172 68

264 363 80

217 55 86

97 147 55

7 8 59

37 176 73

2 9 83

295 184 15

354 221 16

220 293 39

212 220 6

220 94 92

0 149 38

43 346 40

122 240 21

186 80 8

115 167 21

78 64 78

126 379 75

325 220 42

73 194 52

317 126 2

313 52 56

169 260 86

180 341 53

227 45 4

378 72 31

122 47 53

213 123 83

288 67 90

371 346 81

99 9 14

240 68 39

5 295 23

281 9 74

224 78 36

59 172 15

361 142 82

134 258 17

6 40 30

381 48 55

194 392 29

297 306 68

229 31 78

305 131 16

256 203 25

116 384 2

375 9 16

281 166 39

108 387 68

44 194 25

37 106 89

330 349 20

39 333 61

373 70 68

136 60 91

211 275 22

249 379 6

211 316 16

367 327 79

49 384 86

327 180 37

396 56 94

120 63 100

207 364 70

79 76 27

374 140 56

141 206 9

191 51 87

57 177 54

362 195 60

327 332 65

355 151 18

168 225 28

359 382 98

249 396 37

170 134 76

176 27 15

287 3 57

1 373 31

343 275 88

211 241 28

346 272 10

277 156 71

127 147 31

66 93 31

56 281 61

148 32 52

281 212 17

221 91 71

232 173 1

264 297 39

33 322 25

356 351 45

8 256 23

159 287 44

101 265 51

140 291 65

60 59 40

361 396 6

269 55 67

340 320 91

300 19 3

96 65 81

9 31 99

247 114 91

306 5 27

35 186 79

61 112 88

357 74 20

57 349 78

302 382 11

282 76 33

344 326 14

227 72 77

152 232 88

212 247 86

145 125 88

374 281 18

60 9 43

320 302 51

147 33 32

353 342 10

199 269 95

229 268 25

51 356 75

141 331 44

361 231 74

17 101 48

230 210 29

315 10 87

215 28 3

105 233 8

285 349 69

361 110 33

53 109 54

254 267 11

200 346 29

391 262 62

82 380 78

349 331 64

226 344 49

94 281 100

47 296 93

118 353 78

192 92 79

332 379 19

249 370 11

171 370 55

157 361 100

344 152 22

184 201 76

309 98 13

25 126 100

369 380 97

289 388 15

296 148 29

333 373 8

144 311 31

77 55 17

334 198 12

262 96 39

128 344 46

39 6 9

162 255 50

0 25 27

7 345 69

32 249 20

188 333 59

169 216 16

259 148 98

118 184 11

278 317 88

317 256 19

335 299 87

224 20 34

299 293 71

354 121 3

99 244 20

258 285 73

297 56 59

252 104 53

212 81 65

350 384 59

