0 1
0 2
0 3
0 4
0 5
0 6
0 7
0 8
0 9
0 10
0 11
0 12
0 13
0 14
0 15
0 16
0 17
0 18
0 19
0 20
0 21
0 22
0 23
0 24
0 25
0 26
0 27
0 28
0 29
0 30
0 31
0 32
0 33
0 34
0 35
0 36
0 37
0 38
0 39
0 40
0 41
0 42
0 43
0 44
0 45
0 46
0 47
0 48
0 49
0 50
0 51
0 52
0 53
0 54
0 55
0 56
0 57
0 58
0 59
0 60
0 61
0 62
0 64
0 65
0 66
0 68
0 69
0 70
0 71
0 72
0 75
0 76
0 77
0 78
0 79
0 80
0 81
0 84
0 85
0 87
0 88
0 90
0 91
0 92
0 93
0 95
0 96
0 100
0 101
0 108
0 110
0 111
0 112
0 113
0 117
0 120
0 121
0 123
0 124
0 130
0 131
0 135
0 136
0 137
0 138
0 141
0 144
0 146
0 151
0 152
0 154
0 156
0 158
0 160
0 162
0 163
0 166
0 168
0 169
0 171
0 175
0 186
0 191
0 193
0 198
0 200
0 201
0 202
0 208
0 211
0 213
0 216
0 222
0 223
0 225
0 226
0 229
0 230
0 232
0 236
0 237
0 256
0 258
0 260
0 261
0 263
0 265
0 271
0 277
0 278
0 284
0 287
0 291
0 292
0 299
1 36
1 38
1 39
1 40
1 41
1 42
1 43
1 44
1 45
1 46
1 47
1 48
1 49
1 50
1 51
1 52
1 53
1 54
1 57
1 58
1 60
1 61
1 62
1 65
1 67
1 68
1 69
1 77
1 79
1 80
1 81
1 91
1 96
1 98
1 102
1 105
1 109
1 110
1 112
1 124
1 127
1 129
1 140
1 142
1 144
1 147
1 148
1 152
1 157
1 162
1 164
1 172
1 174
1 177
1 178
1 185
1 187
1 190
1 193
1 195
1 197
1 205
1 208
1 209
1 213
1 216
1 219
1 220
1 224
1 234
1 238
1 249
1 251
1 254
1 255
1 256
1 263
1 270
1 276
1 277
1 278
1 283
2 36
2 37
2 38
2 40
2 54
2 59
2 61
2 63
2 77
2 80
2 85
2 94
2 95
2 106
2 110
2 115
2 131
2 139
2 145
2 151
2 152
2 171
2 181
2 194
2 201
2 208
2 237
2 240
2 244
2 245
2 247
2 270
3 36
3 37
3 39
3 40
3 41
3 43
3 44
3 46
3 47
3 48
3 49
3 56
3 61
3 62
3 63
3 64
3 66
3 67
3 70
3 73
3 76
3 80
3 87
3 92
3 97
3 106
3 107
3 114
3 116
3 121
3 131
3 142
3 146
3 150
3 158
3 160
3 181
3 189
3 196
3 199
3 202
3 203
3 205
3 210
3 211
3 220
3 223
3 229
3 231
3 232
3 250
3 253
3 255
3 265
3 269
3 270
3 274
3 281
3 284
3 286
3 288
3 289
3 295
4 36
4 37
4 38
4 39
4 40
4 41
4 42
4 43
4 44
4 45
4 47
4 48
4 50
4 52
4 53
4 54
4 55
4 58
4 61
4 63
4 65
4 66
4 67
4 69
4 70
4 71
4 75
4 85
4 92
4 96
4 97
4 99
4 101
4 103
4 105
4 124
4 125
4 128
4 134
4 146
4 150
4 153
4 156
4 175
4 197
4 203
4 211
4 217
4 221
4 223
4 235
4 237
4 245
4 251
4 255
4 264
4 281
4 286
4 287
4 291
4 294
5 36
5 37
5 38
5 39
5 40
5 44
5 45
5 46
5 47
5 49
5 51
5 53
5 55
5 57
5 59
5 60
5 63
5 69
5 74
5 75
5 79
5 80
5 81
5 85
5 86
5 88
5 89
5 91
5 95
5 96
5 107
5 108
5 119
5 123
5 124
5 127
5 128
5 129
5 138
5 142
5 151
5 155
5 158
5 159
5 162
5 165
5 176
5 185
5 193
5 195
5 198
5 201
5 205
5 213
5 219
5 220
5 221
5 224
5 225
5 227
5 230
5 231
5 233
5 234
5 235
5 240
5 248
5 249
5 251
5 252
5 255
5 271
5 273
5 275
5 276
5 282
5 292
6 36
6 37
6 38
6 39
6 40
6 41
6 42
6 43
6 44
6 46
6 47
6 48
6 49
6 51
6 54
6 55
6 56
6 57
6 60
6 61
6 63
6 64
6 66
6 67
6 68
6 69
6 72
6 73
6 76
6 78
6 79
6 81
6 83
6 84
6 94
6 100
6 102
6 103
6 106
6 109
6 112
6 116
6 117
6 118
6 119
6 129
6 131
6 139
6 143
6 144
6 145
6 146
6 153
6 156
6 164
6 171
6 179
6 182
6 185
6 198
6 202
6 203
6 207
6 208
6 219
6 225
6 227
6 228
6 231
6 234
6 237
6 239
6 240
6 254
6 267
6 272
6 278
6 296
6 299
7 36
7 37
7 38
7 39
7 40
7 41
7 42
7 43
7 44
7 45
7 46
7 48
7 49
7 50
7 51
7 52
7 53
7 55
7 56
7 57
7 58
7 63
7 66
7 70
7 73
7 80
7 85
7 86
7 88
7 91
7 100
7 102
7 106
7 109
7 115
7 127
7 129
7 131
7 134
7 135
7 137
7 139
7 143
7 148
7 149
7 152
7 156
7 181
7 194
7 201
7 208
7 214
7 228
7 233
7 237
7 246
7 259
7 264
7 267
7 273
7 285
7 290
7 294
8 36
8 37
8 38
8 39
8 40
8 41
8 42
8 43
8 44
8 45
8 46
8 47
8 49
8 50
8 55
8 57
8 59
8 60
8 62
8 65
8 66
8 67
8 69
8 70
8 71
8 80
8 82
8 86
8 89
8 92
8 93
8 94
8 99
8 100
8 105
8 111
8 118
8 119
8 120
8 122
8 125
8 127
8 131
8 135
8 140
8 142
8 143
8 150
8 155
8 157
8 158
8 168
8 172
8 176
8 177
8 178
8 186
8 188
8 191
8 192
8 196
8 210
8 213
8 215
8 224
8 239
8 240
8 246
8 253
8 257
8 279
8 281
8 290
9 36
9 37
9 38
9 39
9 41
9 42
9 43
9 44
9 45
9 46
9 47
9 48
9 50
9 51
9 53
9 56
9 57
9 58
9 60
9 62
9 63
9 65
9 68
9 69
9 71
9 72
9 73
9 75
9 76
9 77
9 78
9 79
9 85
9 86
9 87
9 95
9 104
9 107
9 108
9 115
9 122
9 129
9 130
9 135
9 145
9 147
9 149
9 154
9 158
9 163
9 166
9 175
9 184
9 185
9 199
9 203
9 226
9 235
9 242
9 244
9 250
9 252
9 260
9 266
9 272
9 274
9 278
9 297
10 36
10 37
10 38
10 41
10 42
10 43
10 44
10 45
10 46
10 47
10 50
10 51
10 53
10 55
10 56
10 60
10 66
10 72
10 84
10 88
10 99
10 105
10 108
10 112
10 124
10 125
10 128
10 141
10 145
10 146
10 155
10 156
10 168
10 177
10 195
10 198
10 218
10 234
10 241
10 253
10 275
10 276
10 283
10 287
10 295
10 299
11 36
11 37
11 38
11 39
11 40
11 41
11 42
11 43
11 44
11 45
11 46
11 47
11 48
11 49
11 50
11 51
11 52
11 53
11 54
11 55
11 57
11 58
11 61
11 64
11 67
11 68
11 70
11 73
11 75
11 76
11 78
11 80
11 82
11 91
11 94
11 95
11 99
11 100
11 109
11 117
11 120
11 124
11 125
11 129
11 130
11 134
11 136
11 139
11 140
11 141
11 147
11 155
11 162
11 165
11 166
11 170
11 172
11 174
11 181
11 183
11 188
11 195
11 197
11 199
11 202
11 204
11 206
11 208
11 209
11 220
11 226
11 230
11 237
11 245
11 254
11 257
11 259
11 260
11 264
11 269
11 273
11 288
11 290
11 299
12 36
12 37
12 38
12 39
12 40
12 41
12 42
12 43
12 44
12 45
12 46
12 47
12 49
12 50
12 51
12 53
12 55
12 57
12 61
12 62
12 64
12 66
12 70
12 81
12 82
12 83
12 86
12 87
12 90
12 93
12 97
12 98
12 106
12 107
12 114
12 126
12 133
12 141
12 143
12 149
12 188
12 198
12 202
12 206
12 209
12 212
12 214
12 217
12 218
12 229
12 231
12 247
12 251
12 266
12 267
12 270
12 274
12 281
12 282
12 288
12 293
12 298
13 36
13 37
13 38
13 39
13 40
13 42
13 43
13 45
13 50
13 51
13 54
13 55
13 59
13 61
13 62
13 65
13 66
13 74
13 90
13 92
13 98
13 101
13 107
13 108
13 109
13 113
13 119
13 139
13 141
13 149
13 155
13 159
13 174
13 190
13 212
13 213
13 215
13 216
13 218
13 220
13 241
13 245
13 265
13 279
13 283
13 291
13 293
13 294
13 298
14 36
14 37
14 39
14 40
14 41
14 42
14 44
14 45
14 49
14 50
14 52
14 53
14 54
14 55
14 57
14 58
14 59
14 62
14 64
14 68
14 69
14 70
14 72
14 78
14 80
14 90
14 91
14 92
14 98
14 102
14 105
14 106
14 109
14 112
14 118
14 123
14 128
14 136
14 146
14 150
14 157
14 158
14 172
14 173
14 180
14 182
14 213
14 221
14 231
14 232
14 246
14 247
14 269
14 279
14 298
14 299
15 36
15 37
15 38
15 39
15 41
15 42
15 43
15 44
15 46
15 48
15 49
15 50
15 51
15 52
15 54
15 55
15 58
15 62
15 63
15 64
15 65
15 67
15 70
15 71
15 72
15 73
15 76
15 77
15 79
15 81
15 82
15 85
15 91
15 93
15 97
15 99
15 109
15 113
15 119
15 121
15 122
15 127
15 134
15 140
15 141
15 142
15 147
15 149
15 155
15 159
15 161
15 174
15 178
15 182
15 183
15 185
15 203
15 205
15 215
15 217
15 219
15 228
15 231
15 232
15 248
15 250
15 255
15 256
15 257
15 258
15 259
15 263
15 265
15 279
15 281
15 287
15 288
15 291
15 293
16 36
16 37
16 38
16 39
16 40
16 41
16 42
16 43
16 44
16 45
16 46
16 47
16 48
16 50
16 51
16 57
16 63
16 64
16 68
16 70
16 72
16 73
16 84
16 87
16 89
16 90
16 91
16 97
16 98
16 99
16 101
16 104
16 114
16 118
16 120
16 123
16 135
16 137
16 138
16 147
16 155
16 159
16 182
16 188
16 203
16 206
16 211
16 234
16 235
16 246
16 289
16 290
16 294
17 36
17 37
17 38
17 39
17 40
17 41
17 43
17 45
17 46
17 48
17 49
17 51
17 52
17 59
17 60
17 61
17 67
17 69
17 72
17 76
17 85
17 91
17 94
17 95
17 122
17 127
17 128
17 131
17 133
17 135
17 140
17 145
17 162
17 166
17 172
17 177
17 179
17 183
17 194
17 195
17 225
17 237
17 246
17 260
17 266
17 269
17 278
17 279
17 281
17 290
18 36
18 37
18 38
18 39
18 40
18 41
18 42
18 43
18 44
18 45
18 47
18 48
18 49
18 51
18 52
18 55
18 56
18 59
18 60
18 65
18 67
18 69
18 70
18 72
18 73
18 74
18 76
18 77
18 82
18 83
18 84
18 85
18 87
18 91
18 93
18 96
18 98
18 99
18 103
18 105
18 109
18 110
18 123
18 125
18 128
18 129
18 130
18 134
18 135
18 138
18 142
18 144
18 147
18 149
18 151
18 152
18 154
18 161
18 163
18 164
18 172
18 175
18 177
18 178
18 183
18 184
18 185
18 187
18 190
18 199
18 200
18 202
18 204
18 210
18 219
18 228
18 242
18 244
18 248
18 251
18 260
18 266
18 276
18 282
18 284
18 293
18 297
19 36
19 37
19 38
19 39
19 40
19 41
19 42
19 43
19 44
19 45
19 46
19 48
19 49
19 50
19 51
19 53
19 54
19 56
19 57
19 60
19 61
19 63
19 64
19 65
19 68
19 73
19 74
19 75
19 76
19 78
19 84
19 94
19 95
19 97
19 99
19 104
19 105
19 113
19 115
19 116
19 117
19 119
19 122
19 123
19 128
19 130
19 132
19 134
19 142
19 145
19 153
19 156
19 161
19 164
19 177
19 178
19 183
19 186
19 196
19 200
19 202
19 212
19 216
19 223
19 226
19 233
19 237
19 244
19 249
19 255
19 258
19 260
19 263
19 274
20 36
20 37
20 38
20 39
20 40
20 41
20 44
20 45
20 47
20 48
20 49
20 52
20 57
20 59
20 62
20 63
20 65
20 69
20 73
20 74
20 78
20 80
20 86
20 97
20 98
20 101
20 102
20 105
20 106
20 113
20 128
20 143
20 148
20 150
20 163
20 164
20 166
20 169
20 173
20 181
20 184
20 187
20 189
20 205
20 206
20 209
20 211
20 212
20 219
20 220
20 221
20 231
20 236
20 238
20 252
20 261
21 36
21 37
21 38
21 39
21 41
21 42
21 44
21 45
21 46
21 47
21 51
21 52
21 53
21 56
21 57
21 59
21 69
21 75
21 77
21 78
21 82
21 88
21 91
21 94
21 103
21 110
21 111
21 113
21 122
21 129
21 130
21 132
21 133
21 138
21 140
21 142
21 147
21 162
21 164
21 165
21 176
21 177
21 180
21 187
21 191
21 195
21 205
21 206
21 214
21 215
21 227
21 254
21 263
21 264
21 270
21 271
21 275
21 281
21 295
22 36
22 37
22 38
22 39
22 40
22 42
22 43
22 44
22 45
22 46
22 49
22 50
22 51
22 52
22 53
22 54
22 56
22 59
22 65
22 77
22 78
22 82
22 90
22 94
22 95
22 107
22 108
22 111
22 112
22 113
22 114
22 116
22 122
22 124
22 128
22 130
22 131
22 136
22 138
22 142
22 144
22 149
22 150
22 153
22 162
22 171
22 172
22 178
22 182
22 185
22 191
22 197
22 216
22 223
22 224
22 226
22 239
22 247
22 252
22 260
22 264
22 266
22 275
22 290
22 297
23 36
23 37
23 38
23 39
23 40
23 41
23 42
23 43
23 44
23 45
23 46
23 48
23 49
23 53
23 56
23 57
23 63
23 65
23 66
23 68
23 75
23 77
23 78
23 79
23 80
23 81
23 82
23 83
23 84
23 85
23 86
23 89
23 92
23 97
23 101
23 102
23 109
23 115
23 125
23 127
23 148
23 149
23 151
23 152
23 157
23 162
23 166
23 169
23 177
23 181
23 195
23 198
23 200
23 201
23 202
23 203
23 209
23 212
23 218
23 221
23 231
23 232
23 238
23 245
23 252
23 267
23 270
23 278
23 279
23 282
23 287
23 293
23 297
23 299
24 36
24 37
24 38
24 40
24 42
24 43
24 44
24 46
24 47
24 50
24 52
24 53
24 54
24 59
24 60
24 65
24 67
24 68
24 74
24 76
24 77
24 82
24 83
24 84
24 86
24 87
24 92
24 98
24 108
24 110
24 112
24 113
24 114
24 119
24 136
24 137
24 142
24 147
24 152
24 154
24 158
24 161
24 169
24 173
24 175
24 176
24 187
24 191
24 192
24 197
24 201
24 203
24 213
24 216
24 223
24 229
24 231
24 247
24 254
24 257
24 273
24 280
24 284
24 286
25 38
25 40
25 41
25 45
25 47
25 48
25 49
25 55
25 60
25 64
25 68
25 69
25 73
25 74
25 76
25 77
25 82
25 90
25 91
25 94
25 97
25 98
25 100
25 116
25 120
25 131
25 134
25 160
25 167
25 170
25 184
25 206
25 208
25 210
25 226
25 236
25 240
25 258
25 273
25 294
26 36
26 37
26 38
26 39
26 40
26 41
26 42
26 44
26 45
26 47
26 48
26 50
26 52
26 54
26 58
26 61
26 63
26 69
26 71
26 81
26 82
26 87
26 89
26 90
26 93
26 95
26 99
26 100
26 105
26 110
26 111
26 118
26 123
26 125
26 130
26 132
26 135
26 150
26 159
26 160
26 162
26 167
26 180
26 185
26 192
26 194
26 201
26 206
26 216
26 221
26 225
26 231
26 236
26 241
26 247
26 258
26 294
27 36
27 37
27 38
27 39
27 40
27 46
27 47
27 51
27 53
27 54
27 57
27 58
27 62
27 71
27 78
27 90
27 98
27 106
27 107
27 108
27 109
27 110
27 112
27 119
27 125
27 130
27 134
27 139
27 146
27 156
27 166
27 171
27 188
27 192
27 195
27 207
27 226
27 233
27 247
27 280
27 286
27 287
28 36
28 37
28 38
28 39
28 40
28 41
28 42
28 43
28 48
28 49
28 55
28 56
28 58
28 62
28 64
28 71
28 73
28 74
28 76
28 80
28 83
28 85
28 86
28 88
28 92
28 108
28 112
28 115
28 121
28 122
28 128
28 132
28 134
28 135
28 139
28 141
28 144
28 151
28 154
28 157
28 162
28 165
28 168
28 169
28 175
28 176
28 184
28 199
28 204
28 207
28 216
28 223
28 229
28 234
28 246
28 248
28 268
28 290
28 299
29 36
29 37
29 38
29 39
29 40
29 41
29 42
29 43
29 44
29 46
29 48
29 50
29 52
29 53
29 54
29 55
29 56
29 57
29 58
29 59
29 62
29 64
29 65
29 66
29 68
29 72
29 73
29 75
29 79
29 81
29 83
29 85
29 87
29 90
29 93
29 94
29 102
29 104
29 105
29 107
29 108
29 125
29 126
29 129
29 134
29 135
29 154
29 155
29 158
29 159
29 165
29 174
29 179
29 180
29 183
29 208
29 222
29 223
29 233
29 244
29 261
29 267
29 268
29 274
29 282
29 292
29 296
30 36
30 37
30 38
30 39
30 40
30 41
30 42
30 43
30 44
30 45
30 47
30 49
30 50
30 52
30 58
30 60
30 62
30 63
30 64
30 70
30 71
30 75
30 79
30 80
30 84
30 87
30 89
30 90
30 94
30 95
30 101
30 103
30 105
30 106
30 111
30 113
30 118
30 128
30 144
30 146
30 147
30 148
30 165
30 166
30 178
30 186
30 190
30 191
30 195
30 201
30 206
30 209
30 213
30 221
30 225
30 241
30 244
30 248
30 251
30 255
30 256
30 259
30 266
30 274
30 288
31 36
31 37
31 38
31 39
31 40
31 41
31 42
31 43
31 44
31 45
31 46
31 47
31 48
31 49
31 51
31 52
31 53
31 54
31 55
31 56
31 58
31 59
31 60
31 62
31 63
31 64
31 76
31 80
31 85
31 86
31 89
31 93
31 97
31 103
31 104
31 110
31 111
31 120
31 121
31 127
31 137
31 139
31 151
31 154
31 163
31 165
31 167
31 171
31 179
31 180
31 198
31 199
31 207
31 210
31 229
31 233
31 235
31 246
31 249
31 255
31 256
31 257
31 267
31 271
31 281
31 287
31 291
31 298
32 36
32 37
32 38
32 39
32 40
32 41
32 42
32 43
32 44
32 46
32 47
32 48
32 49
32 50
32 52
32 53
32 54
32 56
32 58
32 59
32 61
32 64
32 67
32 69
32 70
32 71
32 72
32 73
32 75
32 77
32 80
32 84
32 86
32 89
32 97
32 98
32 106
32 107
32 111
32 112
32 113
32 122
32 123
32 126
32 137
32 139
32 141
32 143
32 149
32 150
32 151
32 153
32 157
32 171
32 173
32 175
32 177
32 180
32 182
32 184
32 192
32 197
32 198
32 199
32 202
32 205
32 214
32 218
32 220
32 221
32 222
32 229
32 238
32 241
32 244
32 249
32 252
32 254
32 257
32 262
32 268
32 270
32 279
32 281
32 285
32 286
33 36
33 37
33 38
33 39
33 40
33 41
33 42
33 43
33 45
33 47
33 48
33 49
33 50
33 51
33 52
33 53
33 57
33 59
33 64
33 67
33 71
33 80
33 81
33 84
33 87
33 92
33 95
33 103
33 105
33 106
33 109
33 112
33 114
33 127
33 129
33 131
33 133
33 141
33 146
33 174
33 193
33 195
33 200
33 203
33 206
33 210
33 211
33 220
33 222
33 225
33 226
33 236
33 238
33 243
33 257
33 270
33 285
34 36
34 37
34 38
34 39
34 40
34 41
34 42
34 43
34 45
34 46
34 47
34 48
34 50
34 51
34 54
34 59
34 70
34 81
34 82
34 84
34 88
34 92
34 95
34 100
34 101
34 105
34 108
34 116
34 120
34 121
34 123
34 140
34 144
34 146
34 148
34 151
34 154
34 170
34 180
34 182
34 186
34 187
34 189
34 191
34 196
34 199
34 200
34 203
34 210
34 211
34 218
34 228
34 240
34 258
34 263
34 271
35 36
35 37
35 39
35 41
35 42
35 43
35 46
35 54
35 57
35 60
35 63
35 66
35 69
35 70
35 75
35 76
35 77
35 79
35 85
35 86
35 89
35 91
35 96
35 99
35 100
35 101
35 108
35 110
35 112
35 115
35 121
35 132
35 134
35 146
35 148
35 161
35 168
35 170
35 180
35 184
35 188
35 191
35 219
35 239
35 247
35 257
35 280
36 37
36 38
36 39
36 40
36 41
36 42
36 43
36 44
36 45
36 46
36 47
36 48
36 49
36 50
36 51
36 52
36 53
36 54
36 55
36 56
36 58
36 59
36 60
36 61
36 63
36 65
36 66
36 68
36 69
36 70
36 71
36 72
36 74
36 76
36 77
36 78
36 79
36 80
36 81
36 83
36 84
36 87
36 89
36 90
36 93
36 94
36 96
36 97
36 103
36 105
36 106
36 111
36 114
36 115
36 116
36 118
36 119
36 124
36 125
36 127
36 128
36 129
36 130
36 135
36 140
36 143
36 146
36 150
36 154
36 156
36 157
36 165
36 169
36 171
36 175
36 177
36 178
36 179
36 181
36 182
36 184
36 185
36 188
36 192
36 193
36 197
36 198
36 207
36 210
36 215
36 219
36 220
36 222
36 223
36 235
36 241
36 243
36 249
36 250
36 253
36 256
36 257
36 263
36 265
36 267
36 272
36 276
36 284
36 285
36 289
36 291
36 298
37 38
37 39
37 40
37 41
37 42
37 43
37 44
37 45
37 46
37 47
37 48
37 49
37 50
37 51
37 52
37 53
37 54
37 55
37 56
37 57
37 58
37 59
37 60
37 61
37 62
37 63
37 64
37 65
37 66
37 67
37 68
37 69
37 70
37 74
37 77
37 78
37 79
37 80
37 81
37 82
37 83
37 88
37 91
37 92
37 94
37 95
37 99
37 100
37 101
37 102
37 103
37 104
37 114
37 115
37 117
37 119
37 123
37 124
37 125
37 126
37 128
37 132
37 134
37 138
37 139
37 143
37 144
37 148
37 149
37 151
37 152
37 153
37 154
37 155
37 157
37 161
37 162
37 163
37 164
37 166
37 171
37 172
37 174
37 176
37 178
37 181
37 182
37 187
37 190
37 192
37 193
37 194
37 195
37 197
37 198
37 199
37 202
37 204
37 207
37 212
37 213
37 214
37 217
37 218
37 224
37 229
37 230
37 231
37 232
37 239
37 240
37 248
37 251
37 253
37 254
37 255
37 260
37 263
37 268
37 272
37 274
37 276
37 277
37 279
37 283
37 284
37 289
37 290
37 291
37 293
37 295
37 298
37 299
38 39
38 40
38 41
38 42
38 43
38 44
38 45
38 46
38 47
38 48
38 49
38 50
38 51
38 52
38 53
38 54
38 55
38 56
38 58
38 59
38 60
38 61
38 62
38 63
38 65
38 66
38 67
38 68
38 69
38 70
38 71
38 72
38 73
38 74
38 75
38 76
38 77
38 79
38 80
38 81
38 82
38 83
38 87
38 88
38 89
38 90
38 94
38 96
38 97
38 99
38 100
38 101
38 103
38 104
38 105
38 107
38 108
38 109
38 114
38 115
38 116
38 117
38 118
38 120
38 121
38 123
38 124
38 125
38 127
38 129
38 132
38 133
38 135
38 136
38 140
38 141
38 142
38 143
38 145
38 147
38 149
38 151
38 158
38 160
38 164
38 165
38 168
38 172
38 173
38 177
38 178
38 183
38 184
38 186
38 195
38 205
38 210
38 211
38 214
38 217
38 220
38 223
38 225
38 229
38 231
38 238
38 241
38 243
38 246
38 250
38 255
38 259
38 261
38 266
38 267
38 273
38 279
38 280
38 281
38 284
38 288
38 292
38 298
39 40
39 41
39 42
39 43
39 44
39 45
39 46
39 47
39 48
39 49
39 50
39 51
39 52
39 53
39 54
39 55
39 56
39 57
39 58
39 60
39 61
39 62
39 64
39 65
39 66
39 68
39 70
39 71
39 74
39 75
39 76
39 77
39 78
39 79
39 80
39 81
39 82
39 84
39 85
39 86
39 88
39 89
39 93
39 94
39 96
39 97
39 98
39 99
39 100
39 101
39 102
39 103
39 104
39 107
39 108
39 109
39 110
39 111
39 113
39 114
39 115
39 118
39 119
39 123
39 125
39 126
39 127
39 128
39 129
39 130
39 139
39 142
39 145
39 146
39 149
39 158
39 159
39 162
39 164
39 166
39 167
39 170
39 171
39 176
39 190
39 198
39 199
39 208
39 210
39 218
39 222
39 224
39 227
39 230
39 232
39 236
39 239
39 241
39 242
39 247
39 249
39 262
39 265
39 268
39 269
39 270
39 274
39 276
39 283
39 289
39 292
39 294
39 296
40 41
40 42
40 43
40 44
40 45
40 46
40 47
40 48
40 49
40 50
40 51
40 52
40 54
40 55
40 56
40 57
40 58
40 59
40 60
40 61
40 62
40 63
40 64
40 65
40 66
40 67
40 68
40 70
40 71
40 72
40 73
40 75
40 76
40 77
40 79
40 80
40 81
40 82
40 87
40 88
40 89
40 91
40 93
40 94
40 95
40 98
40 99
40 105
40 106
40 108
40 110
40 113
40 114
40 117
40 126
40 130
40 132
40 133
40 137
40 138
40 139
40 142
40 148
40 150
40 157
40 160
40 161
40 162
40 165
40 167
40 170
40 171
40 173
40 182
40 183
40 186
40 187
40 189
40 190
40 191
40 193
40 196
40 212
40 219
40 222
40 226
40 230
40 232
40 238
40 240
40 243
40 254
40 260
40 264
40 270
40 275
40 277
40 279
40 283
40 285
40 294
40 298
40 299
41 42
41 43
41 44
41 45
41 46
41 47
41 48
41 49
41 50
41 51
41 52
41 53
41 54
41 56
41 57
41 58
41 59
41 60
41 61
41 62
41 63
41 64
41 66
41 67
41 68
41 70
41 71
41 72
41 73
41 74
41 75
41 78
41 79
41 83
41 87
41 88
41 96
41 97
41 101
41 102
41 108
41 110
41 112
41 113
41 114
41 118
41 119
41 123
41 128
41 134
41 136
41 140
41 143
41 145
41 146
41 147
41 149
41 150
41 152
41 157
41 169
41 177
41 180
41 181
41 184
41 186
41 190
41 192
41 193
41 202
41 207
41 208
41 209
41 211
41 219
41 220
41 222
41 224
41 226
41 227
41 230
41 232
41 233
41 234
41 240
41 241
41 245
41 247
41 254
41 261
41 262
41 264
41 265
41 279
41 280
41 281
41 282
41 286
41 292
42 43
42 44
42 45
42 46
42 47
42 48
42 49
42 50
42 51
42 52
42 53
42 54
42 55
42 56
42 58
42 59
42 61
42 62
42 63
42 64
42 65
42 66
42 67
42 69
42 70
42 71
42 72
42 74
42 75
42 77
42 79
42 80
42 81
42 83
42 86
42 87
42 90
42 95
42 96
42 97
42 99
42 100
42 103
42 104
42 106
42 107
42 108
42 109
42 111
42 113
42 116
42 117
42 119
42 120
42 121
42 122
42 123
42 125
42 126
42 128
42 130
42 131
42 133
42 134
42 135
42 137
42 138
42 139
42 145
42 147
42 148
42 155
42 156
42 160
42 164
42 166
42 167
42 170
42 171
42 173
42 176
42 178
42 179
42 181
42 183
42 186
42 187
42 190
42 192
42 194
42 196
42 203
42 204
42 205
42 207
42 209
42 213
42 216
42 220
42 223
42 224
42 225
42 226
42 230
42 240
42 244
42 245
42 249
42 250
42 259
42 267
42 272
42 274
42 278
42 282
42 284
42 285
42 287
42 288
42 291
42 292
42 293
42 295
42 296
42 297
43 44
43 45
43 46
43 47
43 48
43 49
43 51
43 52
43 53
43 54
43 55
43 56
43 57
43 58
43 59
43 60
43 61
43 64
43 65
43 66
43 67
43 68
43 69
43 71
43 72
43 74
43 76
43 77
43 78
43 79
43 81
43 85
43 87
43 88
43 93
43 95
43 96
43 97
43 98
43 100
43 101
43 102
43 103
43 104
43 107
43 110
43 113
43 114
43 115
43 117
43 118
43 123
43 132
43 136
43 138
43 140
43 143
43 146
43 148
43 154
43 158
43 161
43 163
43 168
43 169
43 177
43 180
43 181
43 186
43 188
43 190
43 191
43 192
43 197
43 201
43 203
43 205
43 213
43 217
43 218
43 222
43 227
43 229
43 235
43 236
43 238
43 242
43 245
43 246
43 248
43 252
43 259
43 260
43 265
43 268
43 271
43 274
43 275
43 278
43 288
43 289
43 297
43 298
44 45
44 46
44 47
44 48
44 49
44 50
44 52
44 53
44 54
44 55
44 56
44 57
44 58
44 59
44 60
44 61
44 63
44 65
44 66
44 67
44 68
44 69
44 74
44 78
44 79
44 81
44 82
44 83
44 84
44 85
44 86
44 92
44 93
44 94
44 96
44 99
44 100
44 101
44 105
44 106
44 111
44 112
44 113
44 114
44 115
44 117
44 120
44 121
44 125
44 126
44 127
44 128
44 137
44 138
44 140
44 144
44 150
44 152
44 154
44 156
44 158
44 162
44 163
44 165
44 166
44 167
44 169
44 174
44 175
44 177
44 178
44 180
44 182
44 184
44 185
44 187
44 189
44 192
44 196
44 199
44 201
44 202
44 204
44 205
44 206
44 210
44 213
44 216
44 217
44 222
44 223
44 227
44 229
44 231
44 235
44 241
44 242
44 243
44 251
44 252
44 256
44 257
44 261
44 265
44 268
44 282
44 292
44 293
45 46
45 47
45 48
45 49
45 50
45 51
45 52
45 53
45 54
45 55
45 56
45 57
45 58
45 59
45 60
45 61
45 62
45 63
45 64
45 65
45 66
45 67
45 70
45 72
45 74
45 75
45 78
45 80
45 82
45 84
45 88
45 90
45 96
45 97
45 98
45 101
45 102
45 106
45 107
45 111
45 114
45 118
45 119
45 120
45 124
45 125
45 127
45 129
45 131
45 133
45 136
45 137
45 139
45 141
45 142
45 143
45 144
45 147
45 151
45 153
45 156
45 157
45 159
45 163
45 164
45 169
45 172
45 177
45 178
45 186
45 191
45 194
45 196
45 206
45 209
45 211
45 212
45 215
45 223
45 228
45 231
45 235
45 237
45 242
45 245
45 248
45 251
45 257
45 262
45 271
45 278
45 279
45 283
45 287
45 291
45 295
45 297
46 47
46 48
46 49
46 50
46 51
46 52
46 53
46 54
46 55
46 56
46 57
46 59
46 60
46 61
46 64
46 65
46 66
46 68
46 69
46 70
46 71
46 73
46 74
46 75
46 76
46 78
46 79
46 83
46 85
46 87
46 88
46 89
46 90
46 92
46 93
46 94
46 96
46 97
46 98
46 99
46 100
46 102
46 103
46 104
46 111
46 112
46 113
46 115
46 116
46 117
46 118
46 120
46 122
46 123
46 125
46 137
46 138
46 142
46 144
46 145
46 152
46 154
46 155
46 156
46 158
46 160
46 161
46 166
46 167
46 168
46 169
46 175
46 178
46 181
46 182
46 183
46 184
46 188
46 189
46 197
46 205
46 206
46 207
46 210
46 214
46 215
46 219
46 220
46 222
46 223
46 224
46 238
46 239
46 243
46 251
46 252
46 253
46 256
46 258
46 259
46 263
46 270
46 274
46 277
46 287
46 288
46 289
46 299
47 48
47 50
47 51
47 52
47 53
47 54
47 55
47 56
47 57
47 58
47 59
47 60
47 61
47 62
47 63
47 64
47 67
47 68
47 69
47 71
47 72
47 74
47 75
47 76
47 77
47 78
47 79
47 81
47 82
47 84
47 85
47 87
47 94
47 96
47 98
47 109
47 112
47 115
47 116
47 118
47 120
47 121
47 123
47 124
47 125
47 126
47 128
47 130
47 134
47 135
47 141
47 145
47 148
47 149
47 152
47 155
47 158
47 159
47 160
47 161
47 164
47 166
47 167
47 168
47 169
47 170
47 174
47 177
47 179
47 181
47 185
47 188
47 193
47 196
47 197
47 199
47 206
47 224
47 228
47 230
47 234
47 236
47 242
47 245
47 248
47 250
47 251
47 255
47 256
47 257
47 260
47 262
47 265
47 266
47 267
47 270
47 278
47 280
47 287
48 49
48 50
48 51
48 52
48 55
48 56
48 57
48 58
48 59
48 60
48 61
48 62
48 63
48 64
48 65
48 66
48 68
48 69
48 70
48 71
48 72
48 73
48 74
48 75
48 77
48 78
48 81
48 82
48 83
48 85
48 88
48 89
48 92
48 94
48 95
48 97
48 103
48 104
48 106
48 109
48 110
48 112
48 114
48 121
48 130
48 132
48 138
48 139
48 142
48 149
48 150
48 152
48 155
48 159
48 164
48 171
48 174
48 175
48 179
48 183
48 187
48 189
48 191
48 192
48 193
48 196
48 203
48 204
48 205
48 208
48 209
48 212
48 214
48 222
48 224
48 225
48 237
48 239
48 250
48 253
48 264
48 265
48 269
48 273
48 275
48 276
48 277
48 283
48 284
48 285
48 296
49 50
49 51
49 52
49 53
49 54
49 55
49 56
49 57
49 58
49 59
49 60
49 61
49 62
49 63
49 68
49 70
49 73
49 74
49 75
49 77
49 78
49 82
49 83
49 84
49 86
49 87
49 89
49 92
49 94
49 95
49 96
49 99
49 100
49 101
49 103
49 104
49 105
49 109
49 113
49 116
49 117
49 119
49 120
49 121
49 122
49 124
49 125
49 130
49 132
49 137
49 138
49 144
49 145
49 146
49 147
49 148
49 151
49 156
49 158
49 163
49 164
49 166
49 168
49 174
49 187
49 188
49 194
49 199
49 210
49 211
49 212
49 214
49 216
49 217
49 224
49 242
49 247
49 253
49 254
49 255
49 257
49 259
49 262
49 266
49 267
49 269
49 271
49 273
49 276
49 277
49 278
49 281
49 283
49 285
49 286
49 287
49 290
49 291
49 292
50 51
50 52
50 53
50 54
50 55
50 56
50 58
50 60
50 61
50 62
50 66
50 70
50 71
50 72
50 73
50 74
50 76
50 78
50 79
50 81
50 84
50 85
50 86
50 87
50 88
50 89
50 90
50 95
50 96
50 97
50 98
50 103
50 106
50 109
50 110
50 112
50 116
50 117
50 121
50 124
50 125
50 127
50 128
50 131
50 132
50 133
50 136
50 137
50 139
50 140
50 143
50 146
50 148
50 149
50 150
50 151
50 153
50 159
50 160
50 161
50 165
50 167
50 168
50 171
50 174
50 176
50 181
50 183
50 185
50 186
50 187
50 189
50 193
50 197
50 201
50 206
50 208
50 211
50 215
50 221
50 225
50 230
50 231
50 233
50 240
50 243
50 245
50 256
50 262
50 264
50 269
50 274
50 280
50 298
51 52
51 53
51 55
51 56
51 60
51 62
51 63
51 64
51 66
51 67
51 68
51 71
51 73
51 74
51 76
51 77
51 78
51 79
51 81
51 82
51 83
51 84
51 86
51 87
51 88
51 89
51 90
51 91
51 92
51 93
51 96
51 97
51 98
51 101
51 102
51 106
51 108
51 113
51 114
51 116
51 120
51 121
51 124
51 130
51 131
51 133
51 134
51 136
51 137
51 139
51 140
51 142
51 144
51 145
51 147
51 151
51 152
51 153
51 156
51 158
51 159
51 160
51 162
51 163
51 164
51 165
51 167
51 169
51 170
51 171
51 175
51 177
51 178
51 180
51 186
51 191
51 192
51 199
51 202
51 208
51 212
51 218
51 224
51 228
51 229
51 232
51 237
51 238
51 240
51 242
51 244
51 251
51 256
51 257
51 258
51 260
51 262
51 275
51 278
51 279
51 281
51 283
51 284
51 287
51 288
51 296
51 298
52 53
52 54
52 55
52 56
52 57
52 58
52 60
52 61
52 62
52 63
52 64
52 65
52 67
52 69
52 70
52 72
52 73
52 74
52 76
52 77
52 78
52 79
52 81
52 94
52 96
52 97
52 100
52 102
52 104
52 109
52 111
52 118
52 119
52 121
52 122
52 124
52 131
52 132
52 133
52 134
52 136
52 139
52 141
52 144
52 145
52 146
52 149
52 153
52 155
52 156
52 160
52 162
52 168
52 170
52 173
52 175
52 176
52 182
52 183
52 190
52 192
52 193
52 198
52 199
52 205
52 207
52 214
52 216
52 221
52 227
52 228
52 230
52 232
52 233
52 234
52 236
52 239
52 242
52 247
52 249
52 254
52 256
52 261
52 265
52 271
52 273
52 279
52 284
52 286
52 293
52 294
52 298
52 299
53 54
53 55
53 56
53 57
53 58
53 59
53 60
53 62
53 63
53 64
53 66
53 67
53 68
53 69
53 70
53 71
53 72
53 73
53 75
53 78
53 80
53 81
53 83
53 84
53 85
53 87
53 88
53 91
53 92
53 93
53 94
53 96
53 98
53 100
53 101
53 102
53 103
53 105
53 107
53 108
53 111
53 112
53 116
53 120
53 122
53 123
53 124
53 127
53 128
53 129
53 132
53 136
53 137
53 139
53 143
53 146
53 149
53 157
53 158
53 162
53 168
53 169
53 171
53 172
53 173
53 174
53 175
53 177
53 188
53 192
53 198
53 202
53 206
53 208
53 210
53 212
53 218
53 222
53 233
53 238
53 239
53 240
53 241
53 243
53 246
53 251
53 252
53 255
53 258
53 260
53 265
53 272
53 276
53 283
53 285
53 296
54 55
54 56
54 57
54 58
54 59
54 62
54 63
54 64
54 65
54 66
54 67
54 68
54 69
54 75
54 78
54 82
54 83
54 84
54 85
54 86
54 88
54 89
54 90
54 96
54 97
54 98
54 99
54 101
54 103
54 104
54 106
54 107
54 113
54 119
54 120
54 121
54 124
54 125
54 126
54 129
54 132
54 133
54 137
54 143
54 147
54 148
54 152
54 155
54 157
54 164
54 179
54 181
54 183
54 186
54 187
54 189
54 195
54 200
54 201
54 203
54 205
54 209
54 210
54 214
54 224
54 225
54 229
54 237
54 243
54 247
54 259
54 261
54 277
54 278
54 280
54 282
54 292
54 293
55 56
55 57
55 58
55 59
55 60
55 61
55 62
55 64
55 65
55 68
55 69
55 71
55 74
55 75
55 77
55 78
55 80
55 82
55 83
55 86
55 87
55 88
55 89
55 92
55 94
55 98
55 99
55 100
55 101
55 104
55 106
55 107
55 116
55 121
55 122
55 123
55 125
55 126
55 128
55 145
55 146
55 151
55 155
55 159
55 163
55 168
55 172
55 173
55 178
55 186
55 193
55 197
55 199
55 206
55 210
55 211
55 216
55 217
55 220
55 223
55 230
55 231
55 234
55 237
55 242
55 244
55 246
55 248
55 251
55 255
55 257
55 261
55 263
55 270
55 286
55 297
56 57
56 58
56 59
56 61
56 62
56 63
56 64
56 65
56 67
56 68
56 70
56 71
56 73
56 76
56 78
56 82
56 84
56 85
56 87
56 89
56 90
56 91
56 92
56 93
56 99
56 103
56 106
56 109
56 110
56 111
56 113
56 115
56 119
56 122
56 129
56 131
56 143
56 144
56 146
56 148
56 153
56 154
56 155
56 156
56 157
56 158
56 167
56 168
56 169
56 172
56 173
56 176
56 178
56 179
56 180
56 186
56 188
56 190
56 196
56 198
56 202
56 203
56 207
56 211
56 212
56 214
56 230
56 233
56 234
56 253
56 258
56 260
56 264
56 266
56 271
56 272
56 277
56 281
56 283
56 286
56 288
56 289
56 292
56 294
56 299
57 58
57 60
57 61
57 62
57 63
57 65
57 66
57 67
57 68
57 72
57 73
57 74
57 76
57 77
57 78
57 80
57 81
57 82
57 87
57 88
57 91
57 92
57 93
57 102
57 103
57 109
57 112
57 113
57 115
57 118
57 124
57 127
57 128
57 135
57 146
57 147
57 149
57 150
57 173
57 174
57 175
57 176
57 178
57 179
57 180
57 187
57 191
57 192
57 204
57 217
57 223
57 225
57 226
57 227
57 228
57 238
57 240
57 244
57 248
57 264
57 267
57 268
57 269
57 271
57 279
57 282
57 283
57 286
57 287
57 289
58 59
58 60
58 61
58 62
58 64
58 67
58 68
58 71
58 73
58 76
58 79
58 80
58 81
58 82
58 90
58 91
58 92
58 96
58 99
58 102
58 104
58 105
58 111
58 113
58 115
58 116
58 117
58 120
58 122
58 123
58 125
58 126
58 128
58 129
58 131
58 132
58 135
58 136
58 137
58 139
58 140
58 141
58 145
58 150
58 151
58 152
58 154
58 172
58 184
58 186
58 189
58 190
58 191
58 192
58 196
58 201
58 208
58 214
58 215
58 217
58 227
58 231
58 233
58 239
58 246
58 251
58 260
58 261
58 262
58 269
58 271
58 276
58 279
58 282
58 285
58 291
58 292
58 293
59 61
59 62
59 63
59 66
59 67
59 68
59 71
59 74
59 76
59 79
59 83
59 85
59 86
59 87
59 89
59 90
59 91
59 95
59 98
59 99
59 101
59 103
59 105
59 107
59 108
59 114
59 115
59 116
59 117
59 119
59 120
59 123
59 126
59 132
59 136
59 140
59 144
59 148
59 149
59 150
59 156
59 157
59 160
59 165
59 170
59 172
59 193
59 194
59 195
59 198
59 199
59 205
59 217
59 220
59 224
59 225
59 227
59 230
59 231
59 233
59 236
59 242
59 246
59 247
59 248
59 253
59 259
59 280
59 289
59 292
59 297
59 298
60 61
60 64
60 65
60 66
60 67
60 69
60 70
60 71
60 72
60 74
60 75
60 79
60 80
60 82
60 83
60 84
60 85
60 86
60 88
60 89
60 91
60 92
60 93
60 96
60 99
60 100
60 101
60 103
60 104
60 105
60 107
60 108
60 111
60 113
60 115
60 118
60 120
60 121
60 124
60 127
60 128
60 129
60 130
60 132
60 133
60 136
60 138
60 142
60 155
60 157
60 165
60 166
60 169
60 170
60 173
60 174
60 175
60 179
60 181
60 182
60 188
60 207
60 212
60 213
60 215
60 220
60 222
60 230
60 233
60 240
60 241
60 243
60 245
60 255
60 258
60 263
60 266
60 267
60 281
60 285
60 286
60 287
60 292
60 294
60 296
60 297
60 298
61 63
61 65
61 67
61 70
61 72
61 73
61 75
61 76
61 77
61 79
61 83
61 84
61 85
61 86
61 90
61 93
61 95
61 96
61 99
61 102
61 103
61 105
61 109
61 110
61 114
61 116
61 117
61 119
61 125
61 126
61 127
61 129
61 131
61 144
61 146
61 165
61 170
61 177
61 182
61 187
61 188
61 193
61 194
61 196
61 197
61 198
61 203
61 210
61 220
61 228
61 234
61 238
61 242
61 246
61 249
61 267
61 271
61 280
61 281
61 285
61 286
62 64
62 65
62 66
62 67
62 69
62 71
62 72
62 73
62 74
62 75
62 77
62 80
62 81
62 82
62 84
62 85
62 86
62 87
62 88
62 91
62 94
62 96
62 99
62 106
62 107
62 110
62 113
62 116
62 117
62 124
62 129
62 136
62 139
62 140
62 141
62 142
62 144
62 147
62 153
62 156
62 157
62 158
62 159
62 161
62 163
62 174
62 176
62 186
62 188
62 189
62 193
62 194
62 199
62 202
62 203
62 205
62 208
62 212
62 213
62 217
62 219
62 225
62 227
62 228
62 230
62 233
62 238
62 254
62 261
62 263
62 271
62 272
62 277
62 280
62 291
62 297
63 65
63 66
63 67
63 68
63 69
63 72
63 73
63 75
63 77
63 78
63 81
63 82
63 83
63 84
63 87
63 88
63 89
63 93
63 94
63 101
63 102
63 104
63 106
63 109
63 110
63 111
63 115
63 121
63 122
63 123
63 124
63 126
63 127
63 128
63 135
63 139
63 141
63 143
63 144
63 147
63 148
63 150
63 151
63 159
63 160
63 169
63 170
63 171
63 172
63 176
63 178
63 180
63 186
63 187
63 189
63 194
63 196
63 201
63 218
63 233
63 238
63 243
63 245
63 246
63 253
63 256
63 263
63 265
63 274
63 275
63 277
63 296
63 299
64 65
64 66
64 67
64 69
64 70
64 71
64 72
64 74
64 76
64 77
64 78
64 82
64 83
64 85
64 86
64 89
64 90
64 94
64 95
64 100
64 101
64 104
64 107
64 108
64 110
64 114
64 117
64 123
64 124
64 127
64 128
64 129
64 130
64 132
64 133
64 134
64 144
64 148
64 151
64 152
64 154
64 156
64 157
64 161
64 164
64 165
64 169
64 171
64 172
64 174
64 175
64 189
64 194
64 204
64 207
64 211
64 216
64 228
64 230
64 232
64 234
64 241
64 243
64 256
64 257
64 267
64 269
64 273
64 274
64 278
64 280
64 282
64 284
64 291
64 296
65 66
65 68
65 69
65 70
65 71
65 73
65 74
65 77
65 79
65 80
65 81
65 83
65 85
65 86
65 87
65 89
65 91
65 98
65 101
65 102
65 108
65 109
65 110
65 111
65 114
65 118
65 119
65 130
65 133
65 138
65 139
65 146
65 147
65 153
65 154
65 158
65 169
65 170
65 171
65 174
65 177
65 179
65 180
65 185
65 189
65 194
65 198
65 200
65 202
65 213
65 217
65 218
65 219
65 222
65 229
65 233
65 239
65 249
65 250
65 256
65 262
65 263
65 264
65 265
65 268
65 272
65 277
65 280
65 281
65 295
66 67
66 69
66 71
66 72
66 73
66 79
66 80
66 81
66 83
66 85
66 86
66 90
66 93
66 94
66 95
66 96
66 108
66 109
66 110
66 111
66 112
66 117
66 118
66 124
66 128
66 130
66 131
66 133
66 135
66 138
66 141
66 151
66 158
66 161
66 162
66 164
66 165
66 180
66 186
66 188
66 194
66 204
66 211
66 221
66 222
66 236
66 241
66 242
66 246
66 259
66 261
66 274
66 281
66 282
66 289
66 295
66 296
66 297
67 68
67 72
67 74
67 76
67 77
67 79
67 80
67 82
67 84
67 88
67 90
67 92
67 93
67 95
67 98
67 99
67 100
67 102
67 104
67 107
67 109
67 112
67 118
67 122
67 123
67 129
67 136
67 137
67 143
67 150
67 160
67 161
67 166
67 170
67 182
67 183
67 184
67 185
67 188
67 191
67 209
67 213
67 214
67 227
67 228
67 237
67 240
67 241
67 242
67 244
67 251
67 254
67 260
67 263
67 266
67 279
67 285
67 298
68 70
68 72
68 73
68 74
68 75
68 78
68 79
68 80
68 86
68 88
68 90
68 93
68 98
68 99
68 102
68 104
68 107
68 109
68 110
68 111
68 117
68 119
68 124
68 128
68 134
68 135
68 139
68 140
68 142
68 145
68 152
68 154
68 155
68 156
68 157
68 158
68 161
68 169
68 171
68 181
68 192
68 199
68 201
68 204
68 205
68 208
68 214
68 217
68 219
68 221
68 231
68 234
68 236
68 237
68 239
68 240
68 242
68 244
68 247
68 251
68 268
68 278
68 286
68 288
68 290
68 291
69 71
69 72
69 74
69 75
69 76
69 80
69 81
69 84
69 88
69 89
69 92
69 93
69 94
69 95
69 97
69 98
69 100
69 101
69 105
69 107
69 110
69 113
69 115
69 119
69 120
69 125
69 131
69 136
69 151
69 153
69 154
69 157
69 160
69 163
69 172
69 173
69 174
69 182
69 185
69 190
69 200
69 202
69 203
69 208
69 215
69 219
69 222
69 224
69 225
69 229
69 234
69 244
69 248
69 249
69 250
69 258
69 264
69 271
69 272
69 273
69 282
69 289
69 293
69 296
69 298
69 299
70 71
70 72
70 73
70 74
70 75
70 77
70 83
70 89
70 92
70 95
70 98
70 100
70 102
70 103
70 104
70 108
70 109
70 112
70 114
70 117
70 118
70 127
70 130
70 133
70 142
70 143
70 145
70 146
70 148
70 161
70 162
70 165
70 171
70 172
70 176
70 179
70 192
70 195
70 200
70 210
70 218
70 220
70 231
70 234
70 240
70 242
70 244
70 248
70 249
70 255
70 274
70 276
70 279
70 283
70 288
70 292
70 295
71 72
71 75
71 76
71 77
71 79
71 82
71 83
71 84
71 88
71 89
71 90
71 93
71 99
71 106
71 107
71 111
71 114
71 120
71 123
71 124
71 129
71 130
71 132
71 136
71 140
71 147
71 150
71 151
71 153
71 156
71 163
71 164
71 169
71 170
71 174
71 176
71 180
71 183
71 186
71 187
71 190
71 192
71 195
71 200
71 202
71 215
71 219
71 223
71 224
71 227
71 228
71 229
71 230
71 235
71 236
71 240
71 242
71 249
71 250
71 252
71 270
71 275
71 279
71 282
71 285
71 290
71 297
71 298
72 73
72 75
72 81
72 83
72 87
72 89
72 91
72 92
72 93
72 98
72 101
72 103
72 108
72 119
72 134
72 135
72 139
72 141
72 142
72 145
72 149
72 150
72 157
72 158
72 159
72 161
72 162
72 168
72 172
72 175
72 179
72 180
72 182
72 187
72 189
72 191
72 192
72 197
72 200
72 208
72 209
72 211
72 212
72 213
72 216
72 218
72 219
72 221
72 227
72 230
72 236
72 237
72 246
72 248
72 252
72 266
72 268
72 272
72 278
72 293
73 75
73 76
73 79
73 82
73 84
73 85
73 93
73 97
73 102
73 104
73 108
73 109
73 111
73 112
73 114
73 120
73 122
73 126
73 128
73 133
73 135
73 137
73 138
73 139
73 143
73 150
73 155
73 161
73 163
73 176
73 182
73 186
73 187
73 194
73 203
73 208
73 211
73 214
73 215
73 217
73 222
73 227
73 229
73 232
73 247
73 248
73 273
73 275
73 283
73 290
73 291
73 299
74 76
74 83
74 84
74 87
74 88
74 90
74 91
74 92
74 97
74 100
74 107
74 115
74 119
74 123
74 138
74 139
74 143
74 147
74 150
74 151
74 163
74 167
74 183
74 189
74 190
74 195
74 199
74 204
74 211
74 219
74 222
74 229
74 238
74 240
74 249
74 267
74 268
74 269
74 270
74 273
74 287
74 288
74 292
75 78
75 90
75 91
75 94
75 96
75 97
75 103
75 108
75 109
75 110
75 111
75 112
75 113
75 122
75 123
75 126
75 127
75 135
75 142
75 147
75 166
75 169
75 171
75 172
75 180
75 183
75 184
75 187
75 188
75 196
75 199
75 206
75 208
75 210
75 212
75 215
75 218
75 219
75 225
75 232
75 233
75 237
75 241
75 245
75 249
75 250
75 252
75 255
75 257
75 265
75 266
75 267
75 280
76 78
76 79
76 83
76 84
76 85
76 86
76 89
76 90
76 95
76 97
76 102
76 104
76 108
76 111
76 114
76 115
76 118
76 123
76 132
76 133
76 144
76 145
76 149
76 153
76 158
76 160
76 161
76 162
76 166
76 170
76 171
76 174
76 178
76 181
76 183
76 184
76 188
76 191
76 194
76 206
76 214
76 221
76 224
76 228
76 231
76 236
76 245
76 248
76 263
76 270
76 271
76 275
76 276
76 277
76 286
76 288
76 297
77 80
77 81
77 83
77 86
77 87
77 88
77 90
77 91
77 92
77 93
77 95
77 96
77 102
77 104
77 105
77 107
77 108
77 116
77 117
77 121
77 122
77 124
77 126
77 131
77 133
77 136
77 140
77 141
77 142
77 143
77 154
77 158
77 159
77 163
77 170
77 173
77 175
77 180
77 181
77 182
77 199
77 206
77 207
77 209
77 212
77 213
77 215
77 216
77 222
77 224
77 231
77 239
77 241
77 245
77 246
77 251
77 259
77 261
77 262
77 271
77 278
77 280
77 288
77 289
77 293
77 294
78 83
78 86
78 88
78 89
78 93
78 95
78 101
78 103
78 104
78 105
78 108
78 113
78 115
78 116
78 122
78 127
78 128
78 135
78 136
78 138
78 150
78 153
78 155
78 164
78 168
78 178
78 189
78 190
78 191
78 193
78 199
78 207
78 211
78 215
78 222
78 237
78 251
78 258
78 259
78 288
78 297
79 83
79 88
79 91
79 92
79 95
79 98
79 100
79 101
79 102
79 103
79 106
79 107
79 115
79 119
79 120
79 121
79 127
79 134
79 137
79 148
79 149
79 151
79 152
79 153
79 159
79 160
79 162
79 164
79 168
79 169
79 179
79 182
79 185
79 186
79 187
79 188
79 190
79 193
79 196
79 197
79 198
79 203
79 206
79 209
79 210
79 211
79 214
79 215
79 228
79 236
79 237
79 238
79 244
79 246
79 247
79 248
79 249
79 255
79 257
79 264
79 269
79 270
79 283
79 287
79 289
79 293
79 295
79 298
80 81
80 87
80 89
80 91
80 92
80 94
80 96
80 97
80 99
80 102
80 103
80 104
80 106
80 110
80 111
80 114
80 118
80 119
80 121
80 122
80 127
80 133
80 140
80 143
80 144
80 175
80 177
80 178
80 181
80 183
80 185
80 187
80 191
80 196
80 207
80 219
80 229
80 230
80 235
80 239
80 242
80 243
80 247
80 253
80 256
80 274
80 284
80 287
81 82
81 87
81 94
81 97
81 100
81 108
81 109
81 110
81 117
81 118
81 119
81 122
81 125
81 128
81 129
81 132
81 134
81 135
81 138
81 144
81 145
81 155
81 157
81 158
81 166
81 167
81 168
81 170
81 173
81 174
81 175
81 177
81 178
81 184
81 185
81 186
81 188
81 189
81 193
81 221
81 233
81 238
81 242
81 244
81 252
81 254
81 258
81 261
81 268
81 272
81 284
81 285
82 84
82 85
82 86
82 88
82 91
82 95
82 96
82 97
82 100
82 102
82 107
82 111
82 120
82 123
82 126
82 131
82 132
82 133
82 139
82 145
82 147
82 148
82 152
82 160
82 164
82 184
82 213
82 220
82 221
82 223
82 226
82 229
82 230
82 232
82 233
82 235
82 242
82 243
82 247
82 259
82 270
82 274
82 275
82 277
82 285
82 286
82 288
82 289
82 298
83 84
83 86
83 94
83 98
83 101
83 103
83 113
83 115
83 117
83 118
83 120
83 124
83 127
83 137
83 138
83 141
83 150
83 153
83 155
83 158
83 160
83 163
83 166
83 172
83 175
83 177
83 178
83 179
83 192
83 194
83 195
83 206
83 211
83 214
83 217
83 233
83 234
83 235
83 239
83 241
83 251
83 260
83 262
83 264
83 270
83 272
83 278
83 282
83 285
83 287
83 288
83 290
83 298
84 85
84 86
84 89
84 90
84 91
84 96
84 97
84 102
84 105
84 106
84 110
84 114
84 116
84 120
84 121
84 122
84 125
84 127
84 129
84 131
84 132
84 134
84 137
84 138
84 154
84 157
84 170
84 178
84 187
84 191
84 192
84 195
84 206
84 212
84 214
84 223
84 232
84 237
84 245
84 252
84 256
84 266
84 272
84 275
84 284
84 286
84 299
85 86
85 90
85 91
85 95
85 99
85 100
85 102
85 104
85 110
85 114
85 116
85 118
85 120
85 125
85 126
85 135
85 145
85 148
85 150
85 159
85 162
85 163
85 173
85 181
85 182
85 189
85 190
85 194
85 199
85 202
85 206
85 212
85 214
85 218
85 219
85 221
85 235
85 239
85 248
85 251
85 257
85 258
85 263
85 266
85 272
85 277
85 284
85 292
85 296
85 298
85 299
86 91
86 92
86 98
86 99
86 104
86 115
86 117
86 122
86 126
86 133
86 135
86 138
86 141
86 142
86 143
86 149
86 153
86 156
86 172
86 173
86 191
86 193
86 197
86 198
86 199
86 202
86 205
86 220
86 221
86 223
86 225
86 227
86 231
86 240
86 243
86 256
86 261
86 262
86 269
86 271
86 283
86 285
86 294
86 296
87 88
87 89
87 93
87 94
87 100
87 101
87 106
87 108
87 112
87 115
87 116
87 117
87 118
87 119
87 120
87 121
87 123
87 124
87 126
87 127
87 134
87 138
87 146
87 147
87 152
87 153
87 154
87 155
87 167
87 171
87 174
87 175
87 182
87 185
87 191
87 192
87 195
87 196
87 197
87 200
87 211
87 213
87 215
87 216
87 222
87 227
87 232
87 236
87 242
87 249
87 254
87 258
87 262
87 265
87 266
87 269
87 295
88 90
88 91
88 92
88 93
88 95
88 97
88 105
88 110
88 111
88 114
88 115
88 117
88 121
88 124
88 125
88 126
88 127
88 131
88 133
88 136
88 139
88 140
88 143
88 145
88 150
88 159
88 160
88 165
88 166
88 170
88 176
88 179
88 182
88 183
88 192
88 195
88 197
88 200
88 203
88 205
88 207
88 221
88 232
88 233
88 245
88 249
88 258
88 266
88 267
88 270
88 275
88 277
88 282
88 285
88 288
89 92
89 94
89 104
89 105
89 112
89 115
89 117
89 125
89 127
89 130
89 134
89 136
89 137
89 141
89 156
89 157
89 161
89 163
89 167
89 168
89 169
89 179
89 181
89 185
89 187
89 203
89 210
89 227
89 229
89 249
89 254
89 257
89 259
89 260
89 264
89 266
89 268
89 270
89 271
89 283
89 285
90 93
90 98
90 100
90 103
90 105
90 107
90 109
90 110
90 116
90 120
90 121
90 122
90 125
90 128
90 132
90 133
90 138
90 139
90 140
90 142
90 149
90 152
90 154
90 164
90 166
90 170
90 176
90 187
90 195
90 201
90 214
90 218
90 233
90 246
90 249
90 252
90 262
90 264
90 271
90 278
90 280
90 281
90 289
90 295
91 92
91 93
91 96
91 99
91 100
91 102
91 103
91 106
91 107
91 113
91 114
91 121
91 129
91 133
91 136
91 137
91 140
91 141
91 142
91 151
91 153
91 156
91 158
91 159
91 164
91 165
91 167
91 174
91 177
91 180
91 181
91 194
91 200
91 202
91 207
91 215
91 217
91 220
91 222
91 224
91 225
91 230
91 232
91 236
91 240
91 243
91 248
91 256
91 257
91 264
91 266
91 268
91 271
91 280
91 292
92 93
92 96
92 97
92 98
92 102
92 105
92 111
92 112
92 115
92 124
92 126
92 129
92 130
92 132
92 133
92 134
92 135
92 136
92 137
92 139
92 146
92 147
92 153
92 155
92 157
92 160
92 161
92 168
92 175
92 183
92 184
92 185
92 189
92 196
92 207
92 209
92 214
92 218
92 228
92 229
92 239
92 241
92 246
92 251
92 258
92 260
92 263
92 267
92 275
92 276
92 277
92 279
92 283
92 287
92 290
92 299
93 95
93 98
93 100
93 101
93 103
93 106
93 113
93 116
93 121
93 122
93 123
93 132
93 133
93 145
93 146
93 149
93 152
93 153
93 155
93 157
93 161
93 170
93 176
93 189
93 224
93 227
93 232
93 243
93 246
93 250
93 261
93 263
93 264
93 269
93 273
93 274
93 277
93 290
93 293
93 295
94 95
94 99
94 105
94 106
94 112
94 113
94 115
94 116
94 117
94 119
94 128
94 129
94 130
94 141
94 149
94 150
94 151
94 160
94 165
94 174
94 184
94 198
94 205
94 206
94 215
94 227
94 235
94 236
94 237
94 242
94 253
94 254
94 272
94 273
94 277
94 288
94 293
95 96
95 99
95 106
95 108
95 109
95 111
95 113
95 117
95 118
95 121
95 125
95 126
95 130
95 131
95 134
95 141
95 142
95 146
95 154
95 161
95 166
95 167
95 168
95 169
95 170
95 174
95 180
95 185
95 188
95 190
95 191
95 201
95 212
95 216
95 226
95 235
95 249
95 268
95 270
95 276
95 279
95 284
95 294
95 295
95 297
96 100
96 104
96 107
96 112
96 113
96 116
96 118
96 134
96 138
96 139
96 141
96 151
96 153
96 154
96 169
96 178
96 180
96 182
96 183
96 186
96 187
96 189
96 195
96 197
96 200
96 218
96 235
96 241
96 251
96 254
96 256
96 258
96 259
96 265
96 266
96 268
96 269
96 270
96 276
96 288
96 297
97 101
97 105
97 111
97 125
97 142
97 157
97 159
97 170
97 176
97 180
97 183
97 188
97 189
97 193
97 198
97 200
97 210
97 227
97 234
97 243
97 244
97 250
97 251
97 257
97 268
97 279
97 294
98 101
98 105
98 107
98 114
98 116
98 117
98 119
98 121
98 125
98 126
98 130
98 136
98 137
98 138
98 140
98 141
98 143
98 146
98 148
98 151
98 153
98 154
98 157
98 162
98 167
98 168
98 172
98 176
98 181
98 188
98 197
98 204
98 209
98 214
98 220
98 229
98 230
98 232
98 235
98 238
98 246
98 248
98 274
98 278
98 279
99 104
99 110
99 118
99 119
99 120
99 131
99 133
99 140
99 143
99 147
99 163
99 166
99 168
99 172
99 183
99 186
99 195
99 201
99 205
99 206
99 211
99 212
99 230
99 232
99 240
99 241
99 244
99 246
99 256
99 258
99 262
99 270
99 271
99 275
99 276
99 277
99 287
99 290
99 294
100 103
100 104
100 106
100 108
100 111
100 126
100 129
100 131
100 133
100 138
100 159
100 162
100 165
100 175
100 177
100 197
100 209
100 215
100 219
100 222
100 229
100 239
100 240
100 247
100 248
100 250
100 265
100 268
100 269
100 270
100 273
100 277
100 282
100 284
100 286
100 288
100 293
100 296
101 102
101 107
101 111
101 112
101 119
101 122
101 124
101 129
101 137
101 140
101 148
101 154
101 160
101 163
101 164
101 165
101 167
101 173
101 184
101 196
101 200
101 215
101 227
101 252
101 257
101 261
101 263
101 279
101 284
101 286
101 289
101 296
102 112
102 116
102 117
102 132
102 134
102 145
102 162
102 173
102 185
102 193
102 195
102 201
102 215
102 219
102 231
102 236
102 241
102 254
102 281
102 282
102 285
102 298
103 104
103 112
103 114
103 120
103 121
103 128
103 133
103 135
103 138
103 140
103 143
103 147
103 148
103 149
103 155
103 156
103 160
103 167
103 169
103 174
103 178
103 189
103 192
103 194
103 196
103 201
103 204
103 210
103 212
103 218
103 227
103 228
103 235
103 248
103 251
103 254
103 257
103 258
103 259
103 265
103 270
103 274
103 289
104 105
104 106
104 109
104 110
104 120
104 126
104 127
104 131
104 137
104 143
104 144
104 148
104 149
104 152
104 163
104 165
104 167
104 177
104 179
104 182
104 189
104 191
104 194
104 195
104 201
104 206
104 209
104 214
104 221
104 224
104 235
104 240
104 247
104 252
104 264
104 272
104 277
104 282
104 286
104 295
105 118
105 120
105 123
105 132
105 135
105 136
105 139
105 140
105 144
105 145
105 154
105 156
105 161
105 164
105 167
105 171
105 173
105 176
105 185
105 188
105 195
105 199
105 200
105 213
105 215
105 216
105 224
105 226
105 228
105 234
105 238
105 239
105 248
105 258
105 270
105 285
105 291
105 294
105 296
105 297
106 107
106 109
106 119
106 129
106 131
106 136
106 140
106 147
106 157
106 162
106 165
106 178
106 180
106 184
106 192
106 195
106 208
106 216
106 220
106 234
106 245
106 279
106 290
106 295
106 296
107 112
107 115
107 117
107 132
107 138
107 144
107 156
107 165
107 170
107 181
107 194
107 198
107 201
107 208
107 216
107 227
107 229
107 231
107 233
107 244
107 247
107 261
107 263
107 277
107 282
107 288
107 291
107 297
108 114
108 120
108 131
108 134
108 135
108 136
108 141
108 143
108 148
108 149
108 150
108 156
108 159
108 161
108 164
108 171
108 178
108 202
108 212
108 213
108 217
108 221
108 236
108 242
108 259
108 265
108 268
108 280
108 281
108 291
109 110
109 112
109 114
109 118
109 119
109 121
109 124
109 125
109 132
109 144
109 146
109 147
109 149
109 151
109 161
109 168
109 172
109 198
109 199
109 209
109 219
109 221
109 235
109 238
109 240
109 250
109 256
109 258
109 261
109 264
109 273
109 278
109 280
109 284
110 118
110 121
110 133
110 136
110 137
110 138
110 140
110 143
110 145
110 153
110 155
110 173
110 174
110 180
110 200
110 206
110 207
110 212
110 216
110 219
110 222
110 225
110 228
110 235
110 252
110 253
110 257
110 259
110 272
110 282
110 290
110 297
110 299
111 113
111 116
111 123
111 124
111 126
111 130
111 133
111 151
111 156
111 163
111 169
111 174
111 178
111 187
111 191
111 194
111 195
111 203
111 205
111 208
111 216
111 226
111 229
111 237
111 238
111 253
111 256
111 264
111 267
111 279
111 288
111 292
111 295
112 115
112 122
112 123
112 127
112 153
112 154
112 157
112 161
112 167
112 169
112 175
112 176
112 185
112 186
112 200
112 201
112 206
112 218
112 231
112 232
112 238
112 239
112 247
112 254
112 267
112 268
112 269
112 271
112 273
112 275
112 277
112 281
112 299
113 114
113 116
113 117
113 122
113 135
113 136
113 158
113 160
113 165
113 181
113 188
113 189
113 204
113 205
113 216
113 217
113 220
113 224
113 229
113 232
113 234
113 246
113 249
113 276
113 279
113 290
113 299
114 116
114 117
114 118
114 121
114 122
114 123
114 126
114 129
114 131
114 133
114 135
114 138
114 140
114 144
114 152
114 162
114 164
114 168
114 180
114 190
114 198
114 200
114 248
114 252
114 262
114 264
114 266
114 274
114 275
115 116
115 118
115 130
115 160
115 163
115 169
115 175
115 176
115 187
115 188
115 204
115 212
115 213
115 221
115 243
115 252
115 258
115 268
115 271
115 272
115 282
115 286
116 124
116 126
116 127
116 131
116 132
116 136
116 152
116 153
116 159
116 167
116 192
116 193
116 197
116 204
116 209
116 217
116 219
116 231
116 244
116 253
116 254
116 283
116 284
116 286
116 290
117 122
117 137
117 145
117 152
117 154
117 160
117 162
117 163
117 166
117 181
117 185
117 190
117 198
117 199
117 202
117 215
117 253
117 261
117 262
117 267
117 272
117 296
118 126
118 137
118 142
118 148
118 151
118 153
118 154
118 159
118 163
118 179
118 180
118 186
118 189
118 190
118 207
118 217
118 218
118 219
118 231
118 239
118 245
118 250
118 251
118 255
118 257
118 264
118 268
118 273
118 283
118 290
118 299
119 122
119 126
119 129
119 130
119 132
119 135
119 147
119 149
119 153
119 154
119 164
119 165
119 168
119 169
119 172
119 179
119 183
119 199
119 201
119 204
119 207
119 208
119 214
119 216
119 225
119 237
119 240
119 252
119 254
119 260
119 269
119 275
119 281
119 285
120 130
120 135
120 138
120 139
120 147
120 150
120 151
120 152
120 158
120 167
120 169
120 181
120 201
120 204
120 220
120 241
120 244
120 245
120 255
120 265
120 267
120 268
120 271
120 288
120 298
121 126
121 129
121 130
121 131
121 132
121 134
121 137
121 143
121 152
121 157
121 167
121 168
121 181
121 183
121 196
121 198
121 204
121 220
121 221
121 224
121 226
121 239
121 240
121 242
121 245
121 247
121 252
121 253
121 260
121 274
121 276
121 279
121 285
121 289
121 291
122 127
122 130
122 137
122 142
122 144
122 145
122 147
122 160
122 161
122 166
122 168
122 181
122 186
122 193
122 195
122 196
122 205
122 210
122 211
122 215
122 218
122 224
122 232
122 233
122 257
122 272
122 273
122 274
123 126
123 131
123 140
123 143
123 148
123 150
123 151
123 158
123 162
123 163
123 171
123 176
123 179
123 180
123 182
123 197
123 209
123 225
123 258
123 262
123 280
123 286
123 288
123 298
124 131
124 141
124 144
124 156
124 162
124 163
124 169
124 171
124 176
124 178
124 188
124 191
124 193
124 201
124 203
124 225
124 238
124 259
124 266
124 268
124 272
124 273
124 276
124 278
124 296
125 141
125 143
125 148
125 154
125 164
125 168
125 179
125 193
125 205
125 222
125 226
125 236
125 258
125 272
125 282
125 292
126 128
126 134
126 147
126 155
126 156
126 158
126 164
126 168
126 171
126 176
126 177
126 192
126 199
126 209
126 210
126 226
126 233
126 234
126 243
126 244
126 259
126 274
126 275
126 276
126 278
126 281
126 289
127 133
127 136
127 157
127 163
127 168
127 173
127 182
127 192
127 202
127 204
127 209
127 223
127 236
127 240
127 248
127 249
127 253
127 260
127 261
127 262
127 264
127 271
127 289
127 294
127 296
128 132
128 134
128 137
128 150
128 153
128 157
128 160
128 161
128 176
128 181
128 186
128 196
128 213
128 218
128 253
128 258
128 265
128 295
129 130
129 137
129 144
129 148
129 149
129 165
129 169
129 171
129 177
129 181
129 184
129 188
129 193
129 202
129 211
129 218
129 227
129 236
129 237
129 244
129 249
129 251
129 253
129 255
129 264
129 265
129 266
129 280
129 283
129 289
129 296
130 134
130 141
130 144
130 151
130 153
130 154
130 170
130 176
130 179
130 182
130 190
130 197
130 204
130 215
130 223
130 244
130 245
130 255
130 273
130 278
130 287
130 291
130 292
130 293
130 294
131 135
131 141
131 142
131 146
131 152
131 155
131 167
131 169
131 170
131 172
131 177
131 184
131 197
131 199
131 210
131 238
131 256
131 273
131 296
131 297
132 141
132 144
132 148
132 153
132 155
132 158
132 159
132 160
132 161
132 162
132 177
132 179
132 181
132 187
132 205
132 216
132 220
132 228
132 237
132 242
132 250
132 255
132 286
132 296
133 134
133 136
133 142
133 147
133 160
133 182
133 194
133 195
133 200
133 206
133 216
133 217
133 229
133 230
133 282
133 294
133 296
133 299
134 140
134 141
134 142
134 145
134 150
134 152
134 154
134 156
134 159
134 161
134 166
134 167
134 168
134 170
134 190
134 196
134 198
134 204
134 207
134 209
134 226
134 246
134 255
134 266
134 267
134 275
134 281
134 284
134 297
135 138
135 139
135 149
135 159
135 165
135 176
135 183
135 189
135 194
135 208
135 214
135 225
135 226
135 231
135 244
135 259
135 261
135 281
135 282
135 289
135 291
136 166
136 173
136 174
136 177
136 192
136 193
136 197
136 198
136 200
136 214
136 225
136 231
136 240
136 245
136 249
136 259
136 275
136 291
137 142
137 146
137 173
137 184
137 193
137 196
137 206
137 209
137 246
137 257
137 278
137 287
138 145
138 149
138 155
138 159
138 164
138 170
138 175
138 176
138 182
138 189
138 200
138 201
138 204
138 208
138 213
138 222
138 234
138 250
138 254
138 255
138 256
138 273
138 286
139 140
139 141
139 144
139 156
139 159
139 161
139 163
139 166
139 180
139 184
139 185
139 191
139 195
139 201
139 203
139 212
139 213
139 217
139 225
139 236
139 243
139 266
139 272
139 276
139 277
139 281
139 283
139 285
139 297
139 299
140 143
140 152
140 157
140 161
140 173
140 177
140 185
140 186
140 203
140 206
140 223
140 226
140 228
140 234
140 244
140 246
140 250
140 251
140 262
140 264
140 274
140 294
141 145
141 148
141 152
141 165
141 197
141 198
141 233
141 245
141 265
141 267
141 275
141 295
142 152
142 162
142 163
142 170
142 172
142 185
142 188
142 190
142 206
142 207
142 213
142 233
142 250
142 265
142 276
142 296
142 297
143 145
143 150
143 160
143 164
143 165
143 168
143 170
143 193
143 201
143 210
143 218
143 220
143 221
143 224
143 225
143 230
143 238
143 239
143 247
143 249
143 262
143 276
143 278
143 289
144 146
144 152
144 153
144 156
144 161
144 166
144 171
144 174
144 176
144 183
144 185
144 188
144 197
144 248
144 255
144 266
144 269
144 271
144 294
145 146
145 148
145 164
145 178
145 179
145 191
145 204
145 225
145 235
145 271
145 295
145 298
146 165
146 167
146 172
146 184
146 185
146 203
146 208
146 215
146 221
146 239
146 240
146 243
146 261
146 262
146 283
146 290
147 151
147 155
147 163
147 167
147 171
147 183
147 189
147 197
147 209
147 229
147 230
147 234
147 238
147 239
147 242
147 250
147 254
147 273
147 276
148 150
148 155
148 157
148 164
148 172
148 174
148 177
148 183
148 211
148 217
148 229
148 235
148 263
148 265
148 267
148 268
148 272
148 273
148 286
149 159
149 166
149 168
149 172
149 173
149 180
149 197
149 204
149 210
149 223
149 243
149 247
149 258
149 272
149 279
149 294
150 155
150 156
150 162
150 184
150 187
150 190
150 196
150 201
150 208
150 217
150 223
150 227
150 243
150 253
150 259
150 266
150 275
150 295
151 158
151 159
151 167
151 175
151 177
151 180
151 187
151 191
151 193
151 194
151 204
151 211
151 217
151 221
151 230
151 236
151 239
151 241
151 245
151 247
151 252
151 258
151 259
151 268
151 271
151 284
151 293
152 165
152 188
152 196
152 197
152 201
152 204
152 211
152 215
152 216
152 222
152 223
152 226
152 234
152 260
152 280
152 294
152 299
153 160
153 171
153 173
153 186
153 194
153 197
153 199
153 218
153 226
153 243
153 247
153 257
153 279
153 280
153 294
154 158
154 159
154 160
154 181
154 233
154 235
154 257
154 295
155 163
155 167
155 175
155 181
155 184
155 190
155 193
155 200
155 201
155 206
155 212
155 232
155 235
155 249
155 273
156 171
156 175
156 183
156 200
156 210
156 217
156 225
156 228
156 244
156 246
156 267
156 270
156 289
156 290
156 292
156 297
157 170
157 172
157 178
157 179
157 191
157 194
157 200
157 203
157 205
157 209
157 222
157 223
157 228
157 233
157 248
157 250
157 264
157 276
157 285
157 295
157 296
158 159
158 162
158 175
158 195
158 207
158 213
158 215
158 226
158 241
158 242
158 254
158 266
158 284
158 290
159 166
159 172
159 173
159 184
159 208
159 215
159 217
159 224
159 242
159 246
159 248
159 250
159 261
159 278
160 167
160 173
160 177
160 184
160 194
160 196
160 200
160 222
160 227
160 260
160 268
160 273
160 278
161 174
161 176
161 190
161 205
161 209
161 221
161 223
161 234
161 236
161 239
161 240
161 241
161 269
161 279
161 283
161 285
161 290
162 166
162 175
162 183
162 184
162 195
162 198
162 200
162 204
162 219
162 221
162 225
162 226
162 227
162 250
162 253
162 254
162 269
162 276
162 284
162 294
163 179
163 186
163 193
163 204
163 217
163 226
163 239
163 252
163 260
163 284
164 167
164 202
164 203
164 209
164 216
164 218
164 235
164 237
164 240
164 243
164 257
164 264
164 272
164 291
165 166
165 170
165 179
165 185
165 189
165 193
165 194
165 196
165 204
165 207
165 210
165 221
165 224
165 227
165 228
165 241
165 243
165 245
165 262
165 278
166 171
166 179
166 182
166 196
166 202
166 217
166 219
166 248
166 250
166 255
166 260
166 269
166 282
166 287
167 172
167 173
167 179
167 188
167 191
167 192
167 204
167 213
167 215
167 216
167 221
167 230
167 238
167 267
167 268
167 273
167 280
167 282
167 285
167 288
167 290
167 291
168 173
168 174
168 175
168 179
168 183
168 199
168 204
168 208
168 256
169 173
169 176
169 194
169 203
169 216
169 243
169 255
169 262
169 263
169 287
170 173
170 187
170 196
170 202
170 205
170 209
170 234
170 237
170 242
170 245
170 250
170 268
170 276
170 290
171 174
171 178
171 186
171 214
171 216
171 238
171 241
171 242
171 245
171 249
171 250
171 260
171 266
171 275
171 282
171 288
171 293
172 173
172 179
172 186
172 194
172 205
172 210
172 228
172 245
172 248
172 252
172 276
172 287
173 175
173 178
173 184
173 192
173 194
173 200
173 203
173 205
173 207
173 210
173 213
173 215
173 218
173 232
173 237
173 270
173 283
173 288
174 179
174 189
174 198
174 199
174 200
174 201
174 205
174 206
174 208
174 211
174 214
174 226
174 236
174 247
174 272
174 279
174 287
174 290
174 292
174 297
175 183
175 196
175 220
175 225
175 232
175 241
175 252
175 253
175 263
175 268
175 274
175 284
175 289
175 294
175 298
176 185
176 207
176 213
176 222
176 240
176 246
176 250
176 274
176 282
176 283
177 180
177 182
177 190
177 191
177 192
177 200
177 219
177 232
177 251
177 270
178 182
178 187
178 190
178 191
178 197
178 202
178 203
178 207
178 216
178 219
178 220
178 245
178 253
178 254
178 258
178 270
179 180
179 182
179 190
179 198
179 228
179 254
179 271
179 296
180 212
180 218
180 219
180 228
180 235
180 263
180 267
180 287
180 293
181 190
181 197
181 211
181 221
181 223
181 226
181 230
181 238
181 246
181 286
181 295
182 184
182 189
182 195
182 207
182 212
182 218
182 220
182 228
182 231
182 232
182 241
182 255
182 256
182 266
182 273
182 276
182 293
182 297
183 184
183 185
183 189
183 196
183 223
183 235
183 241
183 242
183 250
183 265
183 267
183 273
183 284
184 185
184 232
184 262
184 280
184 286
184 291
185 189
185 190
185 191
185 201
185 213
185 223
185 234
185 250
185 263
185 287
185 292
186 187
186 188
186 194
186 211
186 234
186 249
186 253
186 277
186 295
187 198
187 211
187 226
187 254
187 280
188 192
188 208
188 213
188 222
188 229
188 246
188 260
188 266
188 267
188 283
188 289
188 292
189 190
189 200
189 205
189 209
189 213
189 221
189 224
189 225
189 227
189 229
189 239
189 256
189 257
189 262
189 273
189 286
189 291
189 292
190 193
190 202
190 222
190 226
190 259
190 260
190 269
190 272
191 201
191 204
191 208
191 224
191 236
191 247
191 258
191 262
191 272
191 284
191 287
191 289
191 292
192 196
192 198
192 199
192 202
192 206
192 210
192 236
192 274
192 286
192 291
193 203
193 205
193 207
193 215
193 228
193 244
193 265
193 288
193 289
193 291
194 198
194 202
194 228
194 230
194 232
194 233
194 296
195 202
195 203
195 212
195 216
195 225
195 228
195 234
195 237
195 242
195 253
195 259
195 272
195 276
195 284
195 292
195 299
196 204
196 207
196 214
196 229
196 234
196 236
196 239
196 248
196 249
196 274
196 275
196 286
196 291
197 202
197 207
197 210
197 213
197 214
197 235
197 237
197 243
197 244
197 247
197 254
197 255
197 260
197 263
197 295
198 200
198 211
198 212
198 223
198 224
198 258
198 286
198 292
198 293
199 203
199 208
199 210
199 214
199 220
199 221
199 241
199 244
199 249
199 257
199 270
200 218
200 226
200 234
200 238
200 244
200 267
200 275
200 284
200 293
200 298
201 207
201 242
201 251
201 260
201 264
201 265
201 271
201 287
202 230
202 233
202 247
202 269
202 281
203 214
203 220
203 223
203 227
203 240
203 255
203 261
203 269
203 279
203 282
203 285
203 297
204 212
204 217
204 223
204 226
204 230
204 231
204 233
204 234
204 239
204 243
204 244
204 265
204 268
204 275
204 282
205 209
205 212
205 222
205 232
205 234
205 289
205 296
206 207
206 219
206 224
206 239
206 251
206 259
206 275
206 280
206 281
206 294
206 299
207 209
207 217
207 219
207 230
207 232
207 251
207 252
207 282
207 285
207 295
208 209
208 214
208 216
208 227
208 231
208 235
208 245
208 246
208 261
208 269
209 215
209 267
209 272
209 284
209 291
210 211
210 212
210 224
210 228
210 232
210 245
210 247
210 249
210 253
210 261
210 265
210 267
210 269
210 278
210 291
211 218
211 222
211 229
211 230
211 233
211 235
211 241
211 248
211 267
211 280
211 293
212 217
212 218
212 228
212 239
212 255
212 259
212 290
212 299
213 219
213 224
213 225
213 226
213 231
213 236
213 244
213 250
213 253
213 254
213 256
213 268
213 270
213 275
213 293
214 220
214 221
214 223
214 237
214 245
214 253
214 262
214 263
214 277
214 280
214 282
214 295
215 217
215 242
215 244
215 261
215 269
215 275
215 277
215 286
215 290
215 294
216 220
216 226
216 235
216 263
216 274
216 280
216 282
216 288
216 290
217 243
217 264
217 280
217 285
217 296
218 225
218 227
218 254
218 256
218 259
218 261
218 277
219 274
219 279
219 288
220 238
220 277
221 229
221 235
221 252
221 253
221 260
221 263
221 294
222 237
222 241
222 251
222 260
222 281
222 295
223 227
223 235
223 250
223 262
223 263
223 293
223 298
224 252
224 253
224 261
224 263
225 231
225 237
225 238
225 257
225 272
225 290
226 245
226 249
226 260
226 294
226 297
227 236
227 243
227 261
227 263
227 285
227 298
228 233
228 238
228 241
228 254
228 257
228 269
228 283
228 295
228 299
229 247
229 262
229 265
229 271
229 285
229 297
229 299
230 237
230 255
230 259
230 262
230 273
230 276
231 280
231 287
232 238
232 246
232 252
232 258
232 262
232 264
232 265
232 286
232 287
232 296
232 298
232 299
233 237
233 247
233 253
233 255
233 259
233 281
234 236
234 251
234 264
235 236
235 252
235 298
236 243
236 248
236 252
236 256
236 283
236 297
237 239
237 252
237 271
237 280
237 281
237 286
237 288
238 266
238 278
238 281
238 289
238 295
239 249
239 250
239 285
239 297
240 243
240 263
240 270
240 294
241 269
241 273
241 284
241 290
242 243
242 251
242 253
242 256
242 259
242 287
242 291
242 292
242 293
243 269
243 277
243 278
243 298
244 261
244 272
245 250
245 281
245 283
246 262
246 281
246 299
247 248
247 258
247 266
248 268
248 274
248 293
248 296
248 298
249 252
249 253
249 254
249 263
249 289
249 296
250 275
250 297
251 258
251 259
251 261
251 266
251 271
251 276
251 294
252 255
252 256
252 269
252 270
252 272
252 275
252 285
252 289
253 256
253 271
253 274
254 277
254 297
255 256
255 260
255 261
255 278
256 265
256 278
256 290
256 292
256 297
257 262
257 299
258 283
258 288
258 293
258 299
259 261
259 279
259 283
259 295
260 283
261 264
261 275
261 276
261 277
261 289
262 264
262 273
262 280
262 283
262 293
263 268
263 274
264 280
264 291
264 293
266 269
266 276
267 295
268 284
269 278
270 277
274 295
275 298
276 277
276 290
277 292
278 289
278 292
280 284
280 291
280 294
281 291
281 293
285 287
286 295
288 292
289 292
290 299
291 293
291 294
293 298
294 296
