0 1
0 2
0 3
0 4
0 5
0 6
0 7
0 8
0 9
0 10
0 11
0 12
0 13
0 14
0 15
0 16
0 17
0 18
0 19
0 20
0 21
0 22
0 23
0 24
0 25
0 26
0 27
0 28
0 29
0 30
0 31
0 32
0 33
0 34
0 35
0 36
0 37
0 38
0 39
0 40
0 41
0 42
0 43
0 44
0 45
0 46
0 47
0 48
0 49
0 50
0 51
0 52
0 53
0 54
0 55
0 56
0 57
0 58
0 59
0 60
0 61
0 62
0 63
0 64
0 65
0 66
0 67
0 68
0 69
0 70
0 71
0 72
0 74
0 75
0 76
0 77
0 78
0 79
0 80
0 81
0 83
0 84
0 85
0 86
0 87
0 88
0 89
0 90
0 91
0 93
0 94
0 95
0 96
0 97
0 105
0 106
0 107
0 108
0 109
0 110
0 113
0 114
0 116
0 119
0 120
0 124
0 126
0 127
0 130
0 131
0 135
0 136
0 139
0 142
0 143
0 144
0 146
0 147
0 148
0 150
0 154
0 156
0 159
0 160
0 161
0 162
0 167
0 168
0 169
0 170
0 171
0 173
0 175
0 177
0 180
0 182
0 183
0 184
0 192
0 194
0 198
0 199
0 203
0 205
0 207
0 208
0 210
0 212
0 216
0 217
0 218
0 219
0 223
0 225
0 228
0 229
0 230
0 231
0 234
0 237
0 238
0 243
0 244
0 249
0 250
0 251
0 254
0 255
0 260
0 267
0 268
0 273
0 276
0 282
0 288
0 290
0 291
0 292
0 294
0 296
0 299
1 42
1 43
1 44
1 45
1 46
1 47
1 48
1 49
1 50
1 52
1 53
1 55
1 57
1 59
1 60
1 61
1 62
1 63
1 64
1 65
1 69
1 71
1 76
1 77
1 81
1 84
1 88
1 90
1 93
1 99
1 104
1 105
1 109
1 118
1 127
1 153
1 160
1 163
1 164
1 174
1 185
1 191
1 193
1 194
1 201
1 208
1 209
1 211
1 221
1 243
1 264
1 265
1 267
1 270
1 282
1 297
2 42
2 43
2 44
2 45
2 46
2 48
2 49
2 50
2 51
2 52
2 53
2 54
2 55
2 56
2 58
2 59
2 60
2 62
2 64
2 65
2 66
2 67
2 69
2 71
2 72
2 74
2 79
2 81
2 83
2 87
2 89
2 96
2 98
2 102
2 111
2 116
2 117
2 120
2 124
2 127
2 128
2 130
2 155
2 185
2 190
2 198
2 208
2 209
2 225
2 227
2 239
2 241
2 242
2 248
2 256
2 266
2 284
2 288
2 296
3 42
3 43
3 44
3 47
3 48
3 49
3 50
3 51
3 52
3 53
3 55
3 56
3 58
3 59
3 60
3 63
3 64
3 65
3 67
3 69
3 70
3 73
3 75
3 76
3 77
3 80
3 81
3 85
3 86
3 91
3 93
3 96
3 97
3 100
3 101
3 111
3 115
3 116
3 118
3 123
3 132
3 134
3 145
3 150
3 151
3 153
3 162
3 171
3 173
3 179
3 183
3 184
3 186
3 192
3 202
3 205
3 207
3 216
3 219
3 225
3 226
3 227
3 232
3 250
3 254
3 271
3 276
3 282
4 43
4 44
4 46
4 47
4 49
4 51
4 52
4 59
4 60
4 68
4 78
4 81
4 87
4 90
4 96
4 100
4 101
4 103
4 107
4 141
4 143
4 145
4 147
4 157
4 170
4 180
4 222
4 228
4 240
4 246
4 249
4 251
4 261
4 268
4 272
4 273
4 280
4 289
4 290
4 291
5 42
5 43
5 44
5 45
5 46
5 47
5 48
5 49
5 50
5 52
5 54
5 56
5 58
5 59
5 61
5 63
5 64
5 74
5 77
5 86
5 90
5 97
5 100
5 101
5 102
5 103
5 106
5 107
5 108
5 110
5 112
5 116
5 118
5 127
5 128
5 129
5 136
5 150
5 154
5 155
5 157
5 170
5 171
5 173
5 186
5 191
5 198
5 203
5 206
5 219
5 220
5 277
5 280
5 287
5 298
6 42
6 43
6 44
6 45
6 46
6 47
6 48
6 49
6 51
6 52
6 53
6 54
6 55
6 56
6 57
6 58
6 59
6 60
6 62
6 63
6 65
6 66
6 69
6 70
6 72
6 74
6 75
6 83
6 85
6 86
6 89
6 91
6 92
6 95
6 97
6 98
6 101
6 104
6 107
6 108
6 110
6 113
6 114
6 117
6 118
6 119
6 121
6 123
6 128
6 129
6 130
6 131
6 134
6 136
6 138
6 140
6 141
6 146
6 155
6 158
6 160
6 166
6 168
6 173
6 176
6 177
6 187
6 190
6 200
6 202
6 210
6 213
6 216
6 217
6 220
6 222
6 223
6 243
6 255
6 258
6 266
6 268
6 270
6 271
6 272
6 273
6 285
6 286
6 295
7 42
7 43
7 44
7 45
7 46
7 47
7 49
7 50
7 51
7 52
7 60
7 61
7 62
7 66
7 67
7 70
7 71
7 73
7 74
7 75
7 76
7 77
7 78
7 79
7 83
7 85
7 86
7 90
7 91
7 93
7 94
7 97
7 99
7 101
7 105
7 106
7 108
7 112
7 115
7 116
7 120
7 121
7 123
7 125
7 147
7 148
7 152
7 156
7 157
7 159
7 167
7 187
7 188
7 189
7 192
7 193
7 197
7 204
7 205
7 206
7 210
7 211
7 212
7 220
7 225
7 226
7 227
7 228
7 243
7 249
7 251
7 261
7 275
7 283
7 285
7 290
7 292
7 293
8 42
8 43
8 44
8 45
8 48
8 49
8 50
8 53
8 55
8 57
8 58
8 60
8 62
8 66
8 72
8 74
8 76
8 82
8 83
8 84
8 86
8 91
8 93
8 98
8 101
8 111
8 115
8 141
8 145
8 158
8 168
8 169
8 174
8 177
8 188
8 194
8 198
8 205
8 210
8 219
8 229
8 240
8 242
8 249
8 252
8 268
8 271
8 284
8 297
9 42
9 43
9 44
9 45
9 46
9 47
9 48
9 49
9 50
9 51
9 52
9 54
9 55
9 56
9 57
9 58
9 59
9 60
9 62
9 63
9 65
9 66
9 68
9 71
9 72
9 73
9 74
9 75
9 78
9 84
9 86
9 91
9 96
9 109
9 112
9 115
9 118
9 121
9 123
9 134
9 138
9 142
9 144
9 147
9 149
9 155
9 156
9 158
9 160
9 162
9 170
9 173
9 174
9 176
9 178
9 195
9 196
9 198
9 222
9 223
9 224
9 237
9 246
9 252
9 257
9 258
9 268
9 290
9 295
9 299
10 42
10 43
10 46
10 47
10 48
10 49
10 50
10 51
10 52
10 53
10 54
10 55
10 56
10 57
10 58
10 59
10 63
10 64
10 65
10 67
10 68
10 69
10 77
10 78
10 82
10 84
10 86
10 88
10 90
10 93
10 95
10 96
10 109
10 113
10 116
10 119
10 121
10 122
10 123
10 127
10 128
10 133
10 138
10 140
10 144
10 147
10 154
10 155
10 157
10 158
10 162
10 170
10 179
10 183
10 184
10 196
10 198
10 208
10 210
10 229
10 235
10 236
10 249
10 252
10 260
10 273
10 295
10 296
11 42
11 43
11 44
11 45
11 46
11 47
11 48
11 49
11 50
11 51
11 52
11 53
11 56
11 58
11 59
11 61
11 62
11 63
11 64
11 69
11 70
11 72
11 74
11 76
11 79
11 81
11 83
11 84
11 86
11 87
11 89
11 93
11 98
11 106
11 107
11 109
11 110
11 111
11 113
11 116
11 127
11 129
11 139
11 147
11 153
11 158
11 163
11 165
11 166
11 168
11 171
11 175
11 179
11 180
11 190
11 192
11 196
11 197
11 203
11 210
11 220
11 223
11 234
11 240
11 262
11 266
11 271
11 280
11 281
11 294
11 298
12 42
12 43
12 44
12 45
12 46
12 48
12 49
12 54
12 56
12 57
12 61
12 63
12 64
12 65
12 66
12 67
12 77
12 78
12 79
12 84
12 85
12 86
12 87
12 90
12 91
12 92
12 99
12 100
12 119
12 122
12 123
12 130
12 132
12 134
12 141
12 144
12 151
12 159
12 165
12 173
12 185
12 203
12 214
12 219
12 226
12 227
12 233
12 236
12 238
12 254
12 255
12 259
12 276
12 279
12 287
12 292
12 297
12 299
13 42
13 43
13 44
13 45
13 46
13 47
13 48
13 51
13 52
13 56
13 60
13 63
13 65
13 66
13 70
13 71
13 72
13 81
13 84
13 89
13 90
13 91
13 92
13 94
13 97
13 98
13 103
13 105
13 108
13 115
13 117
13 119
13 127
13 131
13 133
13 153
13 161
13 164
13 166
13 171
13 177
13 184
13 189
13 193
13 201
13 206
13 225
13 234
13 235
13 241
13 253
13 255
13 256
13 270
13 282
13 289
13 294
13 295
14 42
14 43
14 44
14 45
14 46
14 47
14 48
14 49
14 50
14 51
14 52
14 53
14 56
14 58
14 61
14 62
14 63
14 72
14 73
14 76
14 77
14 83
14 87
14 88
14 94
14 99
14 102
14 104
14 106
14 107
14 113
14 115
14 118
14 119
14 121
14 127
14 130
14 131
14 133
14 140
14 143
14 145
14 146
14 150
14 152
14 169
14 173
14 174
14 179
14 181
14 184
14 187
14 190
14 192
14 193
14 200
14 205
14 212
14 214
14 228
14 232
14 260
14 265
14 267
14 286
14 289
14 292
15 42
15 43
15 44
15 45
15 46
15 47
15 48
15 49
15 50
15 51
15 52
15 53
15 54
15 55
15 57
15 58
15 59
15 60
15 61
15 62
15 66
15 71
15 77
15 78
15 80
15 83
15 89
15 92
15 94
15 105
15 124
15 126
15 132
15 141
15 142
15 146
15 147
15 156
15 160
15 163
15 184
15 186
15 193
15 199
15 201
15 209
15 211
15 217
15 221
15 223
15 231
15 235
15 240
15 247
15 249
15 252
15 257
15 271
15 274
15 283
15 285
15 294
16 42
16 43
16 44
16 45
16 46
16 47
16 48
16 49
16 50
16 53
16 55
16 56
16 57
16 60
16 63
16 65
16 66
16 67
16 68
16 75
16 76
16 77
16 79
16 88
16 98
16 106
16 111
16 114
16 122
16 126
16 142
16 144
16 145
16 152
16 154
16 166
16 176
16 177
16 187
16 189
16 197
16 203
16 211
16 224
16 225
16 228
16 229
16 242
16 252
16 257
16 262
16 264
16 266
16 267
16 282
16 286
16 288
16 291
16 297
17 42
17 44
17 45
17 46
17 47
17 48
17 50
17 51
17 53
17 54
17 55
17 56
17 57
17 58
17 61
17 66
17 73
17 78
17 82
17 85
17 89
17 90
17 95
17 96
17 106
17 107
17 111
17 113
17 117
17 119
17 123
17 131
17 132
17 135
17 137
17 140
17 141
17 143
17 149
17 155
17 157
17 161
17 169
17 172
17 175
17 176
17 183
17 188
17 191
17 197
17 198
17 205
17 211
17 214
17 216
17 217
17 222
17 224
17 232
17 238
17 242
17 257
17 261
17 263
17 271
17 275
17 283
17 297
18 42
18 43
18 44
18 45
18 46
18 47
18 48
18 49
18 50
18 51
18 53
18 56
18 57
18 58
18 61
18 66
18 68
18 71
18 72
18 76
18 77
18 78
18 79
18 80
18 82
18 84
18 86
18 87
18 88
18 89
18 91
18 100
18 101
18 103
18 104
18 105
18 106
18 110
18 112
18 114
18 116
18 118
18 120
18 123
18 125
18 129
18 131
18 133
18 135
18 139
18 144
18 147
18 148
18 154
18 161
18 162
18 167
18 168
18 170
18 172
18 175
18 178
18 190
18 195
18 200
18 206
18 209
18 213
18 222
18 259
18 269
18 271
18 273
18 288
18 293
19 42
19 43
19 44
19 45
19 47
19 50
19 51
19 54
19 55
19 59
19 60
19 65
19 67
19 68
19 70
19 71
19 73
19 74
19 80
19 83
19 84
19 85
19 87
19 91
19 96
19 105
19 108
19 109
19 112
19 114
19 116
19 124
19 127
19 129
19 132
19 135
19 136
19 139
19 146
19 147
19 155
19 157
19 158
19 163
19 164
19 172
19 176
19 177
19 183
19 185
19 188
19 191
19 192
19 199
19 219
19 220
19 229
19 231
19 257
19 289
20 42
20 43
20 44
20 45
20 46
20 47
20 48
20 49
20 50
20 51
20 52
20 53
20 54
20 55
20 56
20 58
20 59
20 60
20 61
20 65
20 66
20 68
20 70
20 75
20 80
20 81
20 82
20 90
20 92
20 94
20 98
20 108
20 111
20 115
20 117
20 120
20 121
20 122
20 125
20 126
20 140
20 147
20 149
20 154
20 161
20 162
20 163
20 164
20 170
20 176
20 177
20 178
20 191
20 202
20 207
20 209
20 213
20 216
20 226
20 232
20 236
20 241
20 246
20 254
20 282
20 286
20 287
20 289
21 42
21 43
21 45
21 47
21 48
21 49
21 51
21 52
21 54
21 55
21 58
21 59
21 60
21 64
21 69
21 72
21 75
21 78
21 80
21 82
21 94
21 96
21 104
21 108
21 109
21 119
21 120
21 129
21 130
21 131
21 134
21 135
21 139
21 143
21 157
21 170
21 171
21 172
21 179
21 183
21 206
21 214
21 234
21 239
21 277
22 42
22 43
22 44
22 45
22 46
22 47
22 49
22 50
22 51
22 52
22 53
22 54
22 55
22 56
22 57
22 59
22 60
22 61
22 63
22 64
22 67
22 68
22 69
22 72
22 74
22 77
22 79
22 82
22 85
22 86
22 87
22 88
22 89
22 91
22 93
22 94
22 95
22 99
22 102
22 103
22 108
22 109
22 113
22 115
22 122
22 124
22 128
22 130
22 137
22 144
22 146
22 148
22 150
22 155
22 159
22 161
22 164
22 166
22 169
22 170
22 171
22 184
22 189
22 198
22 199
22 202
22 205
22 213
22 215
22 219
22 221
22 224
22 226
22 235
22 237
22 240
22 255
22 268
22 274
22 287
22 295
22 299
23 42
23 44
23 45
23 47
23 48
23 49
23 50
23 51
23 52
23 53
23 54
23 56
23 58
23 63
23 64
23 71
23 72
23 75
23 77
23 78
23 79
23 85
23 87
23 88
23 92
23 93
23 94
23 100
23 107
23 112
23 114
23 115
23 116
23 118
23 122
23 124
23 132
23 133
23 137
23 141
23 148
23 149
23 157
23 161
23 162
23 167
23 171
23 172
23 173
23 184
23 199
23 201
23 202
23 204
23 221
23 226
23 233
23 234
23 238
23 250
23 251
23 257
23 262
23 279
23 284
23 285
23 289
23 291
23 292
23 295
23 299
24 42
24 43
24 44
24 45
24 46
24 47
24 48
24 49
24 50
24 51
24 53
24 54
24 55
24 58
24 61
24 62
24 71
24 72
24 76
24 80
24 85
24 90
24 93
24 95
24 101
24 105
24 106
24 107
24 109
24 120
24 123
24 124
24 126
24 137
24 143
24 148
24 166
24 168
24 174
24 175
24 181
24 183
24 192
24 202
24 204
24 220
24 229
24 251
24 253
24 258
24 267
24 299
25 42
25 43
25 44
25 45
25 46
25 47
25 49
25 51
25 56
25 57
25 59
25 61
25 65
25 66
25 71
25 72
25 74
25 77
25 81
25 84
25 87
25 88
25 95
25 98
25 102
25 105
25 107
25 109
25 114
25 117
25 120
25 122
25 127
25 136
25 137
25 140
25 144
25 149
25 150
25 161
25 165
25 166
25 167
25 184
25 187
25 192
25 207
25 215
25 216
25 237
25 239
25 254
25 257
25 265
25 271
25 280
25 287
25 297
26 42
26 43
26 44
26 45
26 46
26 47
26 48
26 49
26 50
26 51
26 52
26 54
26 55
26 56
26 57
26 59
26 60
26 61
26 62
26 63
26 65
26 68
26 71
26 72
26 73
26 75
26 76
26 78
26 79
26 82
26 83
26 85
26 86
26 89
26 90
26 93
26 94
26 99
26 100
26 101
26 103
26 109
26 110
26 111
26 115
26 121
26 124
26 129
26 130
26 133
26 134
26 136
26 141
26 147
26 149
26 150
26 155
26 168
26 169
26 172
26 173
26 175
26 176
26 181
26 185
26 187
26 192
26 194
26 195
26 197
26 207
26 217
26 221
26 224
26 231
26 239
26 244
26 255
26 256
26 264
26 268
26 276
26 279
26 281
26 284
26 296
27 42
27 43
27 44
27 45
27 46
27 47
27 48
27 49
27 50
27 51
27 53
27 54
27 55
27 56
27 57
27 60
27 61
27 62
27 64
27 67
27 73
27 74
27 78
27 79
27 81
27 82
27 84
27 88
27 92
27 94
27 96
27 103
27 107
27 108
27 111
27 112
27 116
27 121
27 123
27 124
27 129
27 130
27 134
27 144
27 145
27 152
27 159
27 160
27 161
27 167
27 176
27 180
27 183
27 191
27 195
27 196
27 200
27 204
27 208
27 214
27 216
27 224
27 234
27 239
27 247
27 273
27 274
27 281
27 284
27 286
27 292
27 298
28 42
28 43
28 44
28 45
28 46
28 47
28 48
28 50
28 51
28 52
28 53
28 54
28 55
28 57
28 61
28 63
28 64
28 65
28 66
28 67
28 68
28 69
28 71
28 72
28 73
28 75
28 76
28 77
28 79
28 82
28 83
28 85
28 87
28 89
28 91
28 92
28 99
28 100
28 105
28 118
28 120
28 128
28 138
28 143
28 148
28 151
28 161
28 168
28 180
28 183
28 196
28 206
28 208
28 212
28 213
28 215
28 220
28 222
28 234
28 245
28 247
28 254
28 273
28 299
29 42
29 43
29 44
29 45
29 46
29 47
29 48
29 50
29 52
29 53
29 54
29 56
29 57
29 58
29 59
29 62
29 63
29 65
29 66
29 67
29 68
29 70
29 73
29 74
29 75
29 78
29 81
29 82
29 83
29 85
29 89
29 90
29 93
29 94
29 102
29 103
29 105
29 107
29 113
29 116
29 121
29 122
29 137
29 141
29 145
29 147
29 153
29 157
29 159
29 167
29 169
29 171
29 176
29 177
29 183
29 188
29 191
29 192
29 206
29 208
29 214
29 220
29 225
29 227
29 228
29 234
29 242
29 249
29 257
29 260
29 262
29 265
29 267
29 271
29 276
29 277
29 289
29 298
30 42
30 43
30 44
30 45
30 46
30 47
30 48
30 49
30 50
30 52
30 53
30 54
30 55
30 57
30 59
30 60
30 61
30 62
30 64
30 67
30 69
30 70
30 72
30 78
30 79
30 82
30 83
30 84
30 86
30 88
30 89
30 95
30 98
30 102
30 103
30 109
30 110
30 112
30 114
30 116
30 117
30 120
30 121
30 127
30 143
30 146
30 149
30 160
30 165
30 173
30 175
30 176
30 185
30 187
30 191
30 193
30 194
30 195
30 200
30 202
30 203
30 212
30 223
30 227
30 230
30 236
30 240
30 242
30 251
30 257
30 259
30 289
31 42
31 43
31 44
31 45
31 46
31 48
31 49
31 51
31 52
31 53
31 54
31 55
31 56
31 58
31 59
31 61
31 62
31 63
31 65
31 67
31 68
31 69
31 71
31 74
31 75
31 76
31 77
31 88
31 91
31 93
31 97
31 101
31 103
31 107
31 108
31 109
31 110
31 111
31 112
31 113
31 120
31 121
31 131
31 132
31 138
31 139
31 148
31 159
31 160
31 165
31 166
31 175
31 181
31 185
31 191
31 203
31 211
31 218
31 226
31 231
31 238
31 248
31 249
31 253
31 254
31 270
31 283
31 284
31 287
31 289
31 292
32 42
32 43
32 44
32 45
32 46
32 47
32 48
32 49
32 50
32 51
32 52
32 54
32 55
32 56
32 58
32 61
32 63
32 65
32 66
32 68
32 69
32 70
32 71
32 73
32 74
32 75
32 82
32 83
32 85
32 89
32 90
32 94
32 100
32 102
32 103
32 105
32 110
32 115
32 116
32 118
32 123
32 127
32 129
32 130
32 134
32 142
32 151
32 166
32 174
32 182
32 183
32 187
32 190
32 195
32 196
32 198
32 201
32 215
32 218
32 224
32 231
32 234
32 235
32 238
32 249
32 252
32 254
32 255
32 257
32 261
32 264
32 266
32 273
32 291
32 296
32 299
33 42
33 43
33 44
33 45
33 46
33 47
33 48
33 49
33 50
33 51
33 53
33 54
33 55
33 56
33 57
33 58
33 62
33 63
33 64
33 65
33 68
33 69
33 70
33 71
33 74
33 75
33 77
33 80
33 81
33 86
33 89
33 92
33 93
33 97
33 100
33 101
33 102
33 103
33 108
33 111
33 113
33 114
33 117
33 118
33 119
33 120
33 125
33 132
33 134
33 135
33 139
33 143
33 147
33 148
33 150
33 159
33 162
33 179
33 180
33 188
33 203
33 208
33 209
33 211
33 216
33 217
33 223
33 231
33 244
33 247
33 265
33 278
34 42
34 43
34 44
34 45
34 46
34 47
34 48
34 49
34 50
34 51
34 52
34 53
34 54
34 56
34 57
34 58
34 59
34 63
34 64
34 65
34 67
34 69
34 72
34 73
34 76
34 77
34 80
34 82
34 89
34 90
34 95
34 99
34 103
34 108
34 110
34 111
34 112
34 114
34 115
34 119
34 123
34 125
34 140
34 142
34 157
34 160
34 163
34 166
34 170
34 172
34 174
34 176
34 177
34 178
34 189
34 194
34 196
34 198
34 205
34 209
34 212
34 225
34 231
34 243
34 253
34 255
34 262
34 267
34 278
34 281
34 286
34 292
34 294
34 297
35 42
35 43
35 44
35 46
35 47
35 49
35 50
35 51
35 52
35 53
35 54
35 56
35 61
35 62
35 69
35 79
35 85
35 97
35 110
35 115
35 126
35 131
35 142
35 165
35 174
35 175
35 182
35 206
35 214
35 237
35 241
35 272
35 278
35 283
35 287
35 293
36 42
36 43
36 44
36 45
36 46
36 48
36 49
36 52
36 54
36 55
36 57
36 59
36 60
36 61
36 62
36 66
36 69
36 75
36 76
36 81
36 82
36 85
36 88
36 90
36 94
36 95
36 96
36 99
36 109
36 121
36 123
36 139
36 140
36 142
36 143
36 148
36 156
36 158
36 160
36 161
36 165
36 172
36 177
36 182
36 184
36 190
36 191
36 193
36 197
36 206
36 213
36 217
36 224
36 228
36 235
36 242
36 243
36 244
36 245
36 249
36 252
36 255
36 258
36 262
37 42
37 43
37 45
37 46
37 47
37 50
37 51
37 53
37 54
37 55
37 57
37 58
37 59
37 60
37 63
37 64
37 67
37 68
37 74
37 76
37 79
37 80
37 81
37 83
37 84
37 86
37 87
37 90
37 91
37 94
37 95
37 110
37 112
37 119
37 120
37 125
37 127
37 128
37 135
37 136
37 155
37 168
37 172
37 173
37 205
37 213
37 230
37 246
37 260
37 269
37 270
37 285
37 298
37 299
38 42
38 43
38 44
38 45
38 46
38 47
38 48
38 51
38 52
38 53
38 56
38 57
38 58
38 62
38 63
38 67
38 70
38 71
38 76
38 78
38 80
38 82
38 84
38 85
38 88
38 91
38 92
38 93
38 101
38 104
38 105
38 110
38 116
38 118
38 129
38 131
38 132
38 137
38 138
38 140
38 146
38 152
38 153
38 164
38 166
38 167
38 177
38 179
38 182
38 186
38 196
38 200
38 204
38 205
38 206
38 228
38 229
38 231
38 236
38 241
38 244
38 259
38 263
38 270
38 271
38 288
38 290
38 295
39 42
39 43
39 44
39 45
39 46
39 47
39 48
39 49
39 50
39 52
39 53
39 54
39 55
39 56
39 57
39 59
39 60
39 61
39 64
39 67
39 68
39 69
39 73
39 74
39 75
39 76
39 78
39 80
39 82
39 84
39 89
39 90
39 95
39 96
39 97
39 104
39 106
39 108
39 114
39 116
39 117
39 119
39 122
39 124
39 125
39 126
39 127
39 128
39 129
39 131
39 133
39 134
39 139
39 144
39 145
39 146
39 147
39 151
39 153
39 154
39 156
39 157
39 160
39 163
39 170
39 175
39 178
39 179
39 186
39 188
39 189
39 197
39 206
39 218
39 220
39 221
39 222
39 224
39 225
39 254
39 274
39 276
39 278
39 280
40 42
40 43
40 44
40 45
40 46
40 47
40 48
40 50
40 52
40 53
40 54
40 55
40 57
40 59
40 60
40 61
40 62
40 63
40 64
40 65
40 66
40 70
40 73
40 75
40 78
40 79
40 80
40 81
40 82
40 84
40 86
40 90
40 95
40 96
40 99
40 102
40 103
40 104
40 105
40 106
40 109
40 112
40 114
40 115
40 117
40 121
40 123
40 126
40 133
40 134
40 135
40 138
40 143
40 145
40 148
40 154
40 163
40 164
40 165
40 167
40 180
40 181
40 190
40 195
40 200
40 201
40 202
40 210
40 213
40 214
40 216
40 217
40 220
40 221
40 227
40 238
40 243
40 256
40 258
40 262
40 266
40 270
40 274
40 283
40 290
40 297
41 42
41 43
41 44
41 45
41 46
41 48
41 49
41 50
41 51
41 52
41 53
41 54
41 55
41 57
41 58
41 60
41 61
41 63
41 65
41 66
41 67
41 69
41 70
41 72
41 77
41 78
41 81
41 82
41 87
41 93
41 94
41 98
41 104
41 108
41 111
41 112
41 113
41 114
41 120
41 123
41 124
41 129
41 130
41 156
41 160
41 163
41 166
41 170
41 180
41 183
41 193
41 194
41 198
41 214
41 217
41 228
41 249
41 251
41 254
41 266
41 273
41 284
41 287
41 289
41 291
41 298
42 43
42 44
42 45
42 46
42 47
42 48
42 49
42 50
42 51
42 52
42 53
42 54
42 55
42 56
42 57
42 58
42 59
42 60
42 61
42 62
42 63
42 64
42 65
42 66
42 67
42 68
42 69
42 70
42 71
42 73
42 74
42 76
42 77
42 78
42 79
42 80
42 81
42 82
42 83
42 85
42 86
42 87
42 88
42 89
42 90
42 91
42 92
42 97
42 98
42 99
42 100
42 101
42 102
42 103
42 108
42 111
42 112
42 114
42 116
42 119
42 120
42 121
42 122
42 124
42 126
42 127
42 129
42 131
42 135
42 139
42 140
42 141
42 143
42 146
42 149
42 151
42 153
42 154
42 156
42 157
42 159
42 161
42 162
42 165
42 170
42 171
42 172
42 173
42 174
42 179
42 181
42 186
42 188
42 189
42 190
42 192
42 198
42 207
42 208
42 211
42 212
42 213
42 215
42 216
42 217
42 218
42 225
42 233
42 234
42 236
42 238
42 242
42 245
42 250
42 255
42 259
42 261
42 262
42 263
42 265
42 269
42 272
42 276
42 281
42 282
42 285
42 287
42 290
43 44
43 45
43 46
43 47
43 48
43 49
43 50
43 51
43 52
43 53
43 54
43 55
43 56
43 57
43 58
43 59
43 60
43 61
43 62
43 63
43 64
43 65
43 66
43 67
43 68
43 69
43 70
43 71
43 72
43 73
43 75
43 76
43 77
43 78
43 79
43 81
43 82
43 83
43 84
43 85
43 86
43 87
43 88
43 89
43 92
43 93
43 94
43 95
43 98
43 99
43 100
43 101
43 103
43 104
43 107
43 108
43 109
43 110
43 115
43 116
43 117
43 121
43 124
43 126
43 128
43 130
43 131
43 132
43 140
43 142
43 143
43 146
43 148
43 149
43 150
43 152
43 153
43 155
43 160
43 161
43 164
43 165
43 166
43 167
43 168
43 169
43 170
43 173
43 175
43 176
43 190
43 191
43 193
43 194
43 195
43 197
43 198
43 200
43 203
43 208
43 216
43 224
43 226
43 227
43 230
43 232
43 248
43 252
43 259
43 264
43 266
43 273
43 277
43 279
43 282
43 283
43 285
43 287
43 288
43 295
44 45
44 46
44 47
44 48
44 49
44 50
44 51
44 52
44 53
44 54
44 55
44 56
44 57
44 58
44 59
44 60
44 62
44 64
44 65
44 66
44 69
44 70
44 72
44 73
44 74
44 75
44 77
44 78
44 79
44 80
44 81
44 82
44 83
44 84
44 91
44 92
44 93
44 94
44 95
44 98
44 102
44 103
44 104
44 105
44 106
44 108
44 110
44 112
44 115
44 116
44 120
44 125
44 126
44 128
44 129
44 130
44 132
44 133
44 134
44 138
44 140
44 144
44 153
44 155
44 159
44 160
44 161
44 162
44 168
44 169
44 171
44 174
44 176
44 181
44 185
44 188
44 192
44 196
44 202
44 203
44 209
44 211
44 215
44 220
44 223
44 226
44 229
44 230
44 237
44 238
44 249
44 252
44 253
44 257
44 260
44 262
44 264
44 266
44 284
44 288
44 291
44 293
44 296
45 46
45 47
45 48
45 49
45 50
45 51
45 52
45 53
45 54
45 55
45 56
45 57
45 58
45 59
45 60
45 61
45 62
45 63
45 64
45 66
45 67
45 68
45 69
45 70
45 71
45 72
45 73
45 74
45 75
45 76
45 78
45 80
45 81
45 83
45 84
45 85
45 90
45 91
45 92
45 93
45 94
45 95
45 96
45 98
45 99
45 100
45 102
45 103
45 104
45 105
45 106
45 107
45 111
45 113
45 116
45 117
45 119
45 124
45 125
45 126
45 129
45 132
45 133
45 136
45 140
45 141
45 144
45 148
45 152
45 154
45 158
45 160
45 161
45 164
45 165
45 167
45 168
45 169
45 171
45 173
45 174
45 176
45 179
45 180
45 190
45 193
45 194
45 195
45 196
45 198
45 205
45 207
45 208
45 212
45 217
45 219
45 222
45 226
45 227
45 232
45 235
45 238
45 242
45 243
45 247
45 248
45 250
45 252
45 253
45 261
45 262
45 263
45 264
45 268
45 273
45 274
45 277
45 285
45 288
45 294
45 297
46 47
46 48
46 49
46 50
46 51
46 52
46 53
46 54
46 55
46 56
46 57
46 58
46 59
46 60
46 62
46 63
46 64
46 65
46 66
46 67
46 68
46 69
46 70
46 71
46 72
46 73
46 75
46 76
46 77
46 78
46 79
46 80
46 81
46 82
46 84
46 85
46 86
46 87
46 88
46 89
46 90
46 92
46 95
46 99
46 100
46 103
46 105
46 106
46 107
46 108
46 109
46 112
46 113
46 115
46 117
46 119
46 122
46 123
46 126
46 129
46 130
46 134
46 136
46 140
46 143
46 144
46 145
46 146
46 151
46 153
46 154
46 156
46 158
46 162
46 165
46 167
46 168
46 170
46 173
46 174
46 175
46 182
46 188
46 192
46 195
46 199
46 200
46 205
46 208
46 209
46 210
46 211
46 213
46 215
46 216
46 219
46 220
46 222
46 229
46 230
46 236
46 238
46 239
46 240
46 242
46 244
46 253
46 257
46 258
46 269
46 276
46 277
46 286
46 287
46 291
46 292
47 48
47 49
47 50
47 51
47 52
47 53
47 54
47 55
47 56
47 57
47 58
47 59
47 60
47 61
47 62
47 63
47 64
47 65
47 66
47 67
47 68
47 70
47 71
47 72
47 73
47 75
47 78
47 79
47 80
47 81
47 83
47 85
47 86
47 88
47 89
47 90
47 92
47 94
47 96
47 97
47 99
47 100
47 106
47 109
47 112
47 114
47 116
47 117
47 121
47 122
47 123
47 124
47 126
47 127
47 129
47 131
47 132
47 133
47 137
47 140
47 142
47 143
47 144
47 145
47 147
47 149
47 150
47 151
47 154
47 158
47 159
47 161
47 163
47 164
47 165
47 167
47 171
47 172
47 174
47 177
47 178
47 180
47 183
47 184
47 191
47 193
47 196
47 200
47 211
47 212
47 214
47 215
47 217
47 220
47 221
47 222
47 226
47 228
47 229
47 235
47 237
47 239
47 246
47 247
47 248
47 250
47 253
47 254
47 260
47 263
47 266
47 269
47 278
47 281
47 282
47 285
47 292
47 294
47 295
48 49
48 50
48 51
48 52
48 53
48 55
48 56
48 57
48 58
48 59
48 60
48 61
48 62
48 63
48 64
48 65
48 66
48 67
48 68
48 69
48 70
48 71
48 73
48 74
48 75
48 76
48 77
48 78
48 80
48 81
48 82
48 83
48 84
48 85
48 86
48 91
48 92
48 96
48 99
48 102
48 103
48 105
48 106
48 108
48 109
48 111
48 113
48 114
48 116
48 119
48 121
48 126
48 129
48 133
48 134
48 142
48 143
48 144
48 145
48 146
48 148
48 151
48 154
48 155
48 156
48 157
48 158
48 159
48 162
48 164
48 166
48 167
48 168
48 170
48 174
48 178
48 180
48 182
48 184
48 186
48 191
48 192
48 197
48 198
48 202
48 203
48 204
48 207
48 210
48 211
48 212
48 214
48 215
48 216
48 222
48 226
48 227
48 228
48 230
48 231
48 232
48 233
48 240
48 241
48 243
48 244
48 245
48 246
48 249
48 250
48 256
48 257
48 259
48 260
48 261
48 262
48 265
48 267
48 270
48 278
48 283
48 287
48 289
48 291
48 293
48 294
48 295
48 298
48 299
49 50
49 51
49 52
49 53
49 54
49 55
49 56
49 57
49 58
49 59
49 60
49 61
49 62
49 63
49 64
49 65
49 66
49 68
49 69
49 70
49 71
49 72
49 73
49 74
49 75
49 76
49 78
49 79
49 80
49 83
49 84
49 85
49 87
49 88
49 89
49 91
49 92
49 94
49 96
49 97
49 98
49 99
49 102
49 103
49 106
49 107
49 109
49 112
49 114
49 117
49 119
49 121
49 123
49 125
49 126
49 130
49 132
49 134
49 135
49 136
49 137
49 139
49 141
49 144
49 145
49 147
49 148
49 149
49 155
49 158
49 159
49 161
49 162
49 163
49 166
49 168
49 171
49 173
49 175
49 178
49 182
49 183
49 187
49 191
49 193
49 194
49 199
49 200
49 202
49 204
49 210
49 213
49 217
49 218
49 219
49 221
49 222
49 223
49 225
49 229
49 230
49 231
49 233
49 234
49 236
49 240
49 245
49 246
49 248
49 249
49 250
49 253
49 254
49 256
49 259
49 260
49 262
49 264
49 265
49 268
49 270
49 274
49 275
49 276
49 277
49 280
49 281
49 282
49 287
49 292
49 293
49 295
49 297
50 51
50 52
50 53
50 54
50 55
50 57
50 58
50 59
50 60
50 61
50 62
50 63
50 64
50 65
50 66
50 67
50 68
50 69
50 70
50 71
50 72
50 73
50 74
50 75
50 76
50 77
50 78
50 79
50 81
50 82
50 87
50 88
50 92
50 93
50 94
50 95
50 96
50 97
50 99
50 100
50 102
50 104
50 105
50 106
50 108
50 109
50 110
50 111
50 112
50 114
50 115
50 116
50 117
50 118
50 119
50 120
50 122
50 125
50 126
50 127
50 131
50 132
50 133
50 137
50 138
50 139
50 142
50 144
50 145
50 146
50 148
50 149
50 150
50 151
50 152
50 153
50 154
50 162
50 165
50 166
50 167
50 170
50 173
50 174
50 176
50 185
50 187
50 189
50 191
50 192
50 194
50 196
50 197
50 201
50 205
50 206
50 209
50 212
50 215
50 217
50 219
50 224
50 226
50 227
50 231
50 232
50 233
50 235
50 236
50 237
50 238
50 239
50 242
50 244
50 247
50 248
50 252
50 253
50 256
50 261
50 270
50 271
50 272
50 275
50 280
50 282
50 284
50 288
50 289
50 291
50 292
50 293
51 52
51 53
51 54
51 55
51 56
51 57
51 58
51 59
51 60
51 61
51 62
51 63
51 64
51 66
51 67
51 68
51 69
51 70
51 71
51 72
51 75
51 76
51 79
51 81
51 88
51 90
51 92
51 94
51 95
51 97
51 101
51 107
51 109
51 111
51 112
51 113
51 114
51 116
51 118
51 119
51 121
51 122
51 127
51 128
51 129
51 134
51 135
51 136
51 141
51 144
51 145
51 146
51 148
51 149
51 150
51 152
51 154
51 156
51 159
51 160
51 161
51 162
51 164
51 168
51 169
51 172
51 174
51 175
51 177
51 188
51 192
51 193
51 194
51 200
51 201
51 202
51 204
51 208
51 211
51 212
51 213
51 218
51 223
51 228
51 234
51 237
51 249
51 250
51 254
51 258
51 259
51 260
51 262
51 264
51 281
51 288
51 289
51 290
51 294
51 295
51 297
51 299
52 53
52 54
52 55
52 56
52 57
52 58
52 59
52 60
52 61
52 62
52 64
52 65
52 66
52 67
52 68
52 70
52 71
52 72
52 73
52 74
52 75
52 77
52 78
52 79
52 80
52 82
52 86
52 87
52 88
52 89
52 91
52 92
52 93
52 94
52 97
52 98
52 99
52 100
52 101
52 102
52 103
52 104
52 105
52 107
52 108
52 111
52 113
52 117
52 118
52 120
52 121
52 123
52 128
52 129
52 130
52 133
52 135
52 136
52 137
52 138
52 139
52 140
52 142
52 150
52 152
52 153
52 158
52 160
52 161
52 162
52 165
52 169
52 171
52 172
52 173
52 176
52 179
52 180
52 187
52 188
52 190
52 196
52 197
52 205
52 207
52 208
52 212
52 215
52 218
52 222
52 225
52 228
52 236
52 242
52 243
52 256
52 260
52 262
52 264
52 265
52 269
52 270
52 273
52 274
52 275
52 276
52 277
52 280
52 281
52 292
52 294
52 299
53 54
53 55
53 56
53 57
53 58
53 59
53 60
53 62
53 63
53 64
53 65
53 66
53 67
53 68
53 69
53 70
53 71
53 72
53 73
53 74
53 75
53 76
53 77
53 78
53 80
53 81
53 84
53 85
53 86
53 88
53 89
53 90
53 91
53 92
53 93
53 94
53 96
53 97
53 98
53 99
53 101
53 104
53 105
53 107
53 112
53 117
53 119
53 120
53 122
53 125
53 128
53 130
53 131
53 132
53 133
53 134
53 137
53 139
53 140
53 149
53 151
53 152
53 154
53 155
53 156
53 157
53 158
53 160
53 161
53 162
53 164
53 167
53 169
53 171
53 176
53 178
53 179
53 182
53 183
53 187
53 188
53 190
53 191
53 197
53 198
53 201
53 209
53 213
53 217
53 218
53 220
53 221
53 223
53 235
53 237
53 239
53 240
53 241
53 242
53 243
53 245
53 250
53 251
53 256
53 257
53 260
53 264
53 267
53 268
53 271
53 274
53 275
53 279
53 289
53 292
53 296
54 55
54 56
54 57
54 58
54 59
54 60
54 61
54 62
54 63
54 64
54 65
54 66
54 67
54 68
54 69
54 70
54 71
54 72
54 73
54 74
54 75
54 77
54 80
54 81
54 83
54 84
54 86
54 87
54 88
54 91
54 92
54 93
54 94
54 95
54 96
54 98
54 99
54 101
54 103
54 107
54 108
54 109
54 111
54 113
54 114
54 118
54 119
54 120
54 123
54 124
54 125
54 126
54 127
54 128
54 129
54 130
54 133
54 134
54 135
54 139
54 140
54 147
54 150
54 152
54 154
54 155
54 156
54 158
54 160
54 161
54 166
54 169
54 174
54 176
54 178
54 182
54 184
54 185
54 188
54 190
54 191
54 193
54 195
54 196
54 197
54 198
54 199
54 201
54 208
54 211
54 212
54 214
54 218
54 226
54 232
54 233
54 234
54 238
54 239
54 241
54 251
54 261
54 266
54 267
54 271
54 273
54 279
54 280
54 283
54 286
54 288
54 289
54 290
54 292
54 294
55 56
55 57
55 58
55 60
55 61
55 62
55 63
55 64
55 67
55 68
55 69
55 70
55 71
55 72
55 73
55 75
55 76
55 77
55 78
55 79
55 82
55 83
55 86
55 87
55 88
55 90
55 91
55 94
55 97
55 98
55 102
55 103
55 104
55 106
55 109
55 110
55 111
55 117
55 118
55 123
55 124
55 126
55 135
55 137
55 140
55 141
55 145
55 151
55 153
55 155
55 156
55 157
55 159
55 166
55 170
55 172
55 174
55 182
55 184
55 185
55 186
55 187
55 193
55 194
55 200
55 204
55 205
55 207
55 208
55 209
55 217
55 219
55 223
55 229
55 231
55 236
55 238
55 239
55 244
55 245
55 247
55 251
55 255
55 259
55 262
55 266
55 267
55 268
55 286
55 287
55 288
55 289
55 293
55 297
56 57
56 58
56 59
56 60
56 61
56 62
56 63
56 64
56 65
56 66
56 67
56 68
56 70
56 73
56 74
56 75
56 76
56 77
56 78
56 79
56 80
56 81
56 82
56 83
56 84
56 85
56 86
56 87
56 88
56 89
56 93
56 94
56 96
56 97
56 98
56 100
56 102
56 104
56 105
56 106
56 107
56 110
56 112
56 114
56 115
56 116
56 118
56 119
56 121
56 124
56 125
56 126
56 127
56 132
56 135
56 138
56 147
56 149
56 150
56 151
56 152
56 156
56 158
56 162
56 163
56 165
56 167
56 168
56 169
56 170
56 173
56 174
56 175
56 176
56 177
56 179
56 181
56 183
56 184
56 185
56 192
56 194
56 202
56 212
56 213
56 214
56 225
56 226
56 231
56 241
56 243
56 246
56 253
56 254
56 257
56 260
56 262
56 264
56 267
56 271
56 272
56 273
56 274
56 281
56 286
56 293
56 295
57 58
57 59
57 61
57 62
57 64
57 65
57 66
57 67
57 68
57 69
57 70
57 71
57 72
57 73
57 74
57 75
57 76
57 80
57 83
57 86
57 87
57 88
57 89
57 90
57 91
57 92
57 93
57 94
57 95
57 96
57 97
57 98
57 100
57 102
57 104
57 105
57 107
57 108
57 110
57 112
57 113
57 114
57 118
57 119
57 122
57 123
57 126
57 127
57 133
57 134
57 135
57 136
57 141
57 142
57 144
57 146
57 153
57 154
57 155
57 160
57 161
57 164
57 165
57 169
57 173
57 179
57 184
57 186
57 188
57 190
57 191
57 196
57 202
57 208
57 209
57 211
57 213
57 214
57 220
57 221
57 224
57 225
57 229
57 232
57 234
57 235
57 237
57 238
57 243
57 244
57 247
57 251
57 253
57 254
57 261
57 263
57 267
57 272
57 273
57 275
57 278
57 282
57 291
57 292
57 295
57 297
58 59
58 60
58 61
58 62
58 63
58 64
58 65
58 67
58 68
58 69
58 71
58 73
58 74
58 76
58 77
58 78
58 79
58 80
58 81
58 82
58 84
58 85
58 87
58 89
58 90
58 91
58 92
58 93
58 95
58 96
58 97
58 101
58 102
58 104
58 105
58 107
58 110
58 113
58 118
58 119
58 120
58 123
58 124
58 126
58 127
58 128
58 134
58 136
58 137
58 139
58 142
58 144
58 146
58 148
58 150
58 151
58 154
58 160
58 162
58 163
58 164
58 166
58 167
58 168
58 169
58 174
58 178
58 184
58 186
58 187
58 193
58 195
58 199
58 201
58 202
58 204
58 205
58 206
58 207
58 209
58 210
58 211
58 214
58 218
58 224
58 229
58 231
58 232
58 233
58 235
58 236
58 239
58 247
58 249
58 254
58 258
58 260
58 268
58 270
58 274
58 275
58 278
58 279
58 282
58 283
58 290
58 293
58 294
58 296
59 60
59 61
59 62
59 64
59 65
59 66
59 67
59 68
59 69
59 70
59 71
59 73
59 74
59 75
59 79
59 80
59 81
59 82
59 85
59 86
59 87
59 88
59 92
59 93
59 96
59 97
59 99
59 100
59 102
59 104
59 105
59 107
59 110
59 114
59 115
59 117
59 119
59 120
59 123
59 125
59 127
59 130
59 131
59 140
59 141
59 142
59 143
59 147
59 148
59 151
59 153
59 156
59 160
59 162
59 170
59 172
59 173
59 178
59 180
59 186
59 188
59 189
59 190
59 194
59 195
59 197
59 198
59 201
59 202
59 212
59 213
59 215
59 216
59 217
59 218
59 219
59 221
59 223
59 224
59 227
59 228
59 233
59 235
59 236
59 240
59 246
59 248
59 255
59 256
59 265
59 266
59 271
59 276
59 278
59 288
59 289
60 61
60 62
60 63
60 64
60 66
60 67
60 68
60 70
60 72
60 74
60 75
60 76
60 77
60 81
60 83
60 84
60 85
60 86
60 87
60 88
60 89
60 90
60 92
60 93
60 95
60 96
60 97
60 98
60 99
60 100
60 101
60 102
60 103
60 104
60 105
60 106
60 110
60 114
60 118
60 128
60 129
60 132
60 135
60 137
60 138
60 141
60 142
60 144
60 146
60 149
60 151
60 153
60 155
60 156
60 158
60 160
60 161
60 167
60 168
60 171
60 172
60 179
60 181
60 182
60 183
60 184
60 190
60 191
60 192
60 195
60 197
60 198
60 200
60 203
60 205
60 206
60 208
60 211
60 220
60 221
60 224
60 227
60 230
60 233
60 238
60 239
60 241
60 246
60 247
60 256
60 260
60 262
60 263
60 264
60 268
60 270
60 277
60 285
60 286
60 288
60 289
60 290
60 291
60 293
61 62
61 63
61 64
61 65
61 66
61 67
61 68
61 69
61 70
61 72
61 73
61 74
61 77
61 79
61 82
61 83
61 84
61 85
61 87
61 88
61 89
61 90
61 92
61 96
61 97
61 104
61 106
61 109
61 110
61 114
61 117
61 119
61 122
61 124
61 126
61 130
61 132
61 133
61 137
61 138
61 143
61 144
61 146
61 147
61 150
61 151
61 152
61 153
61 158
61 161
61 162
61 170
61 171
61 172
61 176
61 181
61 188
61 195
61 199
61 202
61 203
61 207
61 209
61 212
61 220
61 224
61 225
61 226
61 227
61 228
61 232
61 237
61 238
61 241
61 243
61 244
61 248
61 265
61 266
61 267
61 269
61 271
61 273
61 280
61 285
61 295
61 297
61 298
62 64
62 65
62 66
62 67
62 69
62 70
62 71
62 75
62 77
62 81
62 82
62 86
62 88
62 91
62 92
62 93
62 96
62 98
62 99
62 100
62 101
62 102
62 105
62 112
62 117
62 121
62 122
62 123
62 126
62 129
62 130
62 131
62 132
62 133
62 135
62 138
62 143
62 146
62 148
62 150
62 153
62 156
62 158
62 159
62 162
62 164
62 165
62 169
62 170
62 172
62 184
62 191
62 193
62 202
62 206
62 207
62 208
62 211
62 213
62 219
62 221
62 228
62 230
62 234
62 235
62 236
62 238
62 240
62 249
62 251
62 254
62 255
62 256
62 257
62 258
62 261
62 263
62 265
62 266
62 271
62 272
62 278
62 281
62 289
62 294
62 296
62 297
62 298
63 64
63 65
63 66
63 67
63 68
63 69
63 70
63 72
63 74
63 75
63 76
63 77
63 78
63 79
63 80
63 81
63 82
63 84
63 88
63 89
63 90
63 91
63 92
63 93
63 95
63 96
63 97
63 103
63 104
63 111
63 112
63 114
63 116
63 119
63 120
63 122
63 124
63 128
63 129
63 131
63 132
63 133
63 134
63 137
63 138
63 139
63 141
63 142
63 144
63 148
63 149
63 152
63 158
63 161
63 164
63 165
63 168
63 172
63 175
63 176
63 177
63 178
63 185
63 188
63 189
63 192
63 193
63 196
63 197
63 199
63 200
63 201
63 205
63 216
63 221
63 223
63 224
63 226
63 233
63 237
63 246
63 247
63 255
63 258
63 261
63 263
63 264
63 266
63 269
63 271
63 278
63 279
63 280
63 285
63 288
63 290
63 295
64 65
64 66
64 67
64 68
64 70
64 71
64 72
64 73
64 74
64 76
64 78
64 80
64 81
64 83
64 84
64 85
64 86
64 91
64 92
64 93
64 94
64 95
64 97
64 99
64 101
64 105
64 107
64 108
64 109
64 110
64 112
64 113
64 117
64 125
64 133
64 142
64 143
64 144
64 147
64 149
64 156
64 157
64 168
64 174
64 176
64 178
64 179
64 182
64 185
64 189
64 196
64 197
64 199
64 201
64 214
64 216
64 217
64 218
64 219
64 220
64 222
64 225
64 230
64 238
64 247
64 249
64 252
64 256
64 260
64 262
64 268
64 276
64 284
64 285
64 287
64 290
64 292
64 298
65 68
65 69
65 70
65 71
65 72
65 73
65 77
65 78
65 79
65 83
65 86
65 87
65 90
65 91
65 92
65 93
65 95
65 96
65 97
65 99
65 100
65 102
65 104
65 106
65 108
65 110
65 111
65 115
65 118
65 120
65 129
65 130
65 133
65 137
65 138
65 142
65 144
65 146
65 148
65 153
65 156
65 158
65 160
65 166
65 170
65 172
65 174
65 176
65 178
65 182
65 183
65 188
65 190
65 191
65 193
65 195
65 196
65 216
65 218
65 219
65 220
65 224
65 229
65 241
65 243
65 244
65 245
65 247
65 254
65 256
65 257
65 259
65 262
65 274
65 280
65 284
65 285
65 286
65 288
66 67
66 68
66 69
66 70
66 72
66 73
66 74
66 75
66 76
66 78
66 79
66 80
66 82
66 83
66 87
66 89
66 93
66 94
66 95
66 103
66 104
66 106
66 108
66 110
66 113
66 114
66 118
66 121
66 123
66 126
66 127
66 130
66 134
66 137
66 141
66 145
66 150
66 154
66 158
66 160
66 161
66 165
66 166
66 169
66 176
66 179
66 181
66 185
66 189
66 193
66 194
66 198
66 200
66 207
66 210
66 211
66 213
66 215
66 216
66 223
66 225
66 228
66 230
66 232
66 234
66 243
66 246
66 247
66 249
66 251
66 252
66 258
66 263
66 266
66 271
66 277
66 291
66 293
66 294
66 298
67 68
67 69
67 70
67 71
67 72
67 73
67 74
67 75
67 76
67 80
67 81
67 82
67 84
67 85
67 86
67 87
67 88
67 90
67 92
67 93
67 94
67 96
67 98
67 100
67 103
67 104
67 109
67 112
67 116
67 120
67 121
67 123
67 126
67 128
67 132
67 135
67 139
67 141
67 142
67 147
67 149
67 151
67 155
67 160
67 167
67 168
67 173
67 174
67 176
67 177
67 180
67 181
67 182
67 183
67 186
67 188
67 189
67 192
67 195
67 200
67 204
67 210
67 211
67 212
67 215
67 217
67 219
67 220
67 224
67 225
67 228
67 229
67 230
67 232
67 234
67 240
67 241
67 245
67 249
67 251
67 258
67 260
67 261
67 268
67 275
67 280
67 282
67 283
67 288
67 289
67 296
67 297
68 69
68 70
68 71
68 72
68 73
68 76
68 79
68 80
68 81
68 82
68 83
68 84
68 85
68 87
68 90
68 92
68 93
68 94
68 98
68 101
68 102
68 103
68 104
68 105
68 106
68 107
68 108
68 109
68 110
68 111
68 114
68 115
68 117
68 121
68 125
68 127
68 133
68 136
68 138
68 141
68 143
68 144
68 145
68 146
68 147
68 148
68 152
68 153
68 154
68 155
68 156
68 157
68 158
68 161
68 162
68 166
68 169
68 170
68 175
68 178
68 179
68 181
68 182
68 187
68 189
68 190
68 191
68 195
68 198
68 206
68 207
68 210
68 213
68 217
68 218
68 219
68 220
68 225
68 237
68 239
68 240
68 242
68 243
68 249
68 250
68 258
68 264
68 267
68 270
68 271
68 275
68 277
68 280
68 291
68 296
68 297
68 299
69 71
69 72
69 73
69 74
69 76
69 77
69 79
69 80
69 86
69 94
69 101
69 107
69 109
69 111
69 114
69 115
69 118
69 119
69 122
69 123
69 124
69 125
69 128
69 133
69 134
69 135
69 136
69 137
69 139
69 144
69 145
69 147
69 149
69 151
69 152
69 155
69 157
69 160
69 167
69 168
69 172
69 178
69 181
69 182
69 183
69 189
69 191
69 193
69 196
69 197
69 206
69 208
69 212
69 213
69 214
69 221
69 230
69 234
69 238
69 248
69 257
69 260
69 264
69 268
69 278
69 281
69 297
69 298
70 71
70 73
70 74
70 75
70 76
70 78
70 79
70 81
70 83
70 85
70 86
70 87
70 88
70 89
70 92
70 95
70 97
70 99
70 100
70 101
70 102
70 104
70 108
70 110
70 111
70 114
70 115
70 116
70 118
70 121
70 127
70 136
70 137
70 138
70 139
70 140
70 141
70 142
70 144
70 146
70 149
70 150
70 156
70 159
70 160
70 162
70 163
70 170
70 171
70 176
70 178
70 182
70 183
70 185
70 187
70 190
70 195
70 196
70 200
70 204
70 207
70 215
70 216
70 220
70 223
70 231
70 242
70 244
70 245
70 246
70 253
70 256
70 261
70 267
70 270
70 276
70 277
70 280
70 284
70 286
70 288
70 291
70 292
71 73
71 77
71 78
71 79
71 82
71 83
71 84
71 85
71 88
71 89
71 90
71 93
71 95
71 96
71 98
71 99
71 100
71 101
71 103
71 104
71 107
71 112
71 114
71 116
71 119
71 124
71 126
71 133
71 134
71 135
71 136
71 139
71 141
71 144
71 148
71 152
71 156
71 164
71 165
71 169
71 171
71 172
71 173
71 174
71 175
71 177
71 180
71 181
71 186
71 190
71 192
71 193
71 194
71 197
71 200
71 203
71 205
71 206
71 214
71 218
71 219
71 228
71 231
71 232
71 237
71 240
71 244
71 256
71 263
71 269
71 278
71 281
71 290
71 291
71 294
71 296
72 73
72 74
72 76
72 80
72 83
72 84
72 85
72 87
72 88
72 92
72 94
72 95
72 98
72 100
72 101
72 103
72 107
72 110
72 112
72 113
72 115
72 116
72 117
72 121
72 123
72 124
72 125
72 126
72 129
72 130
72 131
72 134
72 138
72 150
72 151
72 152
72 153
72 156
72 160
72 161
72 164
72 168
72 169
72 173
72 176
72 177
72 183
72 184
72 189
72 190
72 199
72 208
72 209
72 210
72 218
72 222
72 226
72 227
72 241
72 243
72 245
72 248
72 254
72 255
72 257
72 271
72 280
72 283
72 286
72 288
73 74
73 76
73 77
73 78
73 80
73 82
73 84
73 85
73 86
73 89
73 90
73 91
73 92
73 95
73 96
73 98
73 101
73 102
73 104
73 106
73 115
73 116
73 117
73 119
73 121
73 122
73 125
73 126
73 127
73 128
73 132
73 134
73 137
73 138
73 139
73 140
73 141
73 142
73 145
73 147
73 158
73 159
73 161
73 167
73 168
73 179
73 182
73 185
73 186
73 198
73 202
73 204
73 205
73 207
73 209
73 211
73 215
73 225
73 227
73 241
73 244
73 252
73 255
73 256
73 259
73 262
73 263
73 265
73 266
73 267
73 279
73 282
73 284
73 285
73 286
73 289
73 292
73 295
74 75
74 77
74 79
74 80
74 82
74 87
74 89
74 91
74 94
74 97
74 99
74 101
74 102
74 104
74 105
74 106
74 117
74 122
74 123
74 130
74 131
74 134
74 135
74 138
74 140
74 143
74 145
74 146
74 147
74 149
74 154
74 157
74 159
74 163
74 170
74 173
74 177
74 180
74 182
74 183
74 185
74 186
74 187
74 188
74 200
74 207
74 208
74 209
74 210
74 214
74 219
74 220
74 222
74 224
74 235
74 236
74 239
74 241
74 243
74 245
74 246
74 252
74 253
74 257
74 258
74 261
74 267
74 283
74 287
74 294
74 297
75 79
75 80
75 81
75 83
75 92
75 93
75 96
75 99
75 100
75 102
75 103
75 105
75 106
75 111
75 113
75 114
75 117
75 119
75 120
75 121
75 122
75 125
75 128
75 129
75 130
75 132
75 136
75 152
75 154
75 156
75 158
75 164
75 165
75 169
75 172
75 175
75 177
75 178
75 179
75 186
75 193
75 195
75 198
75 199
75 202
75 204
75 215
75 217
75 219
75 220
75 221
75 224
75 225
75 228
75 230
75 233
75 234
75 238
75 239
75 244
75 253
75 254
75 256
75 260
75 279
75 286
75 287
75 288
75 296
76 77
76 78
76 79
76 80
76 82
76 88
76 89
76 90
76 91
76 94
76 95
76 99
76 100
76 102
76 103
76 104
76 106
76 107
76 108
76 109
76 114
76 116
76 119
76 126
76 127
76 128
76 131
76 132
76 136
76 137
76 141
76 142
76 145
76 150
76 151
76 153
76 156
76 168
76 169
76 170
76 171
76 173
76 174
76 175
76 178
76 180
76 181
76 187
76 190
76 194
76 196
76 204
76 209
76 212
76 213
76 218
76 223
76 224
76 225
76 227
76 228
76 230
76 233
76 234
76 236
76 239
76 240
76 244
76 252
76 258
76 261
76 274
76 275
76 277
76 280
76 286
76 288
76 296
76 297
77 79
77 80
77 82
77 83
77 84
77 87
77 88
77 90
77 97
77 98
77 101
77 105
77 109
77 112
77 115
77 120
77 127
77 133
77 135
77 136
77 137
77 140
77 143
77 145
77 147
77 149
77 155
77 163
77 164
77 168
77 169
77 174
77 176
77 179
77 182
77 183
77 190
77 197
77 198
77 202
77 203
77 206
77 208
77 213
77 216
77 220
77 223
77 226
77 230
77 231
77 235
77 237
77 239
77 243
77 244
77 249
77 253
77 259
77 261
77 268
77 269
77 272
77 278
77 279
77 281
77 282
77 289
77 296
77 297
78 80
78 81
78 85
78 92
78 94
78 96
78 98
78 99
78 100
78 101
78 104
78 113
78 118
78 122
78 125
78 127
78 128
78 129
78 131
78 133
78 134
78 135
78 142
78 146
78 151
78 163
78 164
78 166
78 169
78 175
78 183
78 195
78 201
78 203
78 210
78 214
78 215
78 216
78 227
78 229
78 232
78 236
78 240
78 241
78 251
78 255
78 258
78 262
78 266
78 269
78 270
78 275
78 276
78 278
78 284
78 285
78 297
78 298
79 81
79 83
79 84
79 85
79 86
79 88
79 90
79 91
79 94
79 95
79 97
79 99
79 100
79 101
79 104
79 105
79 106
79 108
79 112
79 115
79 121
79 122
79 123
79 125
79 128
79 132
79 135
79 136
79 139
79 140
79 141
79 145
79 146
79 148
79 151
79 153
79 159
79 162
79 164
79 165
79 166
79 170
79 172
79 186
79 189
79 192
79 204
79 205
79 209
79 210
79 211
79 217
79 218
79 220
79 222
79 223
79 225
79 234
79 237
79 238
79 249
79 250
79 251
79 252
79 260
79 278
79 286
79 287
79 292
79 299
80 81
80 83
80 87
80 91
80 97
80 98
80 100
80 105
80 107
80 110
80 120
80 128
80 129
80 134
80 136
80 138
80 139
80 151
80 159
80 162
80 163
80 172
80 174
80 176
80 182
80 186
80 189
80 191
80 193
80 199
80 211
80 214
80 226
80 230
80 238
80 241
80 254
80 265
80 266
80 272
80 274
80 280
80 283
80 284
81 83
81 84
81 85
81 86
81 87
81 89
81 91
81 92
81 93
81 96
81 97
81 98
81 99
81 102
81 107
81 108
81 111
81 113
81 125
81 126
81 128
81 129
81 135
81 136
81 138
81 146
81 155
81 156
81 157
81 162
81 172
81 175
81 179
81 180
81 188
81 195
81 200
81 207
81 209
81 214
81 218
81 223
81 229
81 233
81 239
81 242
81 251
81 252
81 255
81 264
81 278
81 279
81 281
81 291
81 298
82 83
82 84
82 89
82 97
82 98
82 102
82 103
82 106
82 107
82 109
82 114
82 116
82 118
82 119
82 120
82 125
82 126
82 129
82 131
82 143
82 145
82 146
82 150
82 153
82 168
82 172
82 174
82 176
82 182
82 187
82 189
82 191
82 193
82 195
82 199
82 200
82 202
82 205
82 207
82 210
82 216
82 222
82 233
82 234
82 238
82 241
82 246
82 247
82 251
82 253
82 256
82 257
82 258
82 262
82 269
82 271
82 281
82 286
82 287
82 289
82 290
82 291
83 84
83 85
83 87
83 88
83 95
83 96
83 97
83 100
83 101
83 103
83 104
83 106
83 113
83 115
83 117
83 118
83 121
83 123
83 125
83 128
83 129
83 132
83 134
83 136
83 137
83 154
83 156
83 158
83 160
83 164
83 165
83 167
83 178
83 185
83 188
83 210
83 216
83 225
83 227
83 234
83 239
83 243
83 246
83 251
83 254
83 261
83 263
83 264
83 275
83 281
83 290
83 292
83 296
84 86
84 87
84 89
84 93
84 101
84 102
84 103
84 105
84 106
84 109
84 111
84 113
84 114
84 115
84 131
84 132
84 133
84 135
84 151
84 153
84 174
84 181
84 185
84 191
84 192
84 194
84 196
84 201
84 202
84 206
84 208
84 222
84 229
84 232
84 233
84 238
84 241
84 242
84 244
84 249
84 250
84 252
84 258
84 261
84 265
84 272
84 273
84 280
84 283
84 287
84 294
84 295
85 86
85 88
85 90
85 91
85 93
85 95
85 99
85 101
85 102
85 106
85 110
85 111
85 113
85 114
85 115
85 117
85 118
85 119
85 120
85 122
85 124
85 129
85 131
85 132
85 134
85 135
85 137
85 139
85 143
85 145
85 146
85 147
85 148
85 150
85 151
85 158
85 159
85 160
85 166
85 170
85 175
85 180
85 183
85 186
85 187
85 192
85 194
85 202
85 206
85 210
85 218
85 226
85 227
85 229
85 231
85 232
85 233
85 235
85 238
85 240
85 241
85 244
85 245
85 248
85 249
85 252
85 257
85 263
85 267
85 278
85 285
85 297
86 87
86 89
86 91
86 95
86 97
86 98
86 100
86 106
86 107
86 108
86 109
86 112
86 113
86 115
86 116
86 121
86 124
86 129
86 132
86 133
86 143
86 145
86 149
86 157
86 162
86 172
86 177
86 180
86 186
86 189
86 194
86 211
86 217
86 223
86 226
86 230
86 246
86 248
86 251
86 254
86 272
86 278
86 281
86 285
86 286
86 294
87 91
87 96
87 97
87 98
87 103
87 105
87 107
87 108
87 109
87 110
87 111
87 114
87 117
87 119
87 120
87 122
87 124
87 127
87 134
87 136
87 137
87 138
87 143
87 144
87 145
87 147
87 148
87 152
87 153
87 154
87 156
87 173
87 179
87 181
87 183
87 185
87 186
87 188
87 190
87 193
87 194
87 195
87 196
87 201
87 204
87 209
87 215
87 218
87 220
87 222
87 230
87 237
87 239
87 246
87 259
87 263
87 270
87 274
87 279
87 287
87 289
87 299
88 89
88 90
88 94
88 95
88 98
88 99
88 100
88 101
88 102
88 104
88 105
88 107
88 109
88 111
88 115
88 126
88 128
88 132
88 138
88 141
88 146
88 158
88 162
88 163
88 164
88 165
88 168
88 175
88 177
88 180
88 181
88 185
88 188
88 191
88 198
88 200
88 225
88 228
88 230
88 233
88 241
88 247
88 255
88 256
88 257
88 259
88 263
88 268
88 270
88 273
88 276
88 279
88 293
88 299
89 91
89 93
89 95
89 98
89 99
89 101
89 103
89 108
89 112
89 116
89 118
89 120
89 121
89 122
89 125
89 130
89 132
89 138
89 145
89 149
89 150
89 151
89 164
89 171
89 180
89 182
89 185
89 192
89 197
89 199
89 209
89 212
89 213
89 227
89 243
89 245
89 248
89 252
89 276
89 278
89 283
89 294
90 91
90 92
90 95
90 96
90 97
90 98
90 100
90 108
90 109
90 113
90 114
90 121
90 123
90 127
90 128
90 130
90 131
90 132
90 136
90 144
90 148
90 151
90 153
90 154
90 156
90 166
90 174
90 176
90 177
90 180
90 186
90 190
90 191
90 193
90 195
90 196
90 198
90 199
90 200
90 201
90 202
90 209
90 211
90 213
90 215
90 217
90 218
90 221
90 223
90 226
90 227
90 228
90 229
90 232
90 233
90 235
90 237
90 246
90 247
90 248
90 250
90 254
90 257
90 260
90 263
90 270
90 272
90 274
90 278
90 279
90 283
90 292
90 293
90 295
91 95
91 96
91 99
91 102
91 103
91 108
91 113
91 117
91 118
91 120
91 124
91 125
91 128
91 131
91 134
91 137
91 138
91 140
91 142
91 143
91 144
91 147
91 153
91 154
91 159
91 161
91 162
91 163
91 164
91 167
91 168
91 169
91 173
91 175
91 178
91 184
91 189
91 190
91 194
91 200
91 202
91 203
91 208
91 209
91 213
91 226
91 233
91 234
91 239
91 242
91 245
91 248
91 258
91 259
91 275
91 283
91 287
91 290
91 292
91 296
91 299
92 96
92 101
92 102
92 111
92 113
92 115
92 117
92 120
92 122
92 123
92 124
92 125
92 126
92 132
92 136
92 138
92 141
92 143
92 149
92 158
92 164
92 167
92 178
92 180
92 185
92 188
92 194
92 197
92 204
92 209
92 219
92 230
92 235
92 250
92 258
92 278
92 284
92 299
93 94
93 95
93 96
93 98
93 99
93 100
93 102
93 103
93 106
93 110
93 113
93 119
93 122
93 128
93 133
93 134
93 137
93 139
93 140
93 146
93 149
93 157
93 158
93 159
93 163
93 168
93 171
93 188
93 200
93 201
93 204
93 213
93 215
93 216
93 224
93 239
93 246
93 248
93 249
93 262
93 265
93 268
93 273
93 274
93 275
93 277
93 284
93 292
93 294
93 298
94 97
94 99
94 103
94 106
94 108
94 112
94 117
94 122
94 124
94 126
94 132
94 135
94 136
94 139
94 143
94 148
94 150
94 152
94 154
94 165
94 178
94 181
94 182
94 185
94 186
94 187
94 193
94 198
94 199
94 200
94 202
94 205
94 206
94 208
94 210
94 212
94 216
94 222
94 228
94 231
94 233
94 240
94 248
94 254
94 259
94 262
94 273
94 296
95 97
95 100
95 102
95 104
95 109
95 111
95 112
95 113
95 121
95 125
95 133
95 134
95 137
95 142
95 145
95 151
95 158
95 159
95 160
95 167
95 172
95 174
95 175
95 182
95 187
95 188
95 191
95 201
95 207
95 213
95 216
95 218
95 219
95 222
95 227
95 228
95 232
95 234
95 240
95 253
95 264
95 270
95 282
95 290
96 97
96 98
96 99
96 100
96 101
96 104
96 107
96 108
96 110
96 111
96 112
96 122
96 124
96 127
96 129
96 130
96 132
96 138
96 141
96 146
96 149
96 150
96 151
96 157
96 163
96 170
96 184
96 187
96 188
96 192
96 199
96 203
96 205
96 208
96 224
96 225
96 230
96 233
96 243
96 247
96 248
96 253
96 258
96 259
96 260
96 263
96 279
96 282
96 291
96 295
96 296
97 98
97 100
97 101
97 105
97 107
97 115
97 130
97 134
97 143
97 147
97 150
97 152
97 154
97 157
97 167
97 171
97 172
97 174
97 181
97 182
97 194
97 195
97 200
97 204
97 208
97 215
97 224
97 236
97 243
97 252
97 264
97 277
97 283
97 286
98 101
98 102
98 106
98 107
98 110
98 118
98 131
98 136
98 140
98 142
98 152
98 168
98 169
98 187
98 191
98 203
98 204
98 207
98 215
98 217
98 220
98 227
98 232
98 233
98 234
98 239
98 248
98 250
98 253
98 265
98 272
98 274
98 288
98 292
98 295
98 298
99 100
99 104
99 106
99 109
99 110
99 111
99 112
99 116
99 119
99 120
99 127
99 139
99 141
99 143
99 145
99 147
99 149
99 157
99 163
99 164
99 166
99 167
99 169
99 176
99 185
99 186
99 187
99 188
99 196
99 198
99 202
99 203
99 205
99 209
99 214
99 216
99 219
99 223
99 227
99 229
99 232
99 233
99 235
99 243
99 248
99 254
99 265
99 272
99 274
99 277
99 278
99 281
99 288
99 295
99 296
100 106
100 108
100 109
100 110
100 118
100 122
100 124
100 130
100 135
100 137
100 138
100 140
100 154
100 155
100 156
100 159
100 163
100 169
100 176
100 179
100 186
100 193
100 195
100 199
100 204
100 206
100 227
100 229
100 237
100 242
100 243
100 247
100 250
100 252
100 272
100 286
100 292
101 104
101 105
101 106
101 111
101 113
101 121
101 123
101 127
101 131
101 138
101 139
101 141
101 142
101 144
101 149
101 150
101 151
101 160
101 169
101 175
101 176
101 184
101 186
101 187
101 190
101 192
101 210
101 211
101 212
101 214
101 215
101 226
101 232
101 245
101 246
101 250
101 262
101 267
101 268
101 273
101 277
101 278
101 286
101 287
101 288
101 290
102 105
102 112
102 113
102 119
102 123
102 124
102 125
102 128
102 135
102 137
102 139
102 148
102 153
102 160
102 166
102 178
102 184
102 185
102 189
102 195
102 196
102 202
102 204
102 210
102 221
102 223
102 229
102 230
102 241
102 258
102 261
102 265
102 268
102 272
102 274
102 277
102 281
102 284
102 288
102 296
103 104
103 105
103 107
103 111
103 115
103 118
103 122
103 129
103 136
103 139
103 140
103 144
103 157
103 159
103 170
103 172
103 174
103 196
103 199
103 203
103 210
103 212
103 214
103 221
103 222
103 234
103 244
103 248
103 256
103 269
103 275
103 276
103 294
104 108
104 110
104 113
104 115
104 116
104 118
104 119
104 120
104 122
104 124
104 125
104 127
104 128
104 130
104 131
104 133
104 137
104 143
104 152
104 156
104 157
104 164
104 167
104 174
104 180
104 188
104 192
104 194
104 201
104 203
104 204
104 219
104 224
104 231
104 232
104 235
104 239
104 244
104 247
104 253
104 256
104 259
104 260
104 265
104 276
104 284
104 290
104 293
105 110
105 111
105 112
105 114
105 115
105 120
105 121
105 122
105 133
105 141
105 142
105 144
105 146
105 150
105 159
105 162
105 170
105 178
105 184
105 186
105 189
105 199
105 203
105 206
105 228
105 231
105 235
105 237
105 251
105 252
105 259
105 262
105 283
105 290
105 292
106 109
106 113
106 114
106 116
106 118
106 120
106 121
106 128
106 133
106 134
106 136
106 140
106 143
106 149
106 153
106 157
106 159
106 164
106 170
106 172
106 175
106 178
106 180
106 181
106 186
106 188
106 189
106 192
106 199
106 204
106 219
106 229
106 231
106 235
106 238
106 246
106 263
106 266
106 277
106 279
106 281
106 282
106 288
106 296
106 297
106 299
107 110
107 115
107 117
107 119
107 120
107 128
107 130
107 137
107 141
107 142
107 143
107 146
107 148
107 152
107 155
107 156
107 158
107 168
107 174
107 177
107 178
107 180
107 181
107 188
107 195
107 200
107 204
107 208
107 214
107 219
107 221
107 229
107 234
107 239
107 240
107 247
107 254
107 260
107 272
107 275
107 280
107 295
107 296
108 111
108 113
108 117
108 122
108 123
108 124
108 125
108 126
108 127
108 130
108 131
108 134
108 135
108 136
108 137
108 149
108 155
108 161
108 163
108 168
108 172
108 173
108 174
108 182
108 199
108 202
108 203
108 206
108 210
108 211
108 213
108 223
108 229
108 241
108 245
108 250
108 267
108 270
108 271
108 273
108 274
108 276
108 278
108 279
108 282
108 283
108 284
108 290
108 291
108 294
108 299
109 110
109 111
109 112
109 113
109 115
109 117
109 131
109 132
109 135
109 136
109 149
109 152
109 154
109 157
109 179
109 180
109 183
109 187
109 197
109 198
109 202
109 204
109 207
109 208
109 214
109 215
109 217
109 218
109 223
109 229
109 237
109 241
109 243
109 244
109 246
109 247
109 255
109 256
109 257
109 273
109 274
109 276
109 283
109 293
109 294
109 297
109 299
110 115
110 117
110 118
110 123
110 124
110 125
110 130
110 131
110 136
110 137
110 138
110 139
110 141
110 145
110 153
110 163
110 169
110 170
110 171
110 172
110 184
110 189
110 205
110 213
110 214
110 226
110 231
110 232
110 236
110 237
110 239
110 240
110 251
110 255
110 278
110 280
110 284
110 285
110 288
110 291
110 298
110 299
111 112
111 113
111 116
111 118
111 124
111 126
111 128
111 129
111 130
111 135
111 150
111 152
111 153
111 165
111 167
111 173
111 183
111 195
111 196
111 198
111 202
111 203
111 209
111 214
111 226
111 230
111 248
111 251
111 258
111 263
111 266
111 267
111 276
111 279
112 116
112 118
112 120
112 121
112 122
112 124
112 125
112 127
112 129
112 138
112 142
112 143
112 150
112 151
112 156
112 160
112 161
112 162
112 163
112 166
112 175
112 179
112 181
112 190
112 191
112 198
112 205
112 211
112 212
112 216
112 223
112 229
112 243
112 245
112 246
112 251
112 253
112 255
112 260
112 267
112 269
112 271
112 281
112 283
112 288
112 290
112 295
113 114
113 117
113 118
113 121
113 123
113 124
113 130
113 135
113 137
113 138
113 144
113 145
113 151
113 154
113 155
113 156
113 159
113 165
113 167
113 175
113 184
113 189
113 193
113 195
113 197
113 221
113 229
113 239
113 261
113 266
113 269
113 271
113 282
113 283
113 296
114 116
114 117
114 122
114 125
114 129
114 132
114 142
114 144
114 145
114 149
114 150
114 154
114 155
114 168
114 171
114 173
114 178
114 182
114 184
114 186
114 194
114 195
114 199
114 202
114 205
114 215
114 218
114 225
114 228
114 233
114 254
114 260
114 263
114 264
114 270
114 282
114 285
114 294
115 117
115 127
115 130
115 133
115 140
115 145
115 148
115 149
115 180
115 181
115 185
115 187
115 192
115 193
115 195
115 199
115 207
115 224
115 226
115 236
115 240
115 254
115 256
115 259
115 275
115 280
115 282
115 291
116 125
116 131
116 136
116 138
116 139
116 140
116 142
116 144
116 145
116 147
116 155
116 161
116 166
116 168
116 171
116 177
116 181
116 182
116 188
116 197
116 209
116 210
116 221
116 228
116 231
116 232
116 242
116 243
116 248
116 254
116 258
116 263
116 270
116 272
116 296
117 118
117 119
117 123
117 127
117 131
117 133
117 136
117 147
117 151
117 152
117 154
117 157
117 163
117 170
117 176
117 177
117 187
117 189
117 192
117 194
117 200
117 201
117 204
117 207
117 209
117 213
117 216
117 219
117 224
117 229
117 240
117 243
117 248
117 252
117 264
117 269
117 270
117 275
117 276
117 284
117 290
117 291
118 120
118 124
118 125
118 128
118 129
118 131
118 133
118 135
118 136
118 138
118 139
118 140
118 146
118 147
118 149
118 150
118 159
118 171
118 175
118 177
118 180
118 185
118 188
118 195
118 196
118 198
118 201
118 207
118 208
118 215
118 225
118 227
118 228
118 236
118 240
118 245
118 257
118 262
118 273
118 274
118 280
118 287
118 294
119 125
119 126
119 131
119 136
119 141
119 142
119 150
119 152
119 154
119 155
119 160
119 165
119 180
119 181
119 185
119 190
119 197
119 200
119 201
119 218
119 220
119 221
119 223
119 224
119 225
119 228
119 239
119 242
119 256
119 257
119 263
119 274
119 292
119 293
119 298
120 121
120 122
120 125
120 126
120 138
120 141
120 143
120 147
120 152
120 163
120 164
120 166
120 171
120 183
120 185
120 191
120 202
120 205
120 211
120 216
120 218
120 227
120 232
120 244
120 247
120 260
120 266
120 270
120 273
120 279
120 280
120 284
120 290
121 122
121 130
121 135
121 139
121 150
121 156
121 161
121 162
121 163
121 166
121 169
121 171
121 175
121 177
121 189
121 192
121 194
121 196
121 206
121 211
121 227
121 232
121 233
121 237
121 242
121 245
121 250
121 253
121 263
121 264
121 277
121 286
122 123
122 127
122 128
122 133
122 135
122 140
122 141
122 142
122 144
122 148
122 149
122 154
122 155
122 158
122 163
122 164
122 177
122 181
122 183
122 185
122 190
122 197
122 198
122 207
122 212
122 222
122 227
122 234
122 241
122 246
122 249
122 250
122 251
122 253
122 267
122 269
122 272
122 273
122 286
122 296
123 124
123 126
123 128
123 133
123 135
123 137
123 140
123 143
123 145
123 146
123 151
123 153
123 163
123 164
123 165
123 178
123 187
123 189
123 193
123 206
123 208
123 211
123 215
123 220
123 226
123 230
123 235
123 244
123 246
123 247
123 251
123 260
123 261
123 265
123 266
123 267
123 269
123 274
123 279
123 281
123 282
123 297
123 299
124 125
124 132
124 135
124 136
124 137
124 139
124 141
124 142
124 145
124 148
124 157
124 165
124 171
124 177
124 178
124 190
124 191
124 193
124 199
124 200
124 201
124 203
124 207
124 209
124 215
124 218
124 220
124 226
124 233
124 234
124 236
124 239
124 244
124 245
124 252
124 264
124 265
124 269
124 285
124 286
124 297
125 126
125 128
125 129
125 130
125 131
125 134
125 141
125 142
125 144
125 147
125 155
125 157
125 158
125 160
125 164
125 165
125 172
125 177
125 178
125 179
125 180
125 181
125 183
125 190
125 196
125 205
125 207
125 222
125 233
125 234
125 237
125 238
125 242
125 250
125 258
125 267
125 268
125 269
125 271
125 276
125 284
125 287
125 293
125 297
126 128
126 130
126 134
126 138
126 139
126 140
126 152
126 155
126 157
126 159
126 164
126 177
126 179
126 187
126 188
126 190
126 194
126 203
126 205
126 207
126 208
126 209
126 215
126 216
126 226
126 235
126 237
126 240
126 244
126 246
126 253
126 268
126 274
126 276
126 277
126 281
126 284
126 292
126 294
126 295
127 132
127 135
127 139
127 142
127 146
127 151
127 155
127 159
127 160
127 163
127 168
127 190
127 194
127 196
127 200
127 204
127 211
127 212
127 215
127 216
127 223
127 227
127 229
127 231
127 240
127 242
127 249
127 250
127 256
127 259
127 269
127 272
127 276
127 282
127 283
127 291
127 295
127 298
128 131
128 133
128 139
128 148
128 154
128 160
128 161
128 163
128 164
128 177
128 180
128 181
128 209
128 222
128 246
128 259
128 264
128 270
128 271
128 287
128 299
129 132
129 138
129 143
129 152
129 154
129 158
129 169
129 171
129 180
129 186
129 189
129 206
129 208
129 221
129 228
129 238
129 244
129 245
129 246
129 256
129 264
129 270
129 274
129 277
130 131
130 140
130 141
130 145
130 148
130 150
130 153
130 157
130 167
130 171
130 185
130 186
130 194
130 196
130 199
130 201
130 203
130 214
130 215
130 216
130 219
130 220
130 222
130 231
130 235
130 236
130 245
130 251
130 263
130 268
130 271
130 274
130 277
130 280
130 283
130 290
131 133
131 138
131 140
131 142
131 149
131 152
131 153
131 155
131 158
131 159
131 166
131 169
131 170
131 174
131 182
131 187
131 234
131 263
131 274
131 282
131 284
131 294
131 298
132 136
132 137
132 139
132 146
132 152
132 153
132 163
132 166
132 167
132 180
132 182
132 186
132 188
132 191
132 193
132 202
132 206
132 211
132 212
132 213
132 231
132 236
132 241
132 245
132 246
132 255
132 256
132 261
132 263
132 265
132 269
132 273
132 277
132 284
132 286
133 134
133 140
133 141
133 143
133 145
133 152
133 154
133 158
133 169
133 174
133 175
133 184
133 185
133 192
133 194
133 197
133 203
133 205
133 208
133 209
133 210
133 216
133 226
133 230
133 231
133 232
133 240
133 245
133 247
133 256
133 259
133 260
133 261
133 262
133 264
133 273
133 276
133 278
133 279
133 281
133 282
133 285
133 286
134 138
134 139
134 142
134 148
134 150
134 151
134 157
134 158
134 159
134 160
134 164
134 166
134 168
134 169
134 176
134 177
134 178
134 180
134 182
134 184
134 185
134 192
134 201
134 204
134 211
134 228
134 229
134 230
134 232
134 234
134 236
134 243
134 248
134 249
134 250
134 252
134 256
134 262
134 267
134 275
134 279
134 280
134 282
134 283
134 284
134 285
134 291
134 296
134 297
134 298
134 299
135 137
135 143
135 148
135 153
135 155
135 156
135 166
135 168
135 171
135 172
135 177
135 185
135 190
135 194
135 198
135 209
135 215
135 217
135 224
135 236
135 237
135 241
135 244
135 245
135 255
135 258
135 259
135 266
135 268
135 273
135 280
135 281
135 282
135 283
135 288
135 290
135 291
135 292
136 147
136 150
136 151
136 161
136 169
136 173
136 180
136 181
136 183
136 190
136 192
136 193
136 196
136 199
136 201
136 203
136 205
136 210
136 221
136 223
136 229
136 233
136 237
136 242
136 244
136 250
136 257
136 258
136 260
136 262
136 284
136 291
137 144
137 146
137 147
137 149
137 153
137 156
137 157
137 165
137 167
137 175
137 180
137 184
137 204
137 223
137 230
137 238
137 241
137 242
137 250
137 255
137 275
137 289
137 294
138 148
138 154
138 156
138 162
138 170
138 177
138 178
138 181
138 185
138 186
138 189
138 193
138 203
138 230
138 236
138 246
138 259
138 264
138 268
138 280
139 140
139 148
139 157
139 159
139 161
139 166
139 167
139 171
139 179
139 184
139 195
139 197
139 200
139 207
139 222
139 227
139 233
139 237
139 241
139 255
139 257
139 263
139 274
139 275
139 276
139 298
140 147
140 151
140 158
140 159
140 162
140 163
140 167
140 170
140 176
140 184
140 201
140 210
140 215
140 218
140 220
140 223
140 248
140 269
140 282
140 284
140 285
140 288
140 290
141 146
141 151
141 155
141 158
141 165
141 181
141 185
141 195
141 203
141 209
141 218
141 229
141 234
141 237
141 239
141 245
141 259
141 266
141 281
141 285
141 298
142 152
142 159
142 162
142 185
142 203
142 211
142 212
142 213
142 216
142 217
142 219
142 223
142 240
142 242
142 243
142 251
142 259
142 276
142 282
142 290
142 299
143 145
143 155
143 162
143 166
143 167
143 173
143 178
143 180
143 195
143 204
143 207
143 231
143 232
143 234
143 265
143 283
143 285
143 288
143 298
144 146
144 147
144 149
144 150
144 152
144 155
144 156
144 161
144 163
144 165
144 169
144 179
144 184
144 191
144 197
144 202
144 203
144 207
144 208
144 215
144 219
144 227
144 230
144 236
144 237
144 261
144 262
144 271
144 274
144 292
144 299
145 148
145 152
145 157
145 165
145 168
145 179
145 181
145 196
145 206
145 212
145 224
145 228
145 229
145 230
145 233
145 235
145 236
145 250
145 253
145 257
145 265
145 267
145 277
145 297
145 299
146 157
146 162
146 164
146 172
146 180
146 183
146 190
146 194
146 198
146 203
146 219
146 226
146 239
146 261
146 265
146 274
146 280
147 149
147 151
147 152
147 158
147 159
147 163
147 169
147 174
147 199
147 204
147 207
147 212
147 240
147 243
147 248
147 251
147 253
147 262
147 264
147 296
148 150
148 152
148 155
148 159
148 165
148 167
148 172
148 175
148 200
148 210
148 224
148 243
148 249
148 276
148 286
148 295
149 161
149 162
149 163
149 167
149 168
149 171
149 178
149 179
149 180
149 182
149 184
149 189
149 191
149 193
149 194
149 201
149 210
149 213
149 225
149 227
149 229
149 232
149 240
149 251
149 255
149 273
149 275
149 287
149 293
150 157
150 166
150 173
150 186
150 188
150 202
150 211
150 212
150 218
150 221
150 225
150 230
150 231
150 255
150 264
150 267
150 272
150 289
151 153
151 154
151 160
151 163
151 167
151 170
151 171
151 172
151 173
151 175
151 177
151 182
151 192
151 193
151 203
151 207
151 212
151 215
151 233
151 242
151 246
151 248
151 254
151 257
151 269
151 286
151 290
151 299
152 153
152 169
152 177
152 184
152 209
152 214
152 222
152 224
152 237
152 241
152 253
152 265
152 269
152 294
153 165
153 171
153 173
153 177
153 179
153 184
153 186
153 189
153 198
153 199
153 204
153 208
153 210
153 217
153 219
153 222
153 227
153 238
153 241
153 242
153 256
153 257
153 258
153 265
153 268
153 271
153 276
153 282
153 292
153 295
153 297
154 156
154 162
154 165
154 175
154 179
154 187
154 194
154 197
154 199
154 206
154 212
154 222
154 238
154 242
154 245
154 247
154 251
154 252
154 273
154 277
154 278
154 290
155 157
155 161
155 170
155 187
155 188
155 197
155 199
155 214
155 217
155 219
155 230
155 235
155 238
155 239
155 240
155 248
155 267
155 271
155 273
155 280
156 159
156 165
156 175
156 177
156 183
156 187
156 201
156 213
156 220
156 222
156 226
156 228
156 231
156 237
156 243
156 249
156 277
156 289
156 294
156 297
157 163
157 164
157 174
157 182
157 197
157 210
157 214
157 240
157 243
157 247
157 252
157 263
157 270
157 273
157 274
157 281
157 284
157 285
157 288
157 289
158 161
158 167
158 171
158 175
158 187
158 210
158 214
158 223
158 226
158 228
158 233
158 235
158 241
158 244
158 248
158 252
158 254
158 270
158 272
158 285
158 291
159 166
159 173
159 186
159 187
159 190
159 197
159 206
159 208
159 209
159 216
159 221
159 226
159 231
159 244
159 246
159 251
159 264
159 265
159 266
159 267
159 278
159 282
159 285
160 162
160 165
160 166
160 170
160 171
160 173
160 183
160 193
160 206
160 212
160 222
160 244
160 246
160 250
160 255
160 256
160 261
160 264
160 281
160 290
160 295
161 178
161 190
161 195
161 217
161 218
161 223
161 233
161 234
161 247
161 270
161 287
161 299
162 178
162 179
162 181
162 198
162 199
162 200
162 213
162 220
162 236
162 248
162 249
162 252
162 263
162 270
162 278
162 279
162 286
162 289
162 290
162 298
163 164
163 175
163 190
163 199
163 213
163 220
163 224
163 225
163 235
163 242
163 256
163 258
163 261
163 264
163 265
163 289
163 294
164 176
164 184
164 189
164 192
164 197
164 199
164 209
164 210
164 214
164 217
164 218
164 228
164 233
164 234
164 245
164 262
164 287
164 288
165 172
165 179
165 186
165 187
165 189
165 193
165 194
165 200
165 227
165 245
165 252
165 263
165 269
165 276
165 292
166 181
166 195
166 201
166 202
166 214
166 225
166 226
166 239
166 242
166 245
166 249
166 262
166 264
166 280
167 171
167 174
167 176
167 178
167 181
167 182
167 183
167 184
167 192
167 199
167 206
167 210
167 216
167 221
167 226
167 259
167 263
167 276
167 279
168 173
168 175
168 178
168 186
168 189
168 194
168 199
168 231
168 240
168 242
168 257
168 274
168 275
168 280
168 285
168 291
168 298
169 176
169 178
169 181
169 183
169 185
169 188
169 191
169 199
169 201
169 222
169 227
169 228
169 230
169 236
169 244
169 245
169 254
169 264
169 265
169 270
169 277
169 291
169 297
170 172
170 173
170 191
170 197
170 218
170 225
170 259
170 270
170 278
170 279
170 281
170 284
170 285
170 293
171 177
171 179
171 183
171 186
171 187
171 196
171 201
171 211
171 213
171 219
171 221
171 231
171 233
171 240
171 247
171 249
171 252
171 255
171 259
171 275
171 277
171 291
171 297
171 298
172 173
172 203
172 221
172 228
172 248
172 256
172 265
172 288
172 298
173 182
173 183
173 185
173 187
173 189
173 194
173 197
173 208
173 225
173 232
173 236
173 245
173 248
173 265
173 279
173 280
173 281
174 176
174 179
174 181
174 182
174 191
174 201
174 203
174 215
174 219
174 263
174 269
174 276
174 294
175 179
175 184
175 203
175 205
175 217
175 221
175 225
175 250
175 254
175 255
175 258
175 261
175 264
175 273
175 275
175 278
175 280
175 293
176 179
176 183
176 192
176 195
176 205
176 209
176 221
176 222
176 223
176 233
176 250
176 269
176 286
176 296
176 298
177 179
177 181
177 205
177 215
177 239
177 252
177 258
177 262
177 268
177 272
177 279
178 198
178 205
178 211
178 216
178 236
178 255
178 272
178 275
178 281
178 283
179 182
179 196
179 198
179 203
179 207
179 210
179 213
179 220
179 228
179 229
179 235
179 242
179 263
179 276
179 299
180 181
180 182
180 189
180 192
180 194
180 196
180 197
180 200
180 204
180 213
180 235
180 241
180 245
180 251
180 260
180 266
180 267
180 279
180 283
180 286
180 287
180 292
181 186
181 200
181 210
181 211
181 223
181 227
181 239
181 242
181 250
181 253
181 270
181 292
181 297
182 198
182 219
182 229
182 230
182 235
182 237
182 242
182 254
182 257
182 271
182 281
182 285
182 297
183 184
183 189
183 201
183 205
183 214
183 216
183 232
183 246
183 251
183 261
183 276
184 186
184 187
184 189
184 193
184 196
184 199
184 200
184 204
184 206
184 208
184 212
184 220
184 235
184 239
184 243
184 250
184 251
184 255
184 259
184 275
185 195
185 217
185 224
185 227
185 229
185 264
185 272
185 278
185 285
185 291
185 294
185 297
186 191
186 197
186 204
186 223
186 224
186 234
186 250
186 275
186 284
186 293
187 188
187 201
187 204
187 219
187 222
187 238
187 239
187 252
187 255
187 259
187 260
187 261
187 274
187 283
187 284
188 189
188 197
188 200
188 203
188 212
188 216
188 231
188 232
188 236
188 244
188 252
188 255
188 257
188 260
188 265
188 271
188 277
188 281
188 298
189 197
189 198
189 202
189 207
189 214
189 239
189 240
189 253
189 256
189 259
189 260
189 271
189 275
189 277
190 191
190 192
190 201
190 206
190 217
190 223
190 235
190 267
190 269
190 270
190 292
191 196
191 206
191 210
191 211
191 212
191 230
191 232
191 233
191 235
191 237
191 238
191 242
191 246
191 255
191 261
191 266
191 275
191 285
191 287
192 206
192 214
192 225
192 230
192 235
192 247
192 252
192 253
192 256
192 257
192 274
192 275
192 289
192 296
193 204
193 218
193 221
193 230
193 231
193 245
193 252
193 259
193 269
193 277
193 285
193 290
194 201
194 202
194 218
194 221
194 222
194 225
194 231
194 241
194 248
194 255
194 260
194 267
194 271
194 272
194 280
194 293
195 196
195 209
195 215
195 226
195 228
195 249
195 250
195 254
195 275
195 279
195 286
195 293
195 298
196 201
196 202
196 214
196 218
196 221
196 240
196 250
196 258
196 262
196 268
196 275
196 280
196 290
196 293
196 294
196 296
197 201
197 206
197 207
197 218
197 235
197 247
197 251
197 253
197 261
197 277
197 286
197 295
198 207
198 218
198 244
198 262
198 273
198 294
198 297
199 205
199 225
199 238
199 243
199 245
199 247
199 250
199 252
199 253
199 272
199 282
199 286
199 291
200 204
200 206
200 230
200 235
200 242
200 259
200 287
200 297
201 207
201 210
201 217
201 232
201 234
201 243
201 248
201 268
201 287
201 289
201 295
202 205
202 212
202 219
202 221
202 249
202 253
202 254
202 258
202 260
202 265
202 275
202 289
203 204
203 205
203 207
203 208
203 217
203 224
203 225
203 236
203 237
203 247
203 257
203 270
203 271
204 206
204 211
204 226
204 236
204 237
204 251
204 253
204 257
204 261
204 262
204 265
204 266
204 272
204 277
204 296
205 213
205 217
205 220
205 221
205 225
205 227
205 248
205 261
205 269
205 275
205 278
205 288
206 220
206 221
206 237
206 239
206 241
206 247
206 250
206 252
206 261
206 269
206 271
206 272
206 284
207 212
207 217
207 222
207 245
207 253
207 269
207 274
207 286
207 289
207 290
207 299
208 215
208 217
208 220
208 251
208 272
208 275
208 281
209 214
209 216
209 219
209 221
209 237
209 263
209 277
209 284
209 288
209 291
209 292
210 212
210 265
210 272
211 213
211 215
211 217
211 221
211 258
211 271
211 277
211 280
211 285
211 293
211 298
212 219
212 235
212 236
212 246
212 262
212 267
212 268
212 272
212 288
212 292
212 295
213 224
213 269
213 272
213 277
213 278
213 289
213 291
214 218
214 224
214 232
214 237
214 245
214 249
214 251
214 256
214 265
214 266
214 268
214 285
214 293
215 223
215 231
215 232
215 234
215 244
215 247
215 250
215 251
215 253
215 255
215 259
215 266
215 267
215 290
215 291
215 293
216 223
216 233
216 236
216 246
216 254
216 256
216 261
216 263
216 272
216 283
216 287
216 296
217 222
217 230
217 233
217 241
217 266
217 268
217 278
217 279
217 295
218 222
218 235
218 240
218 261
218 270
218 274
218 275
218 279
218 282
218 283
218 286
219 227
219 241
219 242
219 247
219 249
219 251
219 253
219 263
219 267
219 268
219 277
219 283
220 232
220 238
220 242
220 276
220 284
220 299
221 222
221 224
221 226
221 228
221 229
221 241
221 248
221 249
221 257
221 258
221 260
221 262
221 267
221 272
221 278
221 287
222 224
222 232
222 238
222 268
222 275
223 244
223 266
223 267
224 231
224 240
224 244
224 261
224 268
224 269
224 273
224 277
224 279
224 287
224 293
224 295
225 242
225 248
225 250
225 255
225 261
225 269
225 274
225 287
226 270
227 231
227 243
227 244
227 259
227 265
227 275
227 286
227 291
228 233
228 243
228 246
228 254
228 260
228 280
229 238
229 285
229 291
229 295
230 234
230 236
230 246
230 248
230 270
230 273
230 277
230 278
230 293
230 295
231 240
231 266
231 267
231 268
231 274
231 282
231 289
232 237
232 249
232 265
232 269
232 277
232 280
232 283
232 285
232 299
233 247
233 270
233 276
233 288
233 293
234 236
234 238
234 239
234 241
234 247
234 252
234 256
234 264
234 268
234 299
235 236
235 238
235 245
235 254
235 282
235 293
236 241
236 244
236 247
236 248
236 258
237 255
237 256
237 263
238 240
238 258
239 245
239 247
239 250
239 258
239 261
239 266
239 273
240 272
240 283
240 299
241 249
241 258
241 259
241 269
241 293
242 254
242 263
242 269
242 273
242 279
242 288
242 297
242 298
243 245
243 257
243 273
243 275
243 284
243 293
243 296
244 271
244 276
244 288
245 246
245 250
245 272
245 286
246 255
246 259
246 281
246 298
247 253
247 257
247 266
247 271
247 283
247 289
247 293
248 253
248 260
248 276
248 280
248 281
248 295
249 253
249 258
249 268
249 289
249 294
249 296
249 299
250 263
250 264
250 270
250 278
250 298
251 265
251 268
251 279
251 284
252 287
253 260
253 272
253 276
253 281
253 289
254 256
254 263
254 272
254 283
255 262
255 289
256 258
256 279
256 295
257 259
257 279
257 292
257 298
258 266
258 282
259 260
259 296
259 298
260 264
260 276
260 287
260 291
261 266
261 268
261 274
262 273
262 290
263 264
263 266
263 272
263 283
263 292
263 294
264 267
264 269
264 282
264 291
264 293
265 282
266 278
266 284
266 288
266 290
266 291
267 269
267 271
267 279
267 281
267 285
267 299
268 296
269 279
269 283
269 294
269 298
270 278
270 284
270 298
271 281
271 282
271 287
271 293
271 299
272 279
272 280
272 285
273 296
273 299
274 281
274 286
276 279
276 292
276 296
277 289
280 290
280 295
280 296
281 287
282 293
283 293
284 297
284 298
285 298
288 290
288 295
289 293
290 293
290 295
290 299
291 294
292 294
292 296
293 294
