0 1
0 2
0 3
0 4
0 5
0 6
0 7
0 8
0 9
0 10
0 11
0 12
0 13
0 14
0 15
0 16
0 17
0 18
0 19
0 20
0 21
0 22
0 23
0 24
0 25
0 26
0 27
0 28
0 29
0 30
0 31
0 32
0 33
0 34
0 35
0 36
0 37
0 38
0 39
0 40
0 41
0 42
0 43
0 44
0 45
0 46
0 47
0 48
0 49
0 50
0 51
0 52
0 53
0 55
0 57
0 58
0 59
0 60
0 62
0 63
0 66
0 68
0 69
0 70
0 71
0 72
0 73
0 74
0 75
0 77
0 79
0 83
0 84
0 86
0 87
0 88
0 90
0 92
0 93
0 94
0 95
0 96
0 99
0 101
0 103
0 105
0 106
0 109
0 110
0 111
0 112
0 113
0 114
0 116
0 117
0 118
0 123
0 124
0 126
0 128
0 129
0 130
0 131
0 132
0 135
0 137
0 138
0 139
0 140
0 142
0 145
0 146
0 148
0 149
0 151
0 154
0 155
0 157
0 162
0 165
0 167
0 174
0 177
0 178
0 180
0 183
0 185
0 186
0 189
0 192
0 195
0 196
0 197
0 199
1 32
1 33
1 37
1 39
1 44
1 49
1 55
1 61
1 63
1 73
1 74
1 80
1 85
1 95
1 117
1 130
1 140
1 162
1 167
1 194
1 198
2 30
2 31
2 32
2 33
2 34
2 35
2 36
2 37
2 38
2 39
2 40
2 41
2 42
2 43
2 45
2 46
2 47
2 48
2 50
2 51
2 52
2 56
2 59
2 60
2 61
2 63
2 65
2 68
2 69
2 71
2 77
2 78
2 81
2 83
2 85
2 87
2 90
2 91
2 96
2 99
2 100
2 106
2 112
2 115
2 117
2 118
2 121
2 129
2 138
2 144
2 146
2 147
2 149
2 150
2 159
2 160
2 161
2 162
2 170
2 172
2 182
2 186
2 191
2 198
3 30
3 32
3 33
3 34
3 35
3 37
3 39
3 40
3 42
3 44
3 45
3 47
3 50
3 52
3 54
3 56
3 57
3 59
3 61
3 63
3 69
3 70
3 80
3 84
3 88
3 95
3 98
3 102
3 105
3 106
3 117
3 129
3 130
3 133
3 134
3 135
3 145
3 164
3 165
3 167
3 174
3 183
3 191
3 197
4 30
4 31
4 32
4 33
4 34
4 35
4 36
4 37
4 38
4 39
4 40
4 43
4 44
4 46
4 47
4 50
4 57
4 61
4 66
4 69
4 70
4 71
4 74
4 75
4 76
4 83
4 84
4 86
4 93
4 94
4 102
4 117
4 125
4 126
4 135
4 136
4 138
4 139
4 141
4 147
4 150
4 161
5 30
5 31
5 32
5 33
5 34
5 36
5 37
5 38
5 40
5 41
5 42
5 43
5 44
5 48
5 50
5 53
5 54
5 55
5 59
5 62
5 64
5 65
5 68
5 69
5 70
5 72
5 74
5 76
5 81
5 86
5 92
5 98
5 101
5 103
5 107
5 110
5 115
5 121
5 122
5 127
5 131
5 134
5 147
5 150
5 156
5 165
5 171
5 182
5 193
5 196
6 30
6 31
6 32
6 34
6 35
6 36
6 41
6 42
6 45
6 46
6 47
6 48
6 53
6 54
6 62
6 73
6 74
6 79
6 96
6 97
6 98
6 103
6 105
6 112
6 122
6 138
6 149
6 154
6 174
6 185
6 192
6 194
6 197
7 30
7 31
7 32
7 33
7 34
7 35
7 36
7 38
7 39
7 40
7 41
7 42
7 44
7 46
7 47
7 49
7 50
7 51
7 56
7 57
7 58
7 60
7 62
7 63
7 65
7 66
7 69
7 71
7 72
7 75
7 78
7 80
7 83
7 87
7 90
7 95
7 98
7 99
7 101
7 103
7 104
7 105
7 108
7 116
7 119
7 120
7 124
7 125
7 127
7 130
7 133
7 140
7 145
7 151
7 155
7 158
7 163
7 172
7 189
7 197
8 30
8 31
8 32
8 33
8 34
8 35
8 36
8 37
8 38
8 39
8 40
8 41
8 42
8 43
8 45
8 46
8 47
8 52
8 53
8 54
8 56
8 57
8 58
8 60
8 72
8 75
8 77
8 79
8 82
8 86
8 89
8 90
8 93
8 97
8 111
8 116
8 117
8 122
8 126
8 128
8 135
8 141
8 144
8 146
8 174
8 182
8 183
8 189
8 194
9 30
9 31
9 32
9 33
9 34
9 35
9 36
9 37
9 38
9 39
9 40
9 43
9 48
9 49
9 50
9 51
9 52
9 53
9 56
9 59
9 64
9 66
9 71
9 72
9 73
9 78
9 84
9 106
9 114
9 129
9 134
9 136
9 142
9 147
9 150
9 158
9 161
9 165
9 173
9 178
9 180
9 184
9 197
9 199
10 30
10 31
10 32
10 33
10 34
10 35
10 36
10 37
10 38
10 41
10 42
10 43
10 44
10 45
10 46
10 47
10 48
10 49
10 50
10 51
10 52
10 53
10 57
10 58
10 59
10 64
10 72
10 85
10 86
10 103
10 108
10 115
10 118
10 126
10 128
10 144
10 146
10 151
10 154
10 156
10 169
10 176
10 179
10 180
11 30
11 31
11 32
11 33
11 34
11 35
11 36
11 37
11 39
11 41
11 44
11 45
11 47
11 48
11 49
11 54
11 55
11 56
11 58
11 61
11 63
11 64
11 65
11 66
11 67
11 68
11 70
11 71
11 72
11 73
11 77
11 80
11 86
11 89
11 90
11 91
11 92
11 97
11 99
11 103
11 104
11 105
11 108
11 112
11 113
11 118
11 122
11 124
11 125
11 126
11 127
11 130
11 133
11 136
11 142
11 145
11 147
11 166
11 172
11 174
11 178
11 179
11 187
11 188
11 189
11 191
11 193
11 196
12 30
12 31
12 32
12 33
12 34
12 36
12 37
12 38
12 41
12 42
12 43
12 45
12 48
12 49
12 51
12 52
12 57
12 58
12 59
12 62
12 65
12 67
12 68
12 70
12 75
12 85
12 86
12 88
12 89
12 92
12 94
12 96
12 97
12 101
12 106
12 108
12 110
12 112
12 115
12 116
12 126
12 129
12 132
12 135
12 140
12 154
12 164
12 168
12 175
12 189
13 30
13 31
13 32
13 33
13 34
13 35
13 36
13 37
13 38
13 40
13 41
13 42
13 44
13 45
13 50
13 51
13 53
13 54
13 56
13 57
13 60
13 62
13 65
13 66
13 73
13 75
13 76
13 78
13 80
13 81
13 83
13 84
13 88
13 89
13 91
13 96
13 109
13 110
13 114
13 116
13 117
13 118
13 123
13 125
13 128
13 133
13 134
13 137
13 145
13 149
13 165
13 180
13 181
13 182
13 184
13 186
13 188
13 190
13 196
14 30
14 31
14 32
14 33
14 34
14 35
14 36
14 38
14 39
14 40
14 42
14 44
14 45
14 46
14 47
14 48
14 52
14 53
14 54
14 61
14 63
14 68
14 72
14 73
14 77
14 79
14 90
14 93
14 94
14 99
14 102
14 104
14 115
14 117
14 118
14 122
14 126
14 129
14 136
14 137
14 139
14 140
14 141
14 144
14 150
14 159
14 168
14 178
14 192
14 194
14 195
14 197
15 30
15 31
15 32
15 34
15 35
15 36
15 38
15 39
15 41
15 42
15 43
15 44
15 46
15 47
15 48
15 49
15 55
15 57
15 58
15 59
15 67
15 85
15 91
15 94
15 95
15 120
15 127
15 132
15 152
15 153
15 158
15 169
15 173
15 183
15 188
16 30
16 31
16 32
16 34
16 35
16 36
16 37
16 38
16 40
16 41
16 42
16 44
16 47
16 48
16 53
16 54
16 56
16 60
16 68
16 69
16 77
16 79
16 89
16 94
16 97
16 108
16 115
16 133
16 143
16 147
16 154
16 159
16 164
16 175
16 177
16 194
16 195
16 196
17 30
17 31
17 32
17 33
17 34
17 35
17 36
17 37
17 39
17 40
17 42
17 43
17 44
17 47
17 49
17 50
17 51
17 52
17 53
17 55
17 56
17 58
17 63
17 64
17 66
17 67
17 68
17 77
17 79
17 83
17 90
17 95
17 96
17 100
17 102
17 106
17 107
17 115
17 119
17 128
17 134
17 137
17 142
17 146
17 147
17 161
17 163
17 170
17 172
17 175
17 176
17 187
17 195
17 198
18 30
18 31
18 32
18 34
18 35
18 37
18 39
18 40
18 42
18 43
18 44
18 46
18 51
18 52
18 55
18 58
18 60
18 67
18 73
18 79
18 82
18 89
18 92
18 93
18 95
18 99
18 103
18 104
18 107
18 109
18 110
18 111
18 119
18 124
18 132
18 147
18 149
18 152
18 154
18 157
18 173
18 188
19 30
19 31
19 32
19 33
19 34
19 35
19 37
19 38
19 39
19 42
19 46
19 48
19 50
19 60
19 61
19 62
19 64
19 71
19 79
19 82
19 86
19 88
19 90
19 99
19 105
19 106
19 110
19 120
19 130
19 134
19 135
19 138
19 139
19 154
19 158
19 167
19 169
19 199
20 30
20 31
20 32
20 33
20 35
20 36
20 37
20 39
20 41
20 42
20 43
20 45
20 46
20 52
20 54
20 64
20 66
20 67
20 80
20 89
20 91
20 95
20 117
20 118
20 119
20 135
20 138
20 139
20 163
20 178
20 187
21 30
21 31
21 33
21 34
21 35
21 36
21 37
21 39
21 40
21 45
21 46
21 48
21 51
21 54
21 56
21 58
21 66
21 67
21 69
21 75
21 76
21 77
21 88
21 95
21 125
21 127
21 135
21 139
21 147
21 154
21 166
21 168
21 193
22 30
22 31
22 32
22 33
22 34
22 35
22 36
22 38
22 39
22 40
22 41
22 42
22 43
22 44
22 45
22 46
22 47
22 48
22 49
22 55
22 58
22 59
22 60
22 61
22 64
22 65
22 66
22 67
22 72
22 74
22 75
22 76
22 78
22 81
22 84
22 86
22 89
22 90
22 91
22 94
22 96
22 104
22 105
22 107
22 111
22 119
22 124
22 128
22 133
22 135
22 137
22 138
22 139
22 143
22 144
22 150
22 159
22 161
22 165
22 171
22 174
22 175
22 179
22 185
23 30
23 31
23 32
23 33
23 34
23 36
23 37
23 38
23 41
23 42
23 43
23 53
23 54
23 55
23 56
23 60
23 62
23 63
23 65
23 69
23 74
23 75
23 77
23 78
23 81
23 85
23 86
23 87
23 89
23 90
23 91
23 92
23 93
23 101
23 107
23 109
23 110
23 111
23 112
23 116
23 121
23 127
23 134
23 142
23 146
23 159
23 166
23 167
23 169
23 172
23 174
23 178
23 180
23 187
23 193
24 30
24 31
24 32
24 33
24 35
24 36
24 38
24 40
24 42
24 43
24 45
24 48
24 51
24 53
24 58
24 59
24 60
24 63
24 64
24 65
24 66
24 67
24 72
24 79
24 80
24 84
24 90
24 92
24 93
24 98
24 101
24 102
24 104
24 120
24 124
24 125
24 129
24 130
24 132
24 148
24 151
24 155
24 158
24 159
24 161
24 184
24 189
24 191
24 192
24 194
25 30
25 31
25 32
25 33
25 34
25 38
25 39
25 40
25 41
25 43
25 47
25 51
25 53
25 54
25 55
25 57
25 59
25 62
25 63
25 66
25 68
25 77
25 82
25 91
25 99
25 102
25 105
25 116
25 118
25 124
25 131
25 133
25 138
25 139
25 142
25 147
25 157
25 171
25 173
25 175
25 179
25 183
25 190
25 191
26 30
26 31
26 33
26 34
26 35
26 36
26 45
26 51
26 54
26 59
26 61
26 69
26 73
26 74
26 78
26 82
26 87
26 101
26 107
26 109
26 120
26 122
26 127
26 146
26 159
26 163
26 174
26 175
26 193
26 195
26 196
27 30
27 31
27 33
27 35
27 37
27 38
27 39
27 41
27 46
27 49
27 57
27 73
27 77
27 82
27 86
27 87
27 89
27 107
27 109
27 113
27 114
27 123
27 128
27 134
27 154
27 179
27 180
27 184
27 186
28 30
28 31
28 32
28 33
28 34
28 37
28 38
28 40
28 41
28 44
28 45
28 49
28 51
28 52
28 55
28 60
28 64
28 67
28 76
28 97
28 100
28 101
28 106
28 108
28 112
28 113
28 115
28 124
28 129
28 140
28 141
28 143
28 147
28 152
28 157
28 158
28 169
28 176
28 190
28 191
28 192
28 196
29 30
29 31
29 32
29 33
29 35
29 36
29 37
29 38
29 39
29 40
29 41
29 42
29 43
29 44
29 45
29 50
29 52
29 53
29 54
29 55
29 56
29 59
29 61
29 64
29 71
29 72
29 79
29 81
29 93
29 94
29 98
29 107
29 114
29 117
29 118
29 119
29 120
29 122
29 128
29 131
29 132
29 133
29 134
29 146
29 147
29 155
29 157
29 164
29 170
29 181
29 183
29 194
29 195
30 31
30 32
30 33
30 34
30 35
30 36
30 37
30 38
30 39
30 40
30 41
30 42
30 43
30 44
30 47
30 48
30 49
30 51
30 53
30 56
30 57
30 58
30 60
30 61
30 62
30 64
30 65
30 66
30 67
30 69
30 70
30 71
30 72
30 74
30 78
30 79
30 80
30 81
30 82
30 84
30 85
30 87
30 90
30 93
30 94
30 96
30 97
30 98
30 99
30 100
30 103
30 104
30 106
30 108
30 110
30 117
30 118
30 120
30 121
30 122
30 124
30 125
30 127
30 135
30 136
30 138
30 141
30 144
30 145
30 149
30 150
30 151
30 152
30 153
30 154
30 155
30 163
30 166
30 167
30 170
30 177
30 186
30 190
30 193
30 194
30 195
30 196
30 197
30 198
31 32
31 33
31 34
31 35
31 36
31 37
31 38
31 39
31 40
31 41
31 42
31 43
31 44
31 45
31 46
31 47
31 48
31 49
31 50
31 51
31 52
31 53
31 54
31 56
31 57
31 58
31 59
31 60
31 61
31 62
31 63
31 65
31 68
31 69
31 70
31 71
31 73
31 80
31 81
31 82
31 83
31 86
31 87
31 88
31 89
31 90
31 91
31 94
31 95
31 98
31 100
31 105
31 109
31 110
31 114
31 116
31 118
31 120
31 124
31 127
31 128
31 129
31 130
31 135
31 137
31 140
31 141
31 145
31 147
31 150
31 152
31 154
31 155
31 165
31 168
31 170
31 173
31 176
31 177
31 180
31 185
31 187
31 189
31 190
31 196
31 197
31 199
32 33
32 34
32 35
32 36
32 37
32 38
32 39
32 40
32 41
32 42
32 45
32 46
32 47
32 50
32 52
32 53
32 54
32 55
32 56
32 57
32 59
32 60
32 61
32 66
32 67
32 69
32 71
32 74
32 75
32 78
32 80
32 81
32 82
32 83
32 86
32 87
32 89
32 92
32 94
32 95
32 98
32 99
32 101
32 103
32 107
32 112
32 113
32 122
32 123
32 124
32 125
32 134
32 136
32 140
32 142
32 144
32 148
32 152
32 153
32 155
32 159
32 160
32 164
32 169
32 171
32 176
32 179
32 180
32 183
32 187
32 188
32 190
32 193
32 196
33 34
33 35
33 36
33 37
33 38
33 39
33 40
33 41
33 43
33 44
33 45
33 46
33 47
33 48
33 49
33 50
33 51
33 52
33 54
33 55
33 57
33 58
33 59
33 60
33 61
33 62
33 63
33 66
33 68
33 72
33 73
33 75
33 78
33 79
33 80
33 81
33 82
33 83
33 84
33 85
33 86
33 87
33 88
33 90
33 91
33 94
33 95
33 99
33 100
33 103
33 104
33 108
33 113
33 114
33 115
33 116
33 118
33 125
33 126
33 127
33 135
33 138
33 141
33 147
33 150
33 152
33 155
33 156
33 157
33 158
33 160
33 162
33 166
33 168
33 175
33 181
33 182
33 183
33 184
33 187
33 189
33 199
34 35
34 36
34 37
34 38
34 39
34 40
34 41
34 42
34 43
34 44
34 45
34 46
34 47
34 48
34 49
34 50
34 51
34 52
34 53
34 55
34 56
34 57
34 58
34 59
34 60
34 61
34 63
34 64
34 65
34 66
34 69
34 70
34 71
34 74
34 76
34 77
34 78
34 79
34 82
34 83
34 84
34 85
34 86
34 88
34 90
34 92
34 94
34 95
34 96
34 98
34 100
34 102
34 103
34 106
34 107
34 110
34 111
34 114
34 115
34 117
34 119
34 121
34 122
34 123
34 125
34 127
34 129
34 130
34 132
34 133
34 136
34 137
34 138
34 140
34 142
34 143
34 147
34 149
34 151
34 154
34 155
34 156
34 161
34 165
34 171
34 173
34 183
34 186
34 189
34 193
34 199
35 36
35 37
35 38
35 39
35 40
35 41
35 42
35 43
35 45
35 46
35 47
35 48
35 50
35 52
35 54
35 55
35 56
35 57
35 61
35 62
35 64
35 65
35 68
35 73
35 74
35 75
35 79
35 81
35 85
35 86
35 88
35 89
35 90
35 92
35 93
35 95
35 96
35 97
35 98
35 101
35 102
35 105
35 108
35 110
35 111
35 112
35 113
35 115
35 117
35 118
35 119
35 120
35 122
35 123
35 125
35 126
35 128
35 130
35 133
35 135
35 137
35 141
35 142
35 148
35 149
35 150
35 151
35 159
35 160
35 162
35 164
35 165
35 168
35 173
35 181
35 184
35 186
35 189
35 192
35 196
35 197
35 198
36 37
36 38
36 39
36 40
36 41
36 42
36 43
36 44
36 45
36 46
36 47
36 48
36 49
36 50
36 51
36 52
36 53
36 54
36 55
36 57
36 58
36 60
36 61
36 62
36 67
36 68
36 69
36 72
36 76
36 78
36 79
36 80
36 81
36 82
36 85
36 86
36 87
36 89
36 91
36 94
36 104
36 108
36 117
36 122
36 123
36 126
36 128
36 130
36 131
36 137
36 142
36 143
36 144
36 147
36 148
36 151
36 152
36 154
36 155
36 159
36 165
36 166
36 167
36 168
36 169
36 170
36 171
36 174
36 176
36 178
36 179
36 181
36 182
36 186
36 188
36 193
36 194
36 199
37 38
37 39
37 40
37 41
37 42
37 43
37 44
37 45
37 46
37 47
37 48
37 49
37 51
37 52
37 53
37 55
37 57
37 60
37 62
37 63
37 64
37 65
37 66
37 67
37 70
37 71
37 74
37 77
37 80
37 81
37 85
37 90
37 91
37 92
37 93
37 94
37 95
37 98
37 105
37 107
37 111
37 112
37 114
37 116
37 117
37 118
37 120
37 124
37 125
37 130
37 135
37 136
37 137
37 138
37 139
37 143
37 144
37 145
37 149
37 151
37 152
37 157
37 160
37 163
37 164
37 165
37 166
37 167
37 168
37 181
37 192
37 199
38 39
38 40
38 41
38 42
38 43
38 44
38 45
38 46
38 47
38 48
38 49
38 50
38 51
38 56
38 57
38 58
38 59
38 62
38 65
38 68
38 69
38 70
38 75
38 76
38 79
38 83
38 85
38 86
38 87
38 88
38 90
38 93
38 94
38 97
38 99
38 103
38 106
38 107
38 109
38 110
38 113
38 116
38 118
38 119
38 125
38 127
38 128
38 129
38 131
38 132
38 133
38 138
38 140
38 145
38 148
38 154
38 159
38 161
38 174
38 179
38 183
38 184
38 186
38 189
38 198
39 40
39 41
39 43
39 44
39 45
39 46
39 47
39 48
39 49
39 50
39 51
39 52
39 53
39 54
39 55
39 56
39 61
39 62
39 63
39 64
39 67
39 70
39 73
39 74
39 75
39 76
39 80
39 82
39 83
39 84
39 87
39 88
39 89
39 92
39 98
39 99
39 102
39 103
39 104
39 107
39 110
39 114
39 116
39 122
39 129
39 130
39 132
39 134
39 136
39 138
39 141
39 142
39 146
39 150
39 153
39 160
39 164
39 176
39 180
39 183
39 186
39 190
39 194
40 43
40 44
40 45
40 46
40 48
40 49
40 50
40 51
40 52
40 54
40 56
40 57
40 58
40 59
40 60
40 61
40 63
40 64
40 66
40 67
40 68
40 69
40 70
40 71
40 74
40 75
40 79
40 82
40 84
40 88
40 93
40 94
40 97
40 100
40 101
40 109
40 110
40 111
40 112
40 114
40 115
40 124
40 125
40 126
40 133
40 137
40 150
40 153
40 156
40 159
40 161
40 162
40 163
40 166
40 167
40 170
40 174
40 175
40 178
40 180
40 181
40 184
40 185
40 193
41 43
41 44
41 47
41 48
41 49
41 50
41 52
41 53
41 56
41 58
41 60
41 61
41 63
41 64
41 65
41 67
41 71
41 72
41 73
41 74
41 75
41 77
41 80
41 82
41 87
41 89
41 92
41 93
41 99
41 100
41 102
41 103
41 106
41 109
41 110
41 111
41 114
41 117
41 119
41 121
41 123
41 125
41 126
41 127
41 128
41 135
41 140
41 141
41 144
41 145
41 149
41 153
41 154
41 156
41 158
41 160
41 161
41 163
41 165
41 166
41 168
41 175
41 179
41 180
41 181
41 182
41 185
41 187
41 189
41 192
41 195
42 43
42 44
42 46
42 47
42 49
42 50
42 51
42 52
42 53
42 54
42 55
42 56
42 58
42 59
42 60
42 63
42 64
42 65
42 68
42 70
42 71
42 72
42 75
42 76
42 77
42 78
42 79
42 80
42 82
42 84
42 86
42 88
42 89
42 90
42 91
42 92
42 98
42 99
42 100
42 101
42 106
42 108
42 109
42 110
42 113
42 115
42 117
42 118
42 121
42 124
42 132
42 136
42 145
42 146
42 147
42 149
42 151
42 152
42 153
42 156
42 158
42 160
42 164
42 168
42 169
42 170
42 171
42 174
42 180
42 184
42 188
42 189
42 190
42 193
42 196
43 44
43 45
43 46
43 49
43 51
43 53
43 54
43 55
43 59
43 60
43 61
43 62
43 63
43 64
43 66
43 69
43 71
43 73
43 75
43 76
43 78
43 79
43 80
43 81
43 86
43 87
43 88
43 89
43 94
43 96
43 98
43 99
43 107
43 109
43 111
43 114
43 117
43 122
43 125
43 126
43 127
43 129
43 132
43 149
43 151
43 154
43 156
43 158
43 163
43 167
43 176
43 183
43 184
43 185
43 186
43 188
43 192
43 198
43 199
44 45
44 46
44 47
44 48
44 49
44 50
44 51
44 52
44 53
44 54
44 55
44 57
44 59
44 60
44 61
44 64
44 65
44 66
44 67
44 69
44 70
44 75
44 76
44 79
44 80
44 81
44 83
44 84
44 86
44 89
44 90
44 92
44 95
44 96
44 98
44 99
44 100
44 103
44 104
44 106
44 112
44 113
44 115
44 116
44 118
44 120
44 121
44 122
44 123
44 127
44 129
44 131
44 133
44 134
44 136
44 140
44 141
44 148
44 149
44 150
44 152
44 153
44 155
44 158
44 160
44 163
44 164
44 171
44 173
44 176
44 178
44 185
44 188
44 193
44 195
44 198
44 199
45 46
45 47
45 49
45 50
45 51
45 54
45 55
45 56
45 62
45 64
45 66
45 67
45 69
45 70
45 71
45 72
45 73
45 74
45 76
45 77
45 78
45 80
45 81
45 82
45 85
45 88
45 91
45 93
45 94
45 95
45 96
45 98
45 101
45 105
45 109
45 115
45 118
45 120
45 121
45 122
45 124
45 125
45 128
45 131
45 132
45 133
45 136
45 140
45 144
45 145
45 149
45 150
45 151
45 160
45 162
45 165
45 170
45 177
45 178
45 182
45 185
45 186
45 188
45 190
45 192
45 193
45 195
46 48
46 49
46 50
46 51
46 52
46 54
46 56
46 57
46 58
46 61
46 62
46 63
46 66
46 67
46 68
46 71
46 72
46 73
46 74
46 75
46 78
46 81
46 83
46 84
46 88
46 90
46 97
46 99
46 100
46 101
46 102
46 105
46 107
46 108
46 113
46 114
46 120
46 121
46 123
46 127
46 135
46 141
46 146
46 159
46 163
46 165
46 175
46 180
46 182
46 184
46 187
46 188
46 194
46 197
46 198
47 48
47 49
47 50
47 52
47 53
47 54
47 56
47 60
47 61
47 63
47 67
47 70
47 71
47 74
47 75
47 76
47 78
47 81
47 82
47 100
47 102
47 103
47 110
47 114
47 117
47 118
47 119
47 125
47 126
47 131
47 133
47 134
47 136
47 147
47 158
47 167
47 180
47 184
48 49
48 50
48 53
48 55
48 56
48 57
48 58
48 59
48 62
48 63
48 64
48 66
48 68
48 69
48 70
48 72
48 76
48 78
48 80
48 82
48 83
48 87
48 91
48 92
48 94
48 95
48 97
48 98
48 101
48 105
48 108
48 112
48 116
48 120
48 123
48 133
48 140
48 141
48 142
48 148
48 152
48 153
48 156
48 157
48 158
48 159
48 160
48 170
48 172
48 173
48 179
48 183
48 187
49 50
49 51
49 52
49 54
49 55
49 58
49 60
49 61
49 63
49 64
49 65
49 66
49 67
49 68
49 70
49 71
49 72
49 81
49 82
49 84
49 86
49 88
49 90
49 91
49 92
49 93
49 98
49 114
49 117
49 123
49 124
49 126
49 127
49 136
49 139
49 140
49 141
49 144
49 147
49 150
49 152
49 165
49 172
49 176
49 184
49 187
49 198
50 52
50 53
50 54
50 56
50 59
50 62
50 64
50 67
50 68
50 70
50 72
50 74
50 77
50 84
50 87
50 90
50 91
50 92
50 93
50 96
50 99
50 104
50 106
50 108
50 112
50 117
50 119
50 121
50 125
50 127
50 129
50 133
50 134
50 137
50 140
50 142
50 143
50 146
50 149
50 151
50 154
50 155
50 156
50 157
50 159
50 162
50 164
50 167
50 175
50 178
50 181
50 184
50 185
50 189
50 190
51 55
51 58
51 61
51 62
51 64
51 67
51 70
51 72
51 73
51 76
51 77
51 79
51 82
51 83
51 88
51 89
51 91
51 93
51 94
51 96
51 97
51 99
51 101
51 103
51 105
51 111
51 115
51 119
51 120
51 121
51 123
51 129
51 133
51 136
51 137
51 147
51 153
51 162
51 166
51 170
51 171
51 176
51 189
51 192
52 53
52 55
52 57
52 59
52 60
52 62
52 63
52 66
52 68
52 69
52 70
52 78
52 89
52 91
52 92
52 96
52 97
52 98
52 102
52 108
52 109
52 110
52 111
52 112
52 113
52 114
52 119
52 122
52 127
52 134
52 135
52 140
52 141
52 149
52 151
52 157
52 170
52 179
52 194
52 195
53 55
53 56
53 57
53 58
53 59
53 60
53 65
53 67
53 69
53 70
53 71
53 73
53 74
53 78
53 80
53 81
53 83
53 84
53 87
53 90
53 95
53 96
53 97
53 98
53 99
53 100
53 108
53 110
53 111
53 113
53 115
53 116
53 121
53 122
53 132
53 134
53 138
53 145
53 149
53 153
53 155
53 158
53 161
53 168
53 173
53 175
53 178
53 179
53 180
53 181
53 182
53 185
53 188
53 190
53 192
54 55
54 56
54 57
54 58
54 59
54 60
54 61
54 62
54 63
54 65
54 68
54 69
54 71
54 72
54 73
54 74
54 75
54 81
54 84
54 87
54 88
54 92
54 93
54 94
54 96
54 105
54 106
54 111
54 125
54 128
54 129
54 131
54 132
54 136
54 142
54 161
54 172
54 176
54 181
54 194
54 196
54 198
55 57
55 58
55 61
55 64
55 65
55 68
55 69
55 72
55 73
55 75
55 76
55 79
55 81
55 83
55 85
55 86
55 87
55 88
55 89
55 91
55 95
55 96
55 98
55 99
55 100
55 102
55 104
55 105
55 106
55 108
55 110
55 111
55 113
55 114
55 115
55 123
55 128
55 129
55 136
55 141
55 143
55 146
55 148
55 149
55 150
55 155
55 161
55 166
55 171
55 178
55 183
55 184
55 198
55 199
56 57
56 58
56 59
56 63
56 64
56 65
56 66
56 67
56 70
56 71
56 74
56 75
56 76
56 77
56 78
56 79
56 82
56 83
56 84
56 88
56 90
56 91
56 94
56 95
56 99
56 100
56 101
56 104
56 106
56 109
56 112
56 117
56 120
56 124
56 129
56 130
56 134
56 135
56 139
56 143
56 149
56 150
56 153
56 155
56 156
56 157
56 162
56 165
56 170
56 171
56 174
56 178
56 184
56 188
56 193
56 195
56 198
57 59
57 62
57 68
57 70
57 74
57 75
57 76
57 79
57 80
57 81
57 82
57 85
57 96
57 101
57 108
57 111
57 117
57 126
57 131
57 139
57 151
57 154
57 159
57 177
57 185
57 186
57 190
58 65
58 66
58 67
58 74
58 78
58 81
58 83
58 85
58 93
58 99
58 101
58 102
58 105
58 113
58 122
58 123
58 126
58 131
58 132
58 139
58 151
58 155
58 156
58 157
58 161
58 163
58 169
58 177
58 178
58 179
59 62
59 65
59 66
59 68
59 69
59 70
59 73
59 74
59 76
59 77
59 78
59 81
59 82
59 85
59 86
59 88
59 93
59 97
59 100
59 102
59 103
59 104
59 105
59 107
59 108
59 109
59 110
59 111
59 112
59 113
59 115
59 116
59 119
59 121
59 131
59 133
59 137
59 139
59 140
59 142
59 144
59 148
59 172
59 173
59 174
59 177
59 179
59 180
59 182
59 184
59 192
60 61
60 62
60 65
60 67
60 68
60 69
60 70
60 75
60 76
60 78
60 80
60 87
60 88
60 89
60 92
60 93
60 95
60 98
60 102
60 107
60 116
60 123
60 129
60 131
60 137
60 139
60 142
60 144
60 146
60 148
60 149
60 153
60 157
60 163
60 166
60 174
60 176
60 177
60 181
60 182
60 199
61 62
61 63
61 65
61 68
61 74
61 75
61 78
61 81
61 84
61 85
61 90
61 97
61 101
61 102
61 117
61 118
61 126
61 127
61 130
61 135
61 138
61 140
61 141
61 143
61 144
61 145
61 146
61 153
61 156
61 157
61 160
61 167
61 170
61 172
61 173
61 174
61 175
61 177
61 181
61 186
61 189
61 195
61 196
61 197
62 63
62 64
62 65
62 68
62 72
62 73
62 77
62 84
62 86
62 87
62 88
62 89
62 92
62 96
62 97
62 98
62 102
62 104
62 106
62 109
62 112
62 120
62 121
62 129
62 130
62 135
62 137
62 138
62 141
62 143
62 144
62 145
62 148
62 150
62 154
62 161
62 165
62 168
62 172
62 180
62 181
62 185
62 189
62 191
63 71
63 72
63 83
63 87
63 98
63 104
63 111
63 117
63 118
63 120
63 130
63 131
63 136
63 150
63 151
63 165
63 174
63 175
63 179
63 181
63 189
63 191
63 192
63 196
63 197
64 65
64 66
64 73
64 74
64 76
64 79
64 83
64 85
64 95
64 96
64 111
64 113
64 119
64 123
64 124
64 126
64 129
64 132
64 140
64 143
64 144
64 154
64 156
64 158
64 169
64 177
64 185
64 189
64 191
65 70
65 71
65 72
65 76
65 77
65 84
65 87
65 90
65 93
65 96
65 99
65 100
65 102
65 107
65 108
65 109
65 111
65 113
65 116
65 118
65 122
65 134
65 136
65 137
65 138
65 145
65 146
65 148
65 152
65 158
65 160
65 164
65 165
65 166
65 171
65 175
65 179
65 192
65 195
65 196
66 67
66 68
66 69
66 70
66 71
66 72
66 73
66 79
66 85
66 91
66 93
66 97
66 104
66 105
66 108
66 119
66 124
66 130
66 148
66 151
66 159
66 160
66 161
66 164
66 177
66 186
66 187
66 190
67 69
67 73
67 77
67 83
67 84
67 89
67 97
67 103
67 107
67 108
67 125
67 130
67 132
67 138
67 139
67 140
67 141
67 142
67 163
67 172
67 173
67 177
67 181
67 188
67 197
68 71
68 72
68 73
68 76
68 77
68 79
68 83
68 84
68 85
68 88
68 90
68 94
68 96
68 106
68 110
68 113
68 116
68 123
68 136
68 140
68 148
68 153
68 154
68 169
68 192
68 194
69 71
69 73
69 75
69 77
69 78
69 79
69 81
69 83
69 85
69 87
69 92
69 95
69 96
69 97
69 98
69 100
69 106
69 112
69 115
69 116
69 119
69 120
69 123
69 124
69 130
69 131
69 135
69 138
69 144
69 145
69 149
69 159
69 161
69 167
69 171
69 172
69 177
69 178
69 192
70 76
70 78
70 82
70 85
70 86
70 96
70 97
70 99
70 102
70 105
70 109
70 114
70 115
70 121
70 133
70 136
70 143
70 147
70 148
70 154
70 162
70 180
70 181
70 185
71 76
71 81
71 82
71 85
71 93
71 96
71 97
71 99
71 100
71 101
71 103
71 104
71 107
71 108
71 110
71 111
71 114
71 118
71 119
71 122
71 126
71 127
71 131
71 134
71 141
71 143
71 146
71 149
71 156
71 157
71 168
71 169
71 170
71 172
71 173
71 179
71 185
71 187
71 189
71 197
71 198
72 74
72 77
72 80
72 82
72 85
72 101
72 103
72 110
72 121
72 125
72 128
72 137
72 142
72 150
72 153
72 154
72 160
72 167
72 169
72 184
72 191
72 194
72 197
73 78
73 83
73 84
73 91
73 99
73 100
73 112
73 114
73 115
73 116
73 121
73 124
73 129
73 131
73 134
73 140
73 142
73 154
73 160
73 164
73 168
73 170
73 181
73 187
73 191
73 197
74 75
74 76
74 77
74 80
74 83
74 87
74 95
74 97
74 105
74 107
74 131
74 132
74 137
74 142
74 148
74 160
74 161
74 163
74 164
74 173
74 174
74 182
74 185
74 186
74 199
75 76
75 77
75 80
75 81
75 84
75 92
75 94
75 98
75 103
75 112
75 114
75 125
75 133
75 134
75 136
75 141
75 144
75 149
75 150
75 151
75 152
75 153
75 154
75 157
75 173
75 176
75 183
75 196
76 77
76 78
76 80
76 86
76 87
76 92
76 93
76 107
76 112
76 114
76 115
76 128
76 134
76 139
76 144
76 145
76 158
76 160
76 179
76 183
76 194
76 197
76 198
77 80
77 82
77 83
77 84
77 89
77 92
77 93
77 96
77 100
77 104
77 124
77 131
77 134
77 142
77 153
77 160
77 177
77 178
77 184
77 185
77 188
77 198
78 79
78 84
78 85
78 89
78 91
78 92
78 99
78 100
78 104
78 109
78 110
78 112
78 113
78 116
78 121
78 123
78 127
78 134
78 135
78 136
78 137
78 138
78 144
78 154
78 162
78 163
78 166
78 175
78 178
78 188
78 193
79 80
79 86
79 88
79 91
79 92
79 95
79 98
79 100
79 101
79 102
79 103
79 104
79 109
79 112
79 114
79 122
79 126
79 128
79 132
79 143
79 146
79 155
79 157
79 164
79 165
79 193
79 194
79 198
80 91
80 103
80 106
80 108
80 113
80 120
80 123
80 126
80 128
80 141
80 143
80 144
80 153
80 164
80 177
80 182
80 189
80 196
81 82
81 83
81 85
81 96
81 97
81 100
81 101
81 102
81 104
81 105
81 106
81 107
81 109
81 112
81 113
81 118
81 120
81 127
81 132
81 136
81 137
81 138
81 140
81 141
81 142
81 146
81 156
81 159
81 162
81 171
81 174
81 183
82 88
82 97
82 113
82 120
82 141
82 145
82 152
82 160
82 162
82 163
82 164
82 166
82 171
82 182
82 187
83 103
83 105
83 106
83 110
83 113
83 114
83 139
83 143
83 144
83 148
83 159
83 160
83 163
83 182
83 183
83 184
83 185
83 186
83 192
83 194
83 196
83 197
84 85
84 86
84 87
84 89
84 91
84 94
84 95
84 105
84 107
84 108
84 109
84 113
84 119
84 121
84 126
84 128
84 132
84 137
84 143
84 145
84 147
84 152
84 165
84 166
84 167
84 169
84 172
84 173
84 187
84 194
84 196
85 87
85 89
85 104
85 108
85 111
85 118
85 122
85 136
85 146
85 162
85 163
85 164
85 169
85 173
85 177
85 178
85 180
85 183
85 184
85 191
86 88
86 90
86 104
86 129
86 133
86 139
86 156
86 157
86 158
86 161
86 169
86 171
86 175
86 179
86 194
86 198
87 91
87 93
87 95
87 104
87 115
87 122
87 128
87 130
87 132
87 139
87 148
87 172
87 177
87 180
87 185
87 187
87 195
87 198
88 94
88 97
88 105
88 112
88 121
88 122
88 123
88 124
88 128
88 130
88 132
88 135
88 138
88 146
88 155
88 161
88 163
88 169
88 173
88 174
88 176
88 180
88 183
88 187
88 190
88 194
88 195
89 91
89 92
89 94
89 101
89 103
89 109
89 111
89 116
89 117
89 120
89 124
89 125
89 127
89 129
89 134
89 135
89 136
89 156
89 159
89 165
89 170
89 179
89 183
89 191
89 195
90 93
90 98
90 105
90 107
90 113
90 116
90 119
90 122
90 128
90 139
90 140
90 143
90 148
90 159
90 162
90 166
90 175
90 181
90 187
91 101
91 102
91 103
91 106
91 111
91 122
91 123
91 124
91 126
91 147
91 151
91 152
91 166
91 167
91 171
91 181
91 190
91 191
91 193
92 94
92 95
92 100
92 101
92 109
92 110
92 111
92 112
92 118
92 119
92 121
92 124
92 133
92 139
92 148
92 159
92 171
92 173
92 188
92 199
93 100
93 101
93 102
93 111
93 121
93 123
93 126
93 131
93 144
93 155
93 156
93 160
93 162
93 166
93 168
93 169
93 172
93 173
93 174
93 175
93 182
94 100
94 101
94 105
94 112
94 113
94 114
94 121
94 125
94 128
94 132
94 139
94 140
94 145
94 148
94 159
94 161
94 167
94 175
94 176
94 178
94 190
94 194
95 97
95 102
95 103
95 105
95 107
95 109
95 111
95 114
95 119
95 120
95 126
95 130
95 131
95 137
95 144
95 146
95 147
95 152
95 158
95 161
95 169
95 171
95 177
95 183
96 97
96 106
96 125
96 128
96 137
96 141
96 144
96 149
96 160
96 167
96 168
96 170
96 182
96 185
96 192
96 198
97 100
97 102
97 109
97 115
97 126
97 131
97 134
97 135
97 141
97 148
97 167
97 168
97 170
97 184
97 185
97 193
97 195
97 199
98 102
98 104
98 106
98 116
98 118
98 119
98 130
98 133
98 137
98 140
98 142
98 143
98 144
98 162
98 163
98 170
98 175
98 186
98 199
99 106
99 119
99 123
99 124
99 130
99 135
99 156
99 158
99 162
99 172
99 173
99 186
100 102
100 104
100 107
100 108
100 109
100 115
100 116
100 119
100 121
100 124
100 125
100 127
100 133
100 145
100 155
100 157
100 166
100 168
100 169
100 171
100 173
100 177
100 180
100 186
100 191
100 196
101 103
101 108
101 112
101 120
101 127
101 129
101 137
101 138
101 149
101 169
101 176
101 182
101 184
101 190
101 192
101 193
102 131
102 164
102 167
102 168
102 180
102 192
103 104
103 109
103 115
103 129
103 139
103 143
103 145
103 155
103 158
103 162
103 165
103 171
103 175
103 197
104 107
104 115
104 116
104 118
104 120
104 123
104 128
104 138
104 139
104 144
104 150
104 152
104 155
104 178
104 180
104 181
104 182
104 195
104 199
105 106
105 107
105 110
105 119
105 120
105 122
105 124
105 134
105 138
105 145
105 149
105 151
105 164
105 166
105 173
105 188
105 189
105 190
105 197
106 110
106 111
106 114
106 120
106 146
106 150
106 167
106 171
106 188
106 193
106 194
106 196
106 199
107 108
107 117
107 123
107 126
107 128
107 130
107 133
107 142
107 143
107 166
107 179
107 187
107 195
107 196
107 199
108 113
108 117
108 119
108 121
108 130
108 138
108 145
108 150
108 153
108 157
108 163
108 164
108 165
108 166
108 168
108 172
108 174
108 179
108 181
108 185
108 187
108 190
108 198
109 123
109 143
109 144
109 189
110 116
110 132
110 133
110 154
110 155
110 156
110 162
110 168
110 171
110 174
110 178
110 191
110 196
111 113
111 117
111 119
111 120
111 131
111 134
111 138
111 146
111 153
111 156
111 162
111 187
111 188
111 190
111 191
111 198
112 116
112 121
112 125
112 127
112 129
112 135
112 141
112 162
112 172
112 174
112 187
112 192
113 114
113 115
113 127
113 175
113 177
114 118
114 122
114 130
114 143
114 154
114 168
114 176
114 181
114 182
114 184
114 185
114 190
114 191
114 192
115 129
115 137
115 142
115 147
115 148
115 156
115 157
115 187
115 197
116 127
116 133
116 141
116 142
116 147
116 150
116 153
116 157
116 177
117 132
117 147
117 155
117 165
117 168
117 178
117 185
118 121
118 134
118 152
118 155
118 162
118 163
118 165
118 174
118 183
118 190
118 197
119 121
119 130
119 136
119 138
119 158
119 161
119 170
119 174
119 175
120 132
120 143
120 148
120 149
120 150
120 151
120 152
120 153
120 156
120 182
121 123
121 125
121 131
121 132
121 143
121 146
121 151
121 168
121 171
121 178
121 180
121 191
121 193
121 197
122 128
122 142
122 157
122 159
122 173
122 182
122 184
122 199
123 136
123 140
123 153
123 160
123 164
123 168
123 170
123 171
123 176
123 180
123 191
123 195
124 131
124 133
124 135
124 149
124 167
124 171
125 126
125 139
125 153
125 154
125 159
125 172
125 176
125 185
125 186
125 192
126 131
126 139
126 147
126 152
126 165
126 167
126 176
127 132
127 145
127 150
127 177
127 179
127 180
127 188
127 193
127 196
128 137
128 151
128 153
128 158
128 165
128 176
128 183
128 186
128 189
128 197
128 199
129 131
129 143
129 155
129 158
129 163
129 164
129 168
129 172
130 135
130 136
130 146
130 156
130 157
130 186
130 187
130 190
130 191
130 193
130 194
130 196
131 139
131 141
131 145
131 147
131 153
131 155
131 160
131 171
131 172
131 190
131 193
131 194
132 152
132 174
132 179
132 187
132 195
133 143
133 151
133 181
134 142
134 148
134 179
134 190
135 137
135 140
135 146
135 151
135 155
135 162
135 166
135 168
135 176
135 178
135 179
135 181
135 191
136 143
136 145
136 152
136 164
136 166
136 178
136 199
137 139
137 156
138 142
138 146
138 156
138 157
138 161
138 162
138 164
138 179
138 186
139 150
139 152
139 169
139 173
140 152
140 155
140 159
140 172
140 181
140 189
140 191
140 196
140 198
141 153
141 157
141 160
141 169
142 145
142 151
142 156
142 161
142 168
142 169
142 186
142 193
142 194
142 198
143 146
143 150
143 158
143 170
143 171
144 148
144 178
144 188
144 192
145 148
145 157
145 158
145 163
145 170
145 188
146 152
146 162
146 166
146 175
146 184
146 195
146 197
147 148
147 151
147 157
147 158
147 161
147 169
147 172
147 177
147 195
148 149
148 151
148 159
148 162
148 163
148 170
148 173
148 181
148 182
148 191
148 199
149 152
149 161
149 167
149 170
149 176
149 184
149 185
150 160
150 176
150 180
150 189
151 153
151 158
151 160
151 166
151 167
151 176
151 181
151 195
151 197
151 199
152 157
152 159
152 162
152 171
152 177
152 182
152 198
153 156
153 163
153 173
153 175
153 181
153 182
153 198
154 161
154 167
154 174
154 183
154 186
154 193
155 161
155 164
155 166
155 169
155 177
155 183
155 195
156 158
156 167
156 176
156 180
156 183
156 188
156 190
157 160
157 169
157 170
157 177
157 191
158 196
159 169
159 170
159 179
159 190
160 163
160 165
160 167
160 185
161 163
161 164
161 169
162 166
162 176
162 177
162 185
162 190
163 164
163 168
163 175
163 188
163 189
163 198
164 174
164 183
164 188
165 170
165 172
165 183
166 199
167 172
167 173
167 186
167 195
167 197
167 198
168 172
168 184
169 176
169 187
170 172
170 175
170 179
170 198
171 182
171 188
171 191
172 178
172 186
172 190
172 194
173 175
173 187
174 182
174 188
174 194
174 199
175 194
176 177
176 178
176 193
177 182
177 197
179 193
179 195
180 186
180 187
180 199
182 192
183 184
183 189
183 192
184 189
184 192
185 193
185 197
185 199
187 188
187 191
188 191
189 191
189 192
191 196
191 199
192 195
