0 1
0 2
0 3
0 4
0 5
0 6
0 7
0 8
0 9
0 10
0 11
0 12
0 13
0 14
0 15
0 16
0 17
0 18
0 19
0 20
0 21
0 22
0 23
0 24
0 25
0 26
0 27
0 28
0 29
0 30
0 31
0 32
0 33
0 34
0 35
0 36
0 37
0 38
0 39
0 40
0 41
0 42
0 43
0 44
0 45
0 46
0 47
0 48
0 49
0 50
0 51
0 52
0 53
0 54
0 55
0 56
0 57
0 59
0 60
0 62
0 63
0 64
0 65
0 66
0 67
0 70
0 71
0 72
0 74
0 75
0 77
0 78
0 79
0 81
0 82
0 83
0 84
0 85
0 86
0 87
0 88
0 89
0 90
0 91
0 92
0 94
0 95
0 97
0 99
0 100
0 102
0 103
0 104
0 105
0 108
0 109
0 111
0 112
0 113
0 119
0 121
0 126
0 127
0 131
0 134
0 138
0 145
0 146
0 148
0 149
0 150
0 151
0 152
0 153
0 161
0 163
0 165
0 166
0 167
0 169
0 170
0 173
0 174
0 175
0 180
0 185
0 186
0 187
0 191
0 192
0 195
0 197
0 198
1 33
1 34
1 35
1 36
1 37
1 38
1 40
1 41
1 45
1 46
1 49
1 50
1 51
1 52
1 53
1 54
1 55
1 56
1 58
1 59
1 60
1 61
1 63
1 67
1 68
1 75
1 79
1 81
1 83
1 84
1 87
1 88
1 91
1 100
1 103
1 104
1 109
1 111
1 113
1 115
1 116
1 118
1 129
1 130
1 139
1 146
1 148
1 156
1 160
1 161
1 174
1 177
1 178
1 196
2 32
2 33
2 34
2 35
2 38
2 40
2 42
2 43
2 44
2 45
2 46
2 48
2 49
2 51
2 52
2 53
2 56
2 64
2 69
2 70
2 73
2 76
2 77
2 80
2 82
2 96
2 97
2 98
2 104
2 110
2 112
2 123
2 126
2 129
2 135
2 154
2 157
2 163
3 32
3 33
3 35
3 36
3 37
3 39
3 40
3 41
3 43
3 46
3 47
3 52
3 54
3 62
3 66
3 70
3 73
3 74
3 76
3 77
3 84
3 88
3 93
3 95
3 102
3 105
3 106
3 114
3 115
3 118
3 124
3 128
3 133
3 134
3 139
3 149
3 151
3 152
3 161
3 167
3 170
3 180
3 188
3 195
4 32
4 33
4 34
4 35
4 36
4 38
4 39
4 41
4 44
4 45
4 47
4 48
4 50
4 52
4 54
4 55
4 61
4 62
4 65
4 69
4 74
4 81
4 89
4 90
4 100
4 103
4 112
4 120
4 132
4 133
4 156
4 158
4 160
4 167
4 169
4 174
4 179
5 32
5 33
5 34
5 35
5 36
5 38
5 39
5 40
5 41
5 42
5 43
5 44
5 46
5 49
5 50
5 51
5 52
5 59
5 61
5 62
5 63
5 64
5 66
5 69
5 73
5 74
5 76
5 77
5 79
5 85
5 87
5 92
5 101
5 107
5 108
5 113
5 120
5 128
5 137
5 143
5 162
5 168
5 171
5 179
5 187
6 32
6 33
6 34
6 35
6 36
6 37
6 38
6 39
6 42
6 43
6 44
6 46
6 49
6 55
6 56
6 60
6 65
6 69
6 74
6 86
6 89
6 94
6 96
6 108
6 126
6 143
6 144
6 148
6 150
6 157
6 158
6 164
6 166
6 168
6 174
7 32
7 33
7 34
7 36
7 37
7 38
7 39
7 42
7 43
7 44
7 45
7 46
7 47
7 53
7 54
7 55
7 56
7 57
7 58
7 60
7 61
7 62
7 66
7 67
7 69
7 78
7 82
7 85
7 87
7 88
7 89
7 92
7 96
7 97
7 99
7 101
7 107
7 115
7 117
7 119
7 121
7 124
7 125
7 127
7 139
7 154
7 157
7 163
7 175
7 179
7 191
7 194
8 32
8 33
8 34
8 35
8 36
8 37
8 38
8 39
8 41
8 42
8 44
8 45
8 46
8 47
8 51
8 54
8 55
8 56
8 60
8 64
8 68
8 71
8 77
8 78
8 100
8 103
8 108
8 111
8 114
8 127
8 132
8 142
8 143
8 146
8 153
8 163
8 176
8 181
8 197
9 32
9 33
9 34
9 35
9 37
9 39
9 44
9 45
9 50
9 53
9 54
9 58
9 63
9 70
9 73
9 75
9 77
9 83
9 85
9 96
9 113
9 116
9 118
9 130
9 141
9 158
9 165
9 166
9 167
9 187
10 32
10 33
10 34
10 35
10 36
10 37
10 38
10 39
10 41
10 43
10 44
10 45
10 47
10 49
10 50
10 52
10 55
10 58
10 61
10 62
10 64
10 73
10 79
10 80
10 82
10 83
10 85
10 91
10 93
10 106
10 110
10 112
10 117
10 118
10 119
10 122
10 124
10 125
10 126
10 130
10 138
10 144
10 147
10 149
10 150
10 151
10 153
10 159
10 163
10 166
10 167
10 168
10 169
10 171
10 177
10 181
10 190
10 196
10 198
11 32
11 33
11 34
11 35
11 36
11 37
11 39
11 40
11 41
11 42
11 43
11 45
11 48
11 50
11 51
11 52
11 53
11 55
11 59
11 64
11 65
11 67
11 68
11 72
11 75
11 77
11 79
11 90
11 92
11 98
11 99
11 103
11 106
11 109
11 112
11 122
11 127
11 128
11 130
11 137
11 142
11 147
11 154
11 156
11 160
11 176
11 188
11 194
11 199
12 32
12 33
12 34
12 35
12 36
12 37
12 40
12 41
12 42
12 43
12 45
12 47
12 48
12 51
12 53
12 55
12 57
12 62
12 66
12 67
12 75
12 78
12 84
12 95
12 97
12 98
12 99
12 103
12 105
12 106
12 109
12 120
12 122
12 124
12 127
12 129
12 149
12 159
12 162
12 163
12 178
12 186
12 194
12 198
13 32
13 33
13 34
13 35
13 36
13 37
13 38
13 39
13 40
13 41
13 42
13 43
13 44
13 45
13 47
13 48
13 50
13 52
13 53
13 55
13 56
13 65
13 66
13 67
13 69
13 72
13 73
13 74
13 76
13 78
13 81
13 82
13 83
13 87
13 88
13 90
13 94
13 95
13 98
13 100
13 111
13 114
13 116
13 117
13 124
13 126
13 134
13 146
13 150
13 152
13 155
13 156
13 157
13 160
13 166
13 169
13 171
13 176
13 177
13 179
13 183
13 190
13 192
13 196
14 32
14 34
14 35
14 36
14 38
14 40
14 41
14 42
14 43
14 45
14 46
14 47
14 51
14 54
14 58
14 61
14 62
14 63
14 64
14 66
14 71
14 73
14 74
14 76
14 79
14 96
14 97
14 101
14 104
14 110
14 112
14 113
14 136
14 142
14 152
14 164
14 170
14 172
14 173
14 175
14 177
14 186
15 32
15 33
15 34
15 35
15 36
15 37
15 39
15 40
15 41
15 42
15 43
15 44
15 46
15 47
15 49
15 50
15 52
15 56
15 58
15 60
15 61
15 62
15 63
15 64
15 66
15 70
15 73
15 75
15 76
15 77
15 81
15 82
15 90
15 91
15 95
15 99
15 104
15 108
15 111
15 113
15 116
15 124
15 125
15 130
15 137
15 139
15 140
15 146
15 155
15 159
15 162
15 163
15 170
15 176
15 191
16 32
16 33
16 34
16 35
16 36
16 37
16 38
16 39
16 40
16 42
16 43
16 44
16 45
16 48
16 54
16 55
16 58
16 59
16 66
16 67
16 70
16 75
16 84
16 91
16 98
16 110
16 111
16 112
16 125
16 127
16 144
16 170
16 172
16 185
16 194
17 32
17 33
17 34
17 36
17 37
17 38
17 39
17 40
17 41
17 42
17 47
17 48
17 49
17 51
17 52
17 55
17 65
17 70
17 76
17 91
17 114
17 122
17 140
17 143
17 149
17 157
17 177
17 188
17 189
17 190
17 199
18 32
18 33
18 34
18 35
18 36
18 38
18 40
18 46
18 48
18 49
18 53
18 54
18 56
18 57
18 59
18 62
18 72
18 76
18 82
18 84
18 85
18 86
18 91
18 95
18 100
18 108
18 110
18 113
18 115
18 121
18 123
18 125
18 129
18 134
18 136
18 137
18 141
18 142
18 144
18 147
18 151
18 154
18 160
18 168
18 180
18 182
18 183
18 186
18 194
18 199
19 32
19 33
19 34
19 36
19 37
19 38
19 39
19 40
19 41
19 42
19 47
19 51
19 52
19 54
19 57
19 58
19 60
19 62
19 63
19 73
19 74
19 80
19 82
19 89
19 90
19 106
19 107
19 120
19 129
19 131
19 139
19 148
19 170
19 176
19 182
19 196
19 198
20 32
20 33
20 34
20 35
20 37
20 38
20 40
20 42
20 46
20 51
20 53
20 57
20 58
20 61
20 62
20 65
20 71
20 74
20 78
20 80
20 81
20 90
20 99
20 102
20 116
20 125
20 130
20 139
20 141
20 163
20 166
20 172
20 173
20 180
20 183
20 184
20 187
20 189
20 194
21 32
21 33
21 34
21 35
21 36
21 37
21 38
21 39
21 40
21 42
21 44
21 45
21 46
21 48
21 49
21 53
21 56
21 57
21 59
21 63
21 66
21 67
21 69
21 73
21 75
21 79
21 81
21 83
21 84
21 85
21 86
21 87
21 91
21 92
21 93
21 99
21 102
21 106
21 112
21 113
21 122
21 128
21 129
21 133
21 139
21 140
21 155
21 189
21 191
21 192
21 199
22 32
22 33
22 34
22 35
22 36
22 37
22 39
22 40
22 41
22 49
22 50
22 51
22 52
22 54
22 56
22 57
22 58
22 64
22 65
22 68
22 72
22 76
22 79
22 81
22 83
22 86
22 94
22 100
22 102
22 112
22 115
22 118
22 120
22 128
22 129
22 132
22 145
22 147
22 150
22 153
22 180
22 195
22 198
23 32
23 33
23 34
23 35
23 36
23 37
23 38
23 39
23 40
23 41
23 43
23 44
23 45
23 46
23 50
23 51
23 56
23 57
23 68
23 69
23 73
23 77
23 78
23 86
23 93
23 98
23 99
23 102
23 107
23 114
23 117
23 119
23 128
23 130
23 133
23 136
23 141
23 145
23 149
23 152
23 168
23 176
24 32
24 33
24 35
24 36
24 37
24 38
24 40
24 41
24 42
24 43
24 44
24 49
24 50
24 54
24 55
24 64
24 67
24 71
24 80
24 94
24 97
24 104
24 108
24 111
24 114
24 115
24 119
24 129
24 131
24 150
24 156
24 157
24 182
24 183
24 185
24 190
25 32
25 33
25 34
25 35
25 36
25 38
25 40
25 41
25 42
25 44
25 45
25 48
25 49
25 50
25 53
25 59
25 62
25 63
25 65
25 70
25 73
25 79
25 81
25 86
25 88
25 89
25 91
25 98
25 99
25 101
25 102
25 103
25 105
25 107
25 111
25 115
25 118
25 123
25 124
25 136
25 152
25 153
25 160
25 161
25 162
25 175
25 176
25 181
26 32
26 33
26 35
26 37
26 38
26 39
26 41
26 42
26 43
26 46
26 47
26 48
26 49
26 50
26 52
26 57
26 58
26 60
26 64
26 66
26 75
26 78
26 82
26 83
26 89
26 93
26 96
26 102
26 121
26 123
26 132
26 143
26 145
26 148
26 154
26 155
26 172
26 182
26 193
26 195
27 32
27 33
27 34
27 36
27 37
27 38
27 39
27 42
27 43
27 44
27 45
27 46
27 47
27 48
27 49
27 52
27 57
27 65
27 68
27 70
27 71
27 72
27 77
27 79
27 88
27 91
27 93
27 96
27 104
27 117
27 118
27 135
27 140
27 146
27 156
27 176
27 186
27 190
27 193
28 32
28 34
28 35
28 37
28 38
28 39
28 40
28 43
28 44
28 48
28 49
28 53
28 58
28 60
28 61
28 70
28 78
28 79
28 83
28 93
28 96
28 107
28 111
28 136
28 140
28 144
28 148
28 153
28 179
28 183
28 193
28 195
29 32
29 33
29 34
29 35
29 36
29 37
29 38
29 39
29 41
29 43
29 44
29 45
29 46
29 47
29 55
29 57
29 61
29 63
29 65
29 66
29 67
29 68
29 69
29 70
29 72
29 73
29 79
29 85
29 88
29 91
29 97
29 101
29 103
29 106
29 109
29 110
29 117
29 119
29 120
29 123
29 129
29 131
29 132
29 135
29 138
29 142
29 144
29 162
29 175
29 176
29 182
29 186
29 188
29 189
29 190
30 32
30 33
30 34
30 35
30 36
30 37
30 38
30 39
30 40
30 41
30 42
30 43
30 44
30 46
30 47
30 48
30 49
30 50
30 51
30 54
30 59
30 61
30 63
30 67
30 70
30 72
30 75
30 81
30 82
30 83
30 84
30 85
30 86
30 88
30 93
30 101
30 102
30 110
30 111
30 113
30 114
30 119
30 121
30 125
30 126
30 128
30 136
30 141
30 142
30 146
30 147
30 150
30 152
30 156
30 157
30 158
30 160
30 167
30 174
30 175
30 180
30 192
30 193
30 198
31 32
31 33
31 34
31 35
31 36
31 37
31 39
31 40
31 41
31 46
31 47
31 51
31 53
31 57
31 59
31 60
31 64
31 67
31 71
31 74
31 82
31 94
31 95
31 99
31 101
31 118
31 121
31 130
31 133
31 134
31 151
31 169
31 180
31 190
31 198
32 33
32 34
32 35
32 36
32 37
32 38
32 39
32 40
32 41
32 42
32 43
32 44
32 45
32 46
32 47
32 48
32 49
32 51
32 52
32 53
32 54
32 55
32 56
32 58
32 59
32 60
32 61
32 62
32 63
32 64
32 67
32 68
32 71
32 72
32 73
32 74
32 75
32 76
32 77
32 78
32 81
32 84
32 86
32 87
32 90
32 93
32 96
32 98
32 100
32 103
32 104
32 107
32 110
32 115
32 116
32 122
32 123
32 125
32 127
32 129
32 130
32 131
32 134
32 136
32 141
32 142
32 145
32 148
32 161
32 164
32 167
32 170
32 172
32 173
32 177
32 179
32 182
32 183
32 184
32 188
32 189
32 195
32 196
32 198
32 199
33 34
33 35
33 36
33 37
33 38
33 39
33 40
33 41
33 42
33 43
33 44
33 45
33 46
33 47
33 48
33 50
33 53
33 55
33 56
33 57
33 62
33 63
33 64
33 66
33 68
33 71
33 72
33 73
33 75
33 76
33 77
33 78
33 80
33 83
33 86
33 89
33 90
33 92
33 93
33 95
33 97
33 98
33 100
33 101
33 102
33 105
33 107
33 108
33 111
33 114
33 117
33 118
33 119
33 120
33 124
33 127
33 130
33 131
33 133
33 138
33 139
33 140
33 143
33 145
33 146
33 148
33 152
33 156
33 159
33 165
33 171
33 172
33 173
33 177
33 178
33 180
33 181
33 186
33 187
33 189
33 194
33 196
33 197
34 35
34 36
34 37
34 38
34 39
34 40
34 41
34 42
34 43
34 45
34 46
34 47
34 48
34 50
34 51
34 52
34 53
34 54
34 55
34 57
34 58
34 61
34 63
34 64
34 65
34 67
34 68
34 71
34 72
34 73
34 75
34 76
34 78
34 80
34 81
34 83
34 86
34 88
34 89
34 92
34 94
34 95
34 97
34 98
34 99
34 100
34 101
34 103
34 104
34 106
34 107
34 108
34 109
34 110
34 112
34 113
34 115
34 116
34 118
34 123
34 126
34 127
34 128
34 132
34 134
34 139
34 141
34 142
34 144
34 145
34 149
34 150
34 152
34 153
34 157
34 162
34 168
34 175
34 180
34 181
34 182
34 192
34 198
35 36
35 37
35 38
35 39
35 40
35 41
35 42
35 43
35 44
35 45
35 46
35 47
35 48
35 49
35 50
35 51
35 52
35 53
35 54
35 56
35 57
35 58
35 59
35 60
35 62
35 63
35 64
35 66
35 68
35 69
35 70
35 71
35 72
35 76
35 77
35 78
35 79
35 80
35 81
35 82
35 83
35 84
35 88
35 89
35 90
35 91
35 94
35 97
35 106
35 107
35 108
35 109
35 113
35 115
35 116
35 117
35 118
35 119
35 120
35 121
35 122
35 123
35 125
35 128
35 133
35 135
35 139
35 140
35 141
35 142
35 144
35 147
35 149
35 150
35 151
35 158
35 161
35 162
35 164
35 165
35 167
35 168
35 171
35 172
35 173
35 175
35 177
35 178
35 180
35 184
35 185
35 187
35 188
35 192
35 193
35 194
35 195
35 196
36 37
36 38
36 39
36 40
36 41
36 42
36 43
36 44
36 45
36 47
36 48
36 49
36 50
36 51
36 52
36 53
36 54
36 57
36 58
36 59
36 60
36 61
36 62
36 64
36 65
36 67
36 68
36 69
36 70
36 71
36 72
36 73
36 74
36 78
36 81
36 82
36 83
36 85
36 89
36 91
36 94
36 95
36 97
36 99
36 100
36 103
36 105
36 109
36 111
36 112
36 115
36 117
36 119
36 123
36 126
36 131
36 132
36 133
36 134
36 138
36 143
36 145
36 146
36 149
36 153
36 154
36 156
36 157
36 159
36 160
36 161
36 164
36 171
36 172
36 179
36 181
36 184
36 187
36 188
36 196
36 197
36 198
37 38
37 39
37 40
37 41
37 42
37 43
37 44
37 45
37 47
37 48
37 49
37 50
37 51
37 53
37 54
37 55
37 56
37 57
37 58
37 59
37 60
37 61
37 62
37 63
37 64
37 65
37 66
37 67
37 68
37 69
37 71
37 72
37 73
37 74
37 75
37 76
37 77
37 79
37 80
37 82
37 84
37 86
37 87
37 91
37 93
37 95
37 97
37 98
37 100
37 101
37 104
37 105
37 106
37 108
37 109
37 113
37 114
37 117
37 121
37 124
37 125
37 126
37 132
37 135
37 136
37 137
37 142
37 144
37 146
37 148
37 152
37 154
37 159
37 161
37 164
37 166
37 170
37 180
37 183
37 191
37 196
37 197
37 199
38 39
38 40
38 41
38 42
38 43
38 44
38 45
38 46
38 47
38 48
38 49
38 50
38 51
38 52
38 53
38 54
38 55
38 56
38 58
38 59
38 61
38 62
38 63
38 64
38 65
38 66
38 70
38 72
38 74
38 75
38 76
38 77
38 78
38 79
38 80
38 82
38 83
38 84
38 87
38 90
38 92
38 95
38 96
38 101
38 102
38 103
38 104
38 105
38 106
38 111
38 112
38 116
38 120
38 122
38 125
38 127
38 128
38 137
38 147
38 148
38 149
38 151
38 152
38 153
38 154
38 155
38 160
38 161
38 174
38 176
38 177
38 180
38 183
38 190
38 193
38 194
38 196
38 197
38 198
38 199
39 40
39 41
39 42
39 43
39 44
39 45
39 46
39 47
39 48
39 49
39 50
39 51
39 52
39 53
39 54
39 55
39 56
39 57
39 60
39 62
39 64
39 65
39 66
39 67
39 68
39 70
39 71
39 72
39 73
39 77
39 78
39 79
39 80
39 81
39 83
39 84
39 85
39 86
39 89
39 91
39 92
39 93
39 95
39 96
39 97
39 98
39 100
39 101
39 103
39 104
39 105
39 106
39 107
39 108
39 109
39 110
39 114
39 115
39 117
39 118
39 120
39 122
39 130
39 131
39 132
39 138
39 140
39 141
39 143
39 148
39 150
39 151
39 152
39 155
39 156
39 160
39 161
39 163
39 164
39 166
39 167
39 171
39 173
39 174
39 185
39 187
39 188
39 197
39 199
40 41
40 42
40 43
40 44
40 45
40 46
40 47
40 48
40 49
40 50
40 51
40 52
40 53
40 54
40 55
40 56
40 57
40 58
40 59
40 60
40 61
40 62
40 64
40 65
40 67
40 68
40 70
40 71
40 72
40 74
40 75
40 77
40 79
40 82
40 83
40 85
40 87
40 90
40 91
40 92
40 93
40 95
40 100
40 102
40 105
40 106
40 107
40 109
40 111
40 112
40 118
40 121
40 124
40 127
40 129
40 135
40 137
40 138
40 142
40 147
40 148
40 151
40 152
40 153
40 154
40 157
40 160
40 163
40 169
40 177
40 179
40 181
40 184
40 185
40 194
40 196
41 42
41 43
41 44
41 45
41 46
41 47
41 48
41 49
41 50
41 51
41 52
41 54
41 55
41 56
41 58
41 59
41 60
41 61
41 63
41 64
41 66
41 67
41 70
41 71
41 72
41 73
41 75
41 78
41 84
41 85
41 86
41 87
41 88
41 90
41 92
41 93
41 94
41 95
41 96
41 97
41 99
41 101
41 102
41 103
41 106
41 107
41 108
41 114
41 118
41 121
41 122
41 125
41 127
41 130
41 131
41 134
41 139
41 140
41 144
41 145
41 148
41 151
41 153
41 157
41 159
41 160
41 168
41 169
41 170
41 173
41 184
41 185
41 187
41 188
41 191
41 195
41 196
42 43
42 44
42 45
42 46
42 47
42 48
42 49
42 50
42 51
42 52
42 53
42 54
42 55
42 56
42 58
42 59
42 60
42 61
42 62
42 64
42 65
42 66
42 67
42 68
42 69
42 71
42 76
42 79
42 83
42 85
42 86
42 87
42 89
42 91
42 95
42 96
42 97
42 98
42 101
42 102
42 105
42 107
42 113
42 116
42 119
42 121
42 123
42 125
42 126
42 134
42 138
42 139
42 142
42 147
42 149
42 156
42 158
42 170
42 182
42 186
42 188
42 191
43 44
43 45
43 46
43 47
43 48
43 49
43 50
43 53
43 55
43 56
43 57
43 59
43 60
43 61
43 65
43 67
43 68
43 69
43 70
43 71
43 72
43 73
43 75
43 76
43 79
43 80
43 82
43 84
43 85
43 87
43 92
43 95
43 98
43 99
43 100
43 101
43 104
43 105
43 112
43 113
43 115
43 116
43 120
43 121
43 122
43 123
43 125
43 130
43 132
43 136
43 138
43 141
43 143
43 144
43 145
43 147
43 149
43 153
43 154
43 155
43 159
43 162
43 164
43 167
43 180
43 181
43 182
43 187
43 189
43 191
43 194
43 198
44 45
44 46
44 47
44 48
44 49
44 50
44 51
44 52
44 54
44 56
44 57
44 59
44 60
44 64
44 65
44 66
44 70
44 72
44 75
44 80
44 81
44 85
44 88
44 91
44 93
44 97
44 101
44 104
44 107
44 108
44 109
44 115
44 120
44 121
44 126
44 128
44 129
44 130
44 133
44 134
44 139
44 140
44 145
44 147
44 150
44 157
44 160
44 162
44 165
44 166
44 169
44 170
44 172
44 175
44 180
44 182
44 183
44 184
44 186
44 188
44 192
44 195
44 197
45 46
45 47
45 48
45 49
45 50
45 51
45 52
45 53
45 57
45 58
45 59
45 60
45 61
45 64
45 66
45 67
45 69
45 70
45 73
45 74
45 77
45 78
45 79
45 80
45 81
45 82
45 83
45 84
45 85
45 89
45 94
45 99
45 102
45 105
45 108
45 110
45 111
45 112
45 114
45 116
45 119
45 122
45 123
45 124
45 128
45 130
45 131
45 132
45 135
45 138
45 139
45 141
45 143
45 144
45 149
45 152
45 153
45 155
45 156
45 158
45 160
45 163
45 170
45 172
45 180
45 183
45 185
45 186
45 188
45 191
45 194
46 48
46 49
46 50
46 51
46 52
46 53
46 54
46 56
46 58
46 59
46 60
46 61
46 63
46 66
46 68
46 70
46 74
46 75
46 76
46 77
46 84
46 85
46 87
46 89
46 90
46 94
46 95
46 96
46 97
46 100
46 103
46 110
46 111
46 112
46 114
46 115
46 118
46 119
46 120
46 121
46 122
46 124
46 125
46 126
46 133
46 134
46 135
46 140
46 145
46 147
46 153
46 160
46 164
46 167
46 176
46 177
46 179
46 180
46 182
46 184
46 193
46 196
47 48
47 50
47 51
47 52
47 53
47 54
47 55
47 57
47 58
47 59
47 60
47 61
47 62
47 64
47 65
47 67
47 68
47 70
47 75
47 78
47 80
47 81
47 82
47 83
47 84
47 87
47 88
47 93
47 94
47 96
47 97
47 98
47 101
47 102
47 105
47 106
47 109
47 111
47 115
47 119
47 120
47 130
47 131
47 144
47 145
47 146
47 148
47 165
47 167
47 172
47 182
47 183
47 184
47 196
47 197
48 49
48 51
48 52
48 54
48 56
48 58
48 63
48 66
48 67
48 68
48 70
48 71
48 74
48 76
48 77
48 78
48 87
48 88
48 89
48 90
48 93
48 98
48 100
48 101
48 102
48 104
48 105
48 108
48 114
48 118
48 126
48 148
48 151
48 154
48 155
48 158
48 159
48 166
48 167
48 172
48 176
48 177
48 178
48 179
48 180
48 186
48 187
48 188
48 189
48 192
48 198
49 50
49 52
49 53
49 55
49 56
49 57
49 58
49 59
49 60
49 61
49 65
49 68
49 69
49 71
49 74
49 79
49 83
49 84
49 86
49 87
49 88
49 89
49 90
49 92
49 93
49 94
49 95
49 103
49 105
49 108
49 110
49 112
49 113
49 114
49 116
49 117
49 125
49 127
49 129
49 130
49 132
49 134
49 135
49 139
49 143
49 152
49 158
49 159
49 162
49 163
49 164
49 168
49 172
49 173
49 177
49 184
49 196
49 198
50 51
50 52
50 54
50 55
50 56
50 57
50 58
50 59
50 61
50 62
50 63
50 65
50 66
50 68
50 69
50 71
50 74
50 79
50 81
50 82
50 83
50 85
50 86
50 87
50 89
50 93
50 96
50 98
50 100
50 101
50 102
50 104
50 105
50 106
50 107
50 108
50 109
50 110
50 111
50 113
50 116
50 119
50 120
50 122
50 124
50 125
50 126
50 129
50 130
50 131
50 134
50 137
50 140
50 141
50 142
50 143
50 144
50 147
50 148
50 150
50 153
50 156
50 157
50 158
50 159
50 163
50 165
50 169
50 172
50 174
50 175
50 182
50 183
50 188
50 189
50 190
50 199
51 53
51 54
51 55
51 56
51 57
51 59
51 60
51 61
51 62
51 63
51 65
51 66
51 67
51 68
51 69
51 72
51 77
51 80
51 81
51 82
51 83
51 84
51 85
51 87
51 89
51 96
51 97
51 102
51 106
51 114
51 115
51 123
51 124
51 125
51 126
51 130
51 134
51 135
51 137
51 138
51 141
51 145
51 146
51 147
51 149
51 151
51 154
51 158
51 163
51 164
51 165
51 166
51 169
51 172
51 177
51 178
51 182
51 183
51 184
51 187
51 190
51 191
51 193
51 199
52 53
52 54
52 55
52 56
52 57
52 58
52 59
52 61
52 63
52 64
52 65
52 66
52 67
52 69
52 71
52 72
52 73
52 75
52 76
52 78
52 79
52 82
52 86
52 87
52 92
52 93
52 94
52 95
52 97
52 98
52 99
52 101
52 104
52 105
52 107
52 108
52 115
52 116
52 121
52 122
52 123
52 128
52 131
52 143
52 144
52 145
52 149
52 152
52 154
52 160
52 162
52 165
52 168
52 172
52 179
52 183
52 185
53 55
53 56
53 57
53 59
53 60
53 61
53 64
53 65
53 66
53 69
53 70
53 72
53 74
53 77
53 80
53 81
53 84
53 91
53 93
53 94
53 98
53 100
53 104
53 106
53 107
53 110
53 112
53 117
53 120
53 122
53 129
53 131
53 133
53 135
53 137
53 138
53 139
53 143
53 147
53 149
53 153
53 158
53 159
53 163
53 165
53 166
53 174
53 175
53 177
53 179
53 181
53 183
53 186
53 189
53 190
53 193
53 194
53 195
53 199
54 55
54 56
54 58
54 60
54 61
54 62
54 63
54 66
54 68
54 69
54 70
54 71
54 73
54 76
54 78
54 87
54 92
54 94
54 96
54 100
54 101
54 102
54 103
54 108
54 110
54 112
54 117
54 119
54 121
54 124
54 126
54 127
54 128
54 129
54 130
54 133
54 134
54 135
54 143
54 149
54 159
54 168
54 174
54 176
54 180
54 190
54 193
54 194
54 195
54 197
54 199
55 57
55 58
55 59
55 60
55 62
55 63
55 65
55 67
55 69
55 71
55 74
55 75
55 76
55 77
55 79
55 81
55 83
55 84
55 85
55 86
55 87
55 89
55 92
55 97
55 98
55 99
55 103
55 107
55 109
55 110
55 112
55 113
55 114
55 121
55 122
55 123
55 125
55 130
55 131
55 132
55 135
55 136
55 137
55 140
55 147
55 154
55 165
55 166
55 171
55 175
55 178
55 182
55 185
55 186
55 187
55 190
55 191
55 192
56 57
56 58
56 59
56 62
56 63
56 65
56 67
56 69
56 71
56 74
56 75
56 76
56 77
56 78
56 80
56 82
56 85
56 86
56 88
56 90
56 91
56 92
56 95
56 97
56 98
56 99
56 106
56 109
56 110
56 115
56 118
56 120
56 121
56 124
56 129
56 131
56 134
56 140
56 143
56 145
56 146
56 151
56 153
56 154
56 156
56 162
56 168
56 169
56 170
56 172
56 179
56 183
56 187
56 188
56 189
56 190
56 193
56 194
57 59
57 60
57 62
57 63
57 67
57 69
57 70
57 73
57 74
57 79
57 80
57 86
57 90
57 91
57 92
57 93
57 95
57 98
57 99
57 100
57 102
57 103
57 104
57 105
57 109
57 111
57 113
57 114
57 117
57 119
57 123
57 124
57 126
57 128
57 129
57 130
57 132
57 136
57 138
57 142
57 146
57 150
57 154
57 156
57 159
57 162
57 166
57 168
57 169
57 180
57 181
57 187
57 189
57 193
57 195
57 196
57 199
58 60
58 63
58 64
58 65
58 66
58 67
58 68
58 71
58 73
58 79
58 81
58 82
58 86
58 87
58 88
58 89
58 90
58 91
58 94
58 96
58 99
58 106
58 112
58 118
58 119
58 124
58 128
58 131
58 136
58 142
58 144
58 149
58 157
58 166
58 170
58 175
58 177
58 179
58 187
58 192
58 193
59 60
59 61
59 63
59 64
59 65
59 68
59 69
59 71
59 72
59 75
59 77
59 78
59 79
59 80
59 81
59 85
59 87
59 89
59 90
59 91
59 98
59 99
59 114
59 116
59 117
59 119
59 120
59 121
59 124
59 130
59 133
59 136
59 140
59 141
59 142
59 148
59 153
59 155
59 161
59 163
59 165
59 166
59 168
59 170
59 172
59 178
59 179
59 180
59 181
59 183
59 184
59 195
60 61
60 62
60 68
60 69
60 72
60 73
60 74
60 76
60 80
60 82
60 84
60 85
60 86
60 88
60 89
60 90
60 103
60 106
60 108
60 109
60 112
60 117
60 127
60 129
60 135
60 141
60 148
60 157
60 160
60 161
60 162
60 163
60 166
60 168
60 171
60 177
60 182
60 184
60 190
60 192
60 197
61 62
61 63
61 64
61 65
61 66
61 68
61 75
61 77
61 78
61 79
61 80
61 81
61 82
61 88
61 90
61 95
61 98
61 99
61 100
61 105
61 107
61 111
61 116
61 117
61 121
61 125
61 128
61 129
61 130
61 145
61 148
61 152
61 159
61 163
61 166
61 167
61 173
61 179
61 182
61 184
61 188
61 195
62 63
62 66
62 69
62 73
62 75
62 76
62 80
62 81
62 83
62 86
62 88
62 90
62 94
62 97
62 99
62 101
62 102
62 105
62 108
62 109
62 116
62 120
62 136
62 141
62 145
62 150
62 157
62 158
62 160
62 163
62 164
62 168
62 188
62 189
62 193
62 196
63 69
63 70
63 71
63 72
63 76
63 78
63 84
63 87
63 88
63 90
63 91
63 92
63 93
63 96
63 100
63 102
63 107
63 108
63 111
63 121
63 122
63 123
63 128
63 131
63 136
63 138
63 146
63 149
63 150
63 152
63 164
63 168
63 170
63 185
63 187
63 188
63 190
63 191
63 194
63 198
64 69
64 70
64 72
64 73
64 74
64 75
64 82
64 86
64 88
64 92
64 94
64 95
64 97
64 100
64 101
64 104
64 109
64 117
64 118
64 121
64 123
64 125
64 128
64 138
64 139
64 142
64 145
64 154
64 161
64 164
64 180
64 181
64 189
64 196
64 198
65 68
65 69
65 71
65 76
65 79
65 81
65 82
65 85
65 87
65 88
65 91
65 92
65 96
65 98
65 104
65 111
65 113
65 118
65 120
65 121
65 124
65 130
65 133
65 135
65 137
65 142
65 145
65 146
65 151
65 162
65 166
65 168
65 171
65 176
65 177
65 191
65 192
66 67
66 68
66 74
66 80
66 81
66 88
66 89
66 93
66 94
66 115
66 116
66 117
66 121
66 123
66 124
66 125
66 131
66 133
66 135
66 137
66 138
66 143
66 144
66 145
66 153
66 161
66 163
66 181
66 185
66 189
66 195
66 199
67 68
67 69
67 70
67 71
67 72
67 75
67 78
67 83
67 85
67 91
67 93
67 94
67 96
67 97
67 100
67 103
67 104
67 106
67 111
67 116
67 117
67 120
67 123
67 133
67 134
67 140
67 148
67 149
67 156
67 157
67 159
67 161
67 170
67 176
67 178
67 184
67 188
67 191
67 193
67 198
68 71
68 73
68 75
68 78
68 81
68 85
68 86
68 90
68 91
68 92
68 94
68 95
68 96
68 97
68 104
68 105
68 106
68 109
68 110
68 111
68 112
68 113
68 115
68 117
68 118
68 123
68 127
68 132
68 136
68 138
68 152
68 154
68 156
68 162
68 164
68 167
68 169
68 172
68 175
68 176
68 180
68 193
68 195
68 196
68 199
69 70
69 72
69 74
69 79
69 80
69 82
69 84
69 88
69 90
69 94
69 105
69 115
69 117
69 118
69 121
69 125
69 126
69 127
69 132
69 137
69 145
69 157
69 173
69 175
69 176
69 181
69 184
69 186
69 188
70 72
70 73
70 74
70 77
70 83
70 84
70 88
70 93
70 94
70 95
70 97
70 99
70 100
70 118
70 122
70 123
70 124
70 127
70 135
70 137
70 138
70 139
70 149
70 155
70 158
70 161
70 166
70 174
70 176
70 178
70 182
70 183
70 189
70 190
70 191
70 192
70 195
71 72
71 75
71 79
71 80
71 81
71 84
71 87
71 88
71 89
71 92
71 96
71 98
71 99
71 101
71 103
71 106
71 107
71 109
71 111
71 112
71 114
71 116
71 121
71 123
71 128
71 130
71 138
71 142
71 145
71 148
71 155
71 156
71 160
71 162
71 163
71 164
71 168
71 174
71 176
71 178
71 179
71 181
71 182
71 191
71 195
71 199
72 74
72 76
72 77
72 78
72 80
72 82
72 85
72 88
72 89
72 102
72 103
72 104
72 107
72 112
72 126
72 127
72 132
72 135
72 136
72 137
72 140
72 143
72 146
72 152
72 153
72 160
72 169
72 174
72 177
72 187
72 198
73 74
73 76
73 77
73 81
73 85
73 88
73 91
73 96
73 102
73 103
73 107
73 109
73 116
73 117
73 122
73 126
73 127
73 135
73 142
73 146
73 150
73 157
73 158
73 161
73 164
73 165
73 180
73 181
73 184
73 186
73 193
74 76
74 77
74 80
74 82
74 83
74 84
74 85
74 86
74 89
74 90
74 92
74 93
74 110
74 112
74 114
74 115
74 125
74 126
74 141
74 143
74 145
74 147
74 149
74 155
74 158
74 166
74 167
74 169
74 173
74 177
74 186
74 197
75 76
75 78
75 80
75 88
75 90
75 94
75 100
75 104
75 112
75 114
75 116
75 118
75 119
75 126
75 132
75 134
75 136
75 146
75 148
75 150
75 152
75 167
75 169
75 183
75 185
75 192
75 196
75 199
76 77
76 78
76 80
76 85
76 89
76 90
76 91
76 92
76 93
76 97
76 103
76 107
76 108
76 110
76 113
76 122
76 126
76 129
76 130
76 135
76 137
76 139
76 143
76 144
76 147
76 151
76 155
76 159
76 160
76 164
76 165
76 174
76 175
76 176
76 181
76 184
76 189
76 192
77 80
77 86
77 87
77 89
77 94
77 105
77 106
77 111
77 117
77 124
77 125
77 128
77 132
77 137
77 138
77 139
77 145
77 146
77 155
77 183
77 184
77 190
77 199
78 83
78 87
78 94
78 95
78 113
78 118
78 125
78 126
78 131
78 137
78 138
78 141
78 147
78 149
78 151
78 153
78 156
78 162
78 163
78 171
78 178
78 185
78 192
79 83
79 84
79 86
79 87
79 91
79 94
79 95
79 96
79 103
79 105
79 106
79 115
79 116
79 129
79 133
79 134
79 140
79 145
79 147
79 151
79 152
79 156
79 157
79 161
79 162
79 164
79 169
79 170
79 171
79 176
79 178
79 189
79 195
79 197
80 84
80 91
80 93
80 96
80 99
80 101
80 106
80 109
80 113
80 115
80 116
80 119
80 122
80 129
80 138
80 142
80 163
80 169
80 170
80 177
80 187
80 190
80 191
80 192
80 197
81 83
81 84
81 92
81 93
81 96
81 98
81 101
81 105
81 106
81 110
81 114
81 116
81 117
81 119
81 129
81 136
81 139
81 142
81 144
81 145
81 146
81 147
81 154
81 159
81 164
81 168
81 171
81 175
81 176
81 180
81 187
81 191
81 194
82 86
82 89
82 92
82 101
82 103
82 109
82 111
82 116
82 123
82 125
82 127
82 131
82 137
82 142
82 144
82 149
82 154
82 156
82 161
82 162
82 170
82 189
83 86
83 87
83 92
83 99
83 102
83 113
83 114
83 115
83 116
83 118
83 119
83 133
83 137
83 141
83 151
83 155
83 156
83 157
83 159
83 161
83 168
83 178
83 182
83 186
83 199
84 106
84 108
84 118
84 119
84 122
84 123
84 132
84 133
84 137
84 138
84 141
84 142
84 152
84 153
84 166
84 167
84 173
85 99
85 111
85 115
85 117
85 118
85 123
85 126
85 131
85 147
85 150
85 172
85 175
85 179
85 182
85 187
85 191
85 195
85 198
86 92
86 96
86 102
86 103
86 105
86 107
86 110
86 121
86 127
86 129
86 133
86 135
86 138
86 146
86 158
86 164
86 170
86 174
86 180
86 189
86 193
86 198
87 93
87 98
87 104
87 114
87 118
87 128
87 132
87 139
87 143
87 144
87 145
87 150
87 153
87 165
87 173
87 181
87 182
87 191
88 89
88 90
88 92
88 95
88 96
88 100
88 104
88 108
88 109
88 129
88 139
88 141
88 143
88 144
88 149
88 157
88 171
88 172
88 181
88 186
88 193
89 90
89 94
89 101
89 109
89 110
89 112
89 124
89 127
89 134
89 142
89 150
89 152
89 157
89 164
89 170
89 172
89 185
89 191
89 193
90 94
90 95
90 97
90 101
90 102
90 103
90 105
90 108
90 109
90 112
90 117
90 119
90 120
90 124
90 126
90 127
90 128
90 132
90 136
90 139
90 146
90 162
90 163
90 165
90 167
90 175
91 92
91 102
91 105
91 106
91 107
91 127
91 128
91 132
91 135
91 150
91 151
91 154
91 156
91 161
91 162
91 170
91 183
91 187
92 95
92 99
92 108
92 109
92 110
92 112
92 114
92 132
92 144
92 151
92 155
92 156
92 161
92 165
92 182
92 194
92 195
92 196
92 197
93 98
93 100
93 105
93 120
93 127
93 129
93 133
93 136
93 138
93 141
93 147
93 152
93 157
93 162
93 180
93 198
94 96
94 97
94 103
94 104
94 108
94 110
94 113
94 114
94 118
94 128
94 129
94 132
94 135
94 143
94 148
94 154
94 159
94 164
94 169
94 173
94 175
94 186
94 190
95 97
95 98
95 107
95 109
95 110
95 114
95 118
95 119
95 123
95 125
95 127
95 134
95 136
95 138
95 143
95 147
95 164
95 177
95 178
95 179
95 196
95 198
96 104
96 114
96 120
96 128
96 130
96 131
96 137
96 155
96 165
96 169
96 179
96 187
96 195
97 98
97 99
97 100
97 104
97 107
97 108
97 135
97 136
97 140
97 141
97 155
97 161
97 169
97 173
97 175
97 176
97 190
97 191
98 99
98 116
98 117
98 143
98 144
98 147
98 160
98 173
98 174
98 193
98 194
99 100
99 101
99 120
99 121
99 130
99 131
99 136
99 140
99 142
99 153
99 163
99 177
99 186
99 191
99 197
100 101
100 102
100 103
100 105
100 107
100 108
100 110
100 114
100 120
100 122
100 124
100 128
100 133
100 136
100 137
100 143
100 144
100 150
100 157
100 159
100 163
100 164
100 166
100 168
100 170
100 171
100 174
100 178
100 182
100 185
100 186
100 190
101 102
101 113
101 115
101 120
101 124
101 125
101 128
101 131
101 135
101 138
101 140
101 141
101 151
101 158
101 162
101 174
101 178
101 181
101 192
102 104
102 109
102 113
102 121
102 122
102 127
102 130
102 131
102 132
102 134
102 137
102 142
102 146
102 147
102 156
102 160
102 161
102 164
102 169
102 170
102 171
102 172
102 177
102 181
102 183
102 185
102 187
102 198
102 199
103 107
103 110
103 111
103 115
103 122
103 123
103 124
103 127
103 131
103 134
103 135
103 139
103 143
103 159
103 162
103 163
103 168
103 182
103 191
103 192
103 194
104 106
104 110
104 112
104 120
104 122
104 127
104 131
104 134
104 135
104 137
104 141
104 146
104 151
104 153
104 158
104 160
104 161
104 165
104 174
104 184
104 186
104 189
104 190
104 194
104 199
105 111
105 113
105 117
105 119
105 123
105 129
105 134
105 140
105 146
105 159
105 167
105 171
105 177
105 178
105 188
105 197
105 199
106 132
106 143
106 152
106 163
106 165
106 172
106 173
106 174
106 178
106 184
106 185
106 193
106 197
107 110
107 113
107 120
107 121
107 122
107 133
107 140
107 141
107 142
107 149
107 156
107 158
107 166
107 177
107 187
107 194
107 197
108 113
108 116
108 119
108 129
108 132
108 134
108 136
108 139
108 148
108 150
108 155
108 159
108 162
108 167
108 181
108 183
108 184
108 186
108 188
108 189
108 193
108 196
109 113
109 116
109 119
109 127
109 133
109 134
109 137
109 149
109 185
109 188
109 195
109 197
110 111
110 125
110 137
110 141
110 143
110 147
110 148
110 167
110 170
110 173
110 179
110 185
110 195
111 132
111 140
111 142
111 143
111 144
111 153
111 160
111 165
111 173
111 175
111 178
111 189
111 195
112 115
112 117
112 119
112 120
112 123
112 137
112 147
112 148
112 149
112 155
112 163
112 167
112 174
112 183
112 187
113 114
113 115
113 122
113 136
113 140
113 146
113 147
113 151
113 153
113 159
113 174
113 190
113 194
113 197
114 125
114 130
114 135
114 141
114 146
114 150
114 151
114 168
114 174
114 175
114 181
114 192
115 122
115 126
115 140
115 155
115 156
115 157
115 165
115 171
115 173
115 179
115 187
115 198
116 124
116 136
116 148
116 158
116 160
116 164
116 168
116 176
116 190
116 193
116 197
117 123
117 128
117 131
117 132
117 133
117 155
117 156
117 166
117 167
117 168
117 169
117 172
117 178
117 191
118 119
118 120
118 126
118 129
118 144
118 157
118 160
118 171
118 183
118 192
118 193
119 122
119 126
119 132
119 138
119 153
119 161
119 162
119 166
119 174
119 189
119 193
119 195
119 199
120 121
120 124
120 128
120 140
120 142
120 150
120 151
120 154
120 155
120 157
120 159
120 164
120 169
120 173
120 187
120 195
121 126
121 133
121 135
121 136
121 147
121 148
121 155
121 158
121 160
121 165
121 175
121 178
121 183
121 196
122 124
122 131
122 135
122 139
122 140
122 141
122 144
122 150
122 153
122 156
122 167
122 173
122 174
122 176
122 196
122 198
123 133
123 140
123 141
123 142
123 144
123 145
123 149
123 150
123 152
123 154
123 158
123 160
123 165
123 171
123 172
123 174
123 176
123 187
123 190
123 196
124 133
124 138
124 152
124 155
124 159
124 160
124 163
125 126
125 128
125 134
125 136
125 159
125 174
125 177
125 185
125 186
126 134
126 137
126 166
126 171
127 131
127 133
127 139
127 151
127 180
128 133
128 134
128 138
128 139
128 140
128 146
128 147
128 154
128 157
128 165
128 173
128 188
128 194
128 196
129 145
129 148
129 149
129 158
129 161
129 164
129 167
129 195
130 135
130 136
130 139
130 143
130 145
130 150
130 154
130 169
130 173
130 175
130 178
130 179
130 181
130 191
130 194
130 196
130 197
130 198
131 133
131 138
131 146
131 148
131 155
131 158
131 162
131 167
131 171
131 177
131 178
131 179
131 180
131 185
131 189
131 190
131 194
131 196
132 158
132 159
132 164
132 165
132 170
132 173
132 178
132 182
132 187
132 189
132 197
132 199
133 156
133 166
133 171
133 178
133 185
133 188
133 199
134 137
134 139
134 140
134 151
134 160
134 170
134 172
134 173
134 175
134 185
134 190
134 192
135 146
135 151
135 158
135 170
135 182
135 184
135 199
136 150
136 155
136 156
136 158
136 199
137 150
137 154
137 166
138 148
138 175
138 184
138 193
139 171
139 186
139 188
139 192
140 141
140 151
140 155
140 158
140 169
140 185
140 195
141 144
141 149
141 150
141 152
141 153
141 154
141 161
141 162
141 165
141 179
141 191
142 144
142 165
142 171
142 183
142 198
143 152
143 178
143 179
143 181
143 183
143 197
144 154
145 154
145 181
145 183
145 185
145 190
145 198
145 199
146 157
146 159
146 161
146 162
146 164
146 178
146 181
146 192
146 193
147 151
147 172
147 186
147 192
148 151
148 169
148 179
148 182
148 183
148 184
149 152
149 154
149 165
149 168
149 169
149 171
149 184
149 188
149 190
149 195
150 155
150 168
150 176
150 184
150 188
151 155
151 159
151 163
151 171
151 181
151 194
152 153
152 161
152 165
152 167
152 179
152 182
153 157
153 158
153 168
153 179
153 184
153 186
153 188
153 189
153 193
154 167
154 169
154 172
154 185
154 194
155 158
155 161
155 168
155 174
155 177
155 180
155 186
155 189
155 192
156 162
156 176
156 180
156 181
157 166
157 177
157 199
158 165
158 166
158 170
158 182
158 197
158 199
159 167
159 171
159 175
159 189
160 169
160 170
160 175
160 177
160 178
160 179
160 180
160 194
161 173
161 176
162 171
162 185
163 179
164 167
164 172
164 175
164 183
164 186
165 169
165 171
165 174
165 178
165 181
166 168
166 175
166 182
166 185
166 187
166 191
166 197
167 172
167 173
167 176
168 171
168 199
169 174
169 184
169 196
170 186
171 173
171 178
171 198
172 173
172 184
172 185
172 191
172 192
173 174
173 176
173 181
173 190
173 196
175 184
175 194
176 197
177 185
177 194
178 191
181 189
181 192
182 186
182 192
182 197
183 188
184 191
184 193
185 188
185 189
185 197
189 192
190 193
191 192
192 195
192 197
192 198
196 198
