0 1
0 2
0 3
0 4
0 5
0 6
0 7
0 8
0 9
0 10
0 11
0 12
0 13
0 14
0 15
0 16
0 17
0 18
0 19
0 20
0 21
0 22
0 23
0 24
0 25
0 26
0 27
0 28
0 29
0 30
0 31
0 32
0 33
0 34
0 35
0 36
0 39
0 40
0 41
0 42
0 43
0 44
0 46
0 47
0 48
0 49
0 50
0 51
0 53
0 56
0 62
0 66
0 67
0 70
0 72
0 75
0 78
0 80
0 84
0 87
0 89
0 90
0 93
0 98
1 22
1 23
1 24
1 25
1 26
1 27
1 28
1 29
1 30
1 31
1 32
1 33
1 34
1 35
1 37
1 41
1 42
1 46
1 48
1 49
1 50
1 52
1 56
1 58
1 63
1 66
1 68
1 70
1 73
1 77
1 80
1 91
1 95
1 97
2 22
2 23
2 25
2 26
2 27
2 28
2 29
2 30
2 32
2 33
2 36
2 37
2 40
2 43
2 50
2 57
2 61
2 62
2 75
2 78
2 95
3 22
3 23
3 24
3 25
3 26
3 27
3 28
3 30
3 33
3 34
3 35
3 36
3 41
3 42
3 43
3 56
3 57
3 61
3 65
3 74
3 81
3 88
3 95
4 22
4 23
4 24
4 25
4 26
4 27
4 28
4 29
4 30
4 31
4 33
4 38
4 39
4 41
4 43
4 44
4 45
4 46
4 47
4 48
4 49
4 52
4 56
4 62
4 68
4 72
4 75
4 84
4 88
4 91
4 94
4 96
5 22
5 23
5 24
5 26
5 27
5 28
5 29
5 32
5 33
5 35
5 36
5 41
5 42
5 44
5 45
5 46
5 48
5 55
5 56
5 60
5 62
5 63
5 64
5 66
5 68
5 69
5 75
5 79
5 89
5 94
5 96
5 98
6 22
6 23
6 24
6 25
6 26
6 28
6 29
6 30
6 31
6 32
6 36
6 38
6 41
6 49
6 56
6 64
6 65
6 77
6 83
7 22
7 23
7 24
7 25
7 26
7 28
7 33
7 34
7 35
7 37
7 40
7 41
7 43
7 45
7 55
7 70
7 79
7 82
7 87
7 91
8 22
8 23
8 24
8 25
8 26
8 27
8 34
8 37
8 47
8 48
8 53
8 57
8 65
8 66
8 81
8 87
9 22
9 23
9 24
9 25
9 26
9 27
9 28
9 29
9 30
9 31
9 32
9 33
9 35
9 36
9 38
9 39
9 40
9 41
9 44
9 45
9 51
9 54
9 55
9 59
9 62
9 66
9 68
9 71
9 74
9 97
9 98
10 22
10 23
10 25
10 27
10 29
10 30
10 31
10 36
10 37
10 38
10 39
10 45
10 46
10 50
10 54
10 58
10 75
10 81
10 84
10 86
10 87
10 93
10 94
11 23
11 24
11 25
11 26
11 27
11 28
11 31
11 32
11 34
11 35
11 38
11 39
11 41
11 44
11 49
11 52
11 55
11 56
11 58
11 66
11 67
11 69
11 73
11 74
11 92
11 94
12 22
12 23
12 24
12 29
12 31
12 37
12 40
12 52
12 71
12 74
12 76
12 95
13 22
13 23
13 25
13 28
13 29
13 32
13 34
13 39
13 42
13 50
13 51
13 61
13 65
13 70
13 75
13 76
13 86
13 90
13 93
14 22
14 23
14 24
14 26
14 27
14 28
14 36
14 37
14 42
14 43
14 44
14 55
14 66
14 67
14 68
14 82
15 22
15 23
15 24
15 25
15 26
15 27
15 28
15 29
15 30
15 31
15 32
15 34
15 36
15 37
15 38
15 39
15 40
15 42
15 43
15 45
15 50
15 52
15 55
15 56
15 61
15 73
15 78
15 79
15 80
15 81
15 82
15 86
15 87
15 93
15 95
15 98
16 22
16 23
16 24
16 25
16 26
16 30
16 31
16 32
16 35
16 44
16 47
16 50
16 57
16 62
16 75
16 93
17 22
17 23
17 24
17 26
17 27
17 30
17 32
17 33
17 34
17 35
17 37
17 38
17 40
17 48
17 50
17 57
17 60
17 62
17 67
17 72
17 76
17 81
17 83
17 84
17 85
17 94
18 22
18 24
18 25
18 29
18 30
18 32
18 34
18 36
18 38
18 40
18 41
18 42
18 46
18 49
18 50
18 51
18 52
18 59
18 63
18 87
18 89
18 93
18 94
18 95
18 97
19 22
19 24
19 25
19 27
19 28
19 29
19 30
19 33
19 34
19 35
19 38
19 39
19 41
19 45
19 48
19 55
19 58
19 60
19 62
19 63
19 64
19 68
19 69
19 70
19 71
19 72
19 84
19 89
19 94
20 22
20 23
20 24
20 25
20 26
20 27
20 30
20 31
20 32
20 33
20 35
20 36
20 38
20 39
20 45
20 49
20 54
20 55
20 59
20 61
20 64
20 65
20 76
20 77
20 78
20 84
20 88
20 93
20 95
20 96
21 22
21 23
21 24
21 25
21 26
21 27
21 28
21 29
21 30
21 31
21 32
21 33
21 34
21 35
21 36
21 37
21 40
21 41
21 49
21 51
21 52
21 54
21 59
21 66
21 73
21 76
21 78
21 83
21 84
21 85
21 86
21 87
21 90
21 94
22 23
22 24
22 25
22 26
22 27
22 28
22 29
22 30
22 31
22 32
22 33
22 34
22 36
22 37
22 38
22 39
22 40
22 43
22 46
22 47
22 48
22 50
22 51
22 52
22 53
22 54
22 55
22 56
22 57
22 60
22 64
22 65
22 66
22 69
22 70
22 74
22 77
22 81
22 83
22 86
22 97
23 24
23 25
23 26
23 27
23 28
23 29
23 30
23 31
23 32
23 33
23 34
23 35
23 36
23 37
23 38
23 39
23 40
23 42
23 43
23 45
23 47
23 48
23 49
23 51
23 52
23 54
23 55
23 57
23 60
23 62
23 65
23 66
23 67
23 68
23 69
23 72
23 73
23 74
23 76
23 83
23 85
23 86
23 90
23 93
23 98
23 99
24 25
24 26
24 27
24 28
24 29
24 30
24 31
24 32
24 33
24 34
24 35
24 36
24 37
24 38
24 39
24 40
24 41
24 43
24 44
24 46
24 48
24 50
24 51
24 52
24 53
24 57
24 60
24 61
24 63
24 65
24 66
24 68
24 72
24 75
24 77
24 82
24 83
24 84
24 88
24 89
24 90
24 96
24 98
24 99
25 26
25 27
25 28
25 29
25 31
25 32
25 34
25 35
25 37
25 38
25 39
25 40
25 41
25 42
25 43
25 45
25 46
25 47
25 49
25 51
25 53
25 58
25 59
25 61
25 64
25 65
25 68
25 72
25 74
25 75
25 78
25 79
25 84
25 88
25 90
25 97
26 27
26 28
26 29
26 31
26 32
26 33
26 34
26 35
26 36
26 37
26 38
26 39
26 42
26 43
26 44
26 45
26 46
26 47
26 49
26 50
26 51
26 56
26 64
26 66
26 69
26 70
26 73
26 78
26 79
26 80
26 85
26 86
26 87
26 89
26 92
26 95
26 98
27 28
27 29
27 30
27 31
27 33
27 37
27 38
27 39
27 40
27 42
27 43
27 44
27 45
27 47
27 48
27 53
27 54
27 55
27 57
27 58
27 60
27 61
27 63
27 64
27 65
27 69
27 71
27 72
27 73
27 74
27 77
27 81
27 82
27 86
27 87
27 88
27 91
27 96
28 29
28 30
28 31
28 32
28 33
28 34
28 35
28 37
28 40
28 41
28 42
28 45
28 46
28 47
28 48
28 50
28 51
28 53
28 58
28 59
28 61
28 62
28 64
28 68
28 70
28 72
28 83
28 85
28 90
28 92
29 30
29 31
29 33
29 34
29 35
29 37
29 38
29 39
29 40
29 42
29 43
29 44
29 45
29 46
29 47
29 50
29 52
29 53
29 54
29 56
29 58
29 59
29 65
29 68
29 69
29 74
29 80
29 87
29 97
29 99
30 31
30 33
30 34
30 35
30 43
30 44
30 45
30 47
30 48
30 51
30 53
30 54
30 56
30 57
30 60
30 61
30 65
30 67
30 70
30 75
30 76
30 77
30 78
30 79
30 82
30 85
30 86
30 92
30 93
30 95
30 96
31 32
31 33
31 35
31 36
31 37
31 39
31 40
31 42
31 43
31 44
31 45
31 48
31 54
31 56
31 60
31 61
31 66
31 69
31 71
31 73
31 80
31 81
31 85
31 89
31 96
31 99
32 34
32 36
32 38
32 41
32 43
32 44
32 46
32 48
32 52
32 53
32 54
32 58
32 64
32 66
32 69
32 70
32 72
32 73
32 75
32 76
32 80
32 81
32 82
32 84
32 87
32 88
32 90
32 93
32 95
33 36
33 38
33 39
33 40
33 42
33 44
33 46
33 47
33 48
33 49
33 50
33 51
33 53
33 55
33 57
33 58
33 59
33 60
33 61
33 65
33 67
33 68
33 69
33 70
33 74
33 75
33 76
33 77
33 78
33 79
33 80
33 84
33 87
33 90
33 91
33 93
33 97
34 35
34 36
34 37
34 41
34 42
34 43
34 44
34 46
34 47
34 49
34 50
34 51
34 53
34 56
34 57
34 58
34 59
34 61
34 63
34 65
34 68
34 69
34 71
34 72
34 75
34 77
34 79
34 80
34 83
34 85
34 86
34 87
34 88
34 89
34 90
34 92
34 93
34 95
34 99
35 36
35 37
35 38
35 39
35 40
35 41
35 42
35 44
35 47
35 49
35 51
35 53
35 54
35 56
35 62
35 63
35 64
35 68
35 72
35 77
35 78
35 79
35 80
35 81
35 83
35 87
35 88
35 89
35 92
35 94
35 98
35 99
36 38
36 39
36 40
36 41
36 42
36 43
36 45
36 46
36 47
36 48
36 51
36 52
36 54
36 55
36 57
36 60
36 61
36 62
36 63
36 66
36 67
36 68
36 70
36 71
36 72
36 74
36 77
36 79
36 81
36 82
36 88
36 91
36 92
36 94
36 96
36 97
36 98
36 99
37 39
37 41
37 42
37 43
37 44
37 45
37 47
37 51
37 52
37 55
37 56
37 57
37 60
37 62
37 64
37 66
37 70
37 75
37 76
37 77
37 78
37 79
37 80
37 83
37 84
37 89
37 96
37 97
38 41
38 43
38 44
38 45
38 46
38 47
38 48
38 49
38 50
38 51
38 52
38 55
38 60
38 61
38 62
38 67
38 69
38 74
38 75
38 78
38 82
38 83
38 89
38 90
38 91
38 92
38 95
38 99
39 40
39 44
39 47
39 49
39 53
39 54
39 55
39 57
39 58
39 59
39 60
39 64
39 71
39 73
39 74
39 83
39 84
39 85
39 92
39 95
39 99
40 49
40 51
40 55
40 56
40 57
40 58
40 61
40 63
40 67
40 71
40 72
40 75
40 79
40 81
40 84
40 85
40 94
40 95
40 98
41 42
41 45
41 46
41 49
41 52
41 58
41 59
41 60
41 64
41 70
41 71
41 73
41 81
41 84
41 87
41 91
41 94
42 45
42 48
42 49
42 50
42 52
42 55
42 58
42 60
42 67
42 69
42 70
42 71
42 73
42 74
42 76
42 78
42 80
42 89
42 91
42 93
42 94
42 97
43 44
43 46
43 52
43 53
43 54
43 55
43 56
43 58
43 59
43 60
43 62
43 63
43 66
43 68
43 71
43 73
43 74
43 75
43 83
43 87
43 89
43 91
43 92
43 93
43 95
43 97
43 98
44 46
44 47
44 48
44 49
44 52
44 53
44 58
44 62
44 67
44 68
44 69
44 75
44 76
44 82
44 85
44 88
44 89
44 98
44 99
45 46
45 47
45 51
45 53
45 56
45 60
45 62
45 64
45 68
45 71
45 76
45 78
45 81
45 83
45 84
45 86
46 50
46 51
46 52
46 54
46 55
46 59
46 65
46 66
46 67
46 70
46 75
46 77
46 85
46 86
46 87
46 90
47 48
47 50
47 53
47 54
47 55
47 59
47 60
47 63
47 64
47 70
47 71
47 72
47 73
47 78
47 85
47 88
47 92
47 96
47 98
48 49
48 50
48 54
48 57
48 58
48 63
48 68
48 70
48 73
48 74
48 82
48 87
48 93
49 53
49 61
49 67
49 69
49 71
49 77
49 80
49 82
49 85
49 86
49 95
49 96
50 52
50 53
50 57
50 59
50 60
50 61
50 62
50 63
50 65
50 69
50 74
50 80
50 81
50 90
50 92
50 97
50 98
50 99
51 54
51 57
51 58
51 59
51 62
51 63
51 65
51 67
51 70
51 73
51 76
51 84
51 86
51 88
51 90
51 91
51 95
51 97
52 53
52 54
52 59
52 60
52 63
52 66
52 67
52 74
52 77
52 82
52 83
52 88
52 89
52 91
52 92
52 95
52 96
52 98
53 54
53 56
53 58
53 59
53 62
53 67
53 68
53 71
53 74
53 78
53 86
53 92
53 94
53 95
53 99
54 59
54 62
54 64
54 65
54 70
54 71
54 72
54 79
54 80
54 82
54 83
54 89
54 93
54 97
54 98
54 99
55 56
55 57
55 61
55 63
55 69
55 71
55 80
55 92
55 96
55 98
56 57
56 58
56 59
56 64
56 65
56 67
56 69
56 71
56 77
56 79
56 82
56 85
56 86
56 88
56 90
56 91
56 96
57 59
57 61
57 68
57 73
57 80
57 82
57 83
57 85
57 88
57 96
58 67
58 71
58 75
58 76
58 78
58 80
59 61
59 63
59 64
59 67
59 72
59 73
59 74
59 89
59 97
60 63
60 65
60 76
60 77
60 92
60 93
60 96
61 63
61 64
61 67
61 78
61 79
61 92
61 94
62 63
62 64
62 65
62 69
62 72
62 73
62 77
62 78
62 79
62 87
62 88
63 66
63 69
63 74
63 78
63 85
63 90
63 91
63 94
63 96
64 66
64 79
64 85
64 97
65 73
65 76
65 79
65 83
65 85
65 97
66 72
66 76
66 89
66 90
67 70
67 75
67 80
67 81
67 84
67 88
67 89
68 71
68 76
68 77
68 82
68 83
68 90
68 97
69 76
69 78
69 81
69 84
69 85
69 86
69 99
70 72
70 73
70 77
70 79
70 80
70 82
71 72
71 79
71 81
71 86
72 77
72 80
72 84
72 88
72 90
72 91
72 94
72 95
72 96
72 99
73 91
73 92
73 94
74 92
74 93
75 76
75 81
75 88
75 91
75 95
75 97
76 82
76 86
76 89
77 79
77 81
77 82
77 86
77 87
77 99
78 81
78 83
78 87
78 99
79 82
79 88
79 91
79 96
79 98
80 84
80 89
80 90
80 96
80 97
81 92
81 96
82 83
82 86
82 92
83 85
83 91
84 93
85 91
85 93
86 90
86 94
87 94
87 98
88 98
88 99
90 91
91 99
92 93
92 97
93 94
93 99
97 98
97 99
