0 1
0 2
0 3
0 4
0 5
0 6
0 7
0 8
0 9
0 10
0 11
0 12
0 13
0 14
0 15
0 16
0 17
0 18
0 19
0 20
0 21
0 22
0 23
0 24
0 25
0 26
0 27
0 28
0 30
0 31
0 32
0 33
0 35
0 36
0 37
0 38
0 42
0 45
0 47
0 48
0 49
0 51
0 53
0 54
0 56
0 57
0 59
0 60
0 61
0 62
0 63
0 67
0 68
0 74
0 75
0 77
0 78
0 80
0 83
0 84
0 85
0 87
0 90
0 91
0 94
0 96
0 97
0 98
0 99
1 18
1 19
1 20
1 22
1 23
1 24
1 26
1 27
1 28
1 29
1 41
1 42
1 43
1 50
1 52
1 56
1 63
1 67
1 73
1 83
1 84
1 91
2 19
2 21
2 23
2 24
2 25
2 29
2 30
2 32
2 33
2 38
2 39
2 46
2 47
2 49
2 59
2 62
2 70
2 75
3 18
3 19
3 20
3 22
3 26
3 27
3 29
3 34
3 51
3 52
3 59
3 68
3 73
3 77
3 78
3 79
3 83
3 88
3 99
4 18
4 19
4 20
4 21
4 22
4 23
4 24
4 25
4 26
4 28
4 31
4 34
4 37
4 41
4 44
4 47
4 53
4 54
4 58
4 59
4 60
4 62
4 73
4 80
4 84
4 85
4 90
4 91
4 99
5 18
5 20
5 22
5 23
5 39
5 43
5 44
5 58
5 63
5 78
5 95
6 18
6 19
6 20
6 21
6 22
6 23
6 24
6 27
6 28
6 29
6 30
6 31
6 32
6 33
6 35
6 38
6 40
6 45
6 46
6 50
6 53
6 54
6 55
6 57
6 58
6 60
6 63
6 64
6 65
6 69
6 71
6 74
6 79
6 80
6 81
6 86
6 90
6 99
7 18
7 19
7 20
7 21
7 22
7 24
7 25
7 26
7 27
7 33
7 35
7 36
7 37
7 39
7 40
7 44
7 46
7 47
7 48
7 52
7 54
7 57
7 58
7 66
7 69
7 71
7 78
7 79
7 82
7 93
7 94
7 96
8 18
8 19
8 20
8 21
8 22
8 23
8 24
8 25
8 26
8 28
8 31
8 35
8 36
8 37
8 38
8 39
8 40
8 42
8 44
8 48
8 50
8 53
8 57
8 63
8 66
8 67
8 70
8 75
8 76
8 78
8 80
8 88
8 91
8 92
8 93
8 95
9 18
9 21
9 28
9 35
9 36
9 89
10 18
10 19
10 20
10 21
10 22
10 24
10 25
10 27
10 28
10 29
10 30
10 32
10 33
10 35
10 37
10 40
10 44
10 45
10 46
10 49
10 55
10 62
10 66
10 70
10 86
10 88
10 90
10 91
11 18
11 19
11 20
11 21
11 23
11 25
11 26
11 27
11 31
11 32
11 33
11 34
11 36
11 39
11 40
11 42
11 43
11 44
11 45
11 48
11 51
11 52
11 54
11 63
11 71
11 75
11 85
11 87
11 89
12 18
12 19
12 21
12 22
12 23
12 24
12 25
12 26
12 27
12 29
12 30
12 32
12 33
12 35
12 42
12 45
12 50
12 56
12 59
12 60
12 61
12 66
12 82
12 86
12 87
12 93
12 95
12 97
12 99
13 18
13 19
13 20
13 21
13 22
13 23
13 24
13 27
13 31
13 35
13 36
13 38
13 41
13 45
13 46
13 47
13 49
13 58
13 60
13 66
13 73
13 80
13 82
13 83
13 96
13 98
14 18
14 19
14 20
14 21
14 23
14 27
14 33
14 34
14 35
14 38
14 40
14 41
14 54
14 55
14 56
14 59
14 65
14 69
14 71
14 76
14 81
14 86
14 87
15 18
15 19
15 20
15 22
15 23
15 24
15 25
15 26
15 28
15 29
15 31
15 33
15 34
15 36
15 38
15 39
15 40
15 44
15 48
15 56
15 59
15 64
15 65
15 68
15 82
15 99
16 18
16 19
16 20
16 21
16 22
16 23
16 25
16 28
16 29
16 30
16 36
16 37
16 52
16 55
16 58
16 69
16 71
16 72
16 78
16 80
16 90
17 18
17 19
17 20
17 21
17 23
17 26
17 28
17 29
17 30
17 31
17 36
17 39
17 44
17 46
17 50
17 54
17 58
17 60
17 61
17 62
17 65
17 82
17 85
17 86
17 88
17 90
18 19
18 20
18 21
18 22
18 23
18 24
18 25
18 26
18 28
18 30
18 31
18 32
18 34
18 36
18 37
18 38
18 43
18 44
18 45
18 46
18 47
18 50
18 51
18 52
18 55
18 56
18 58
18 59
18 60
18 61
18 63
18 64
18 66
18 67
18 71
18 72
18 73
18 74
18 75
18 76
18 77
18 78
18 80
18 82
18 83
18 89
18 92
18 94
18 97
18 98
19 20
19 21
19 22
19 23
19 24
19 25
19 26
19 28
19 29
19 30
19 31
19 32
19 33
19 34
19 36
19 37
19 38
19 41
19 42
19 45
19 48
19 49
19 50
19 51
19 52
19 53
19 55
19 56
19 57
19 65
19 68
19 69
19 70
19 71
19 72
19 73
19 77
19 81
19 82
19 84
19 85
19 86
19 88
19 92
20 21
20 22
20 24
20 25
20 26
20 27
20 28
20 29
20 30
20 31
20 32
20 33
20 34
20 35
20 36
20 37
20 38
20 40
20 42
20 43
20 44
20 46
20 48
20 49
20 50
20 52
20 55
20 64
20 65
20 66
20 67
20 68
20 72
20 73
20 76
20 79
20 80
20 81
20 82
20 83
20 85
20 86
20 87
20 88
20 89
20 92
20 93
20 97
21 22
21 23
21 24
21 25
21 27
21 28
21 29
21 30
21 31
21 32
21 33
21 36
21 37
21 38
21 41
21 43
21 45
21 46
21 47
21 48
21 49
21 52
21 53
21 58
21 59
21 61
21 62
21 64
21 65
21 73
21 76
21 87
21 92
21 93
21 94
21 98
22 24
22 25
22 26
22 27
22 28
22 29
22 30
22 31
22 32
22 33
22 37
22 39
22 40
22 41
22 43
22 45
22 51
22 53
22 59
22 69
22 71
22 73
22 74
22 80
22 83
22 89
22 90
22 97
23 24
23 25
23 26
23 27
23 28
23 29
23 30
23 31
23 32
23 34
23 35
23 39
23 40
23 44
23 45
23 47
23 48
23 50
23 53
23 56
23 57
23 58
23 63
23 66
23 68
23 72
23 74
23 80
23 81
23 87
23 89
23 90
23 92
23 94
23 96
23 97
24 25
24 26
24 27
24 28
24 30
24 33
24 34
24 35
24 38
24 40
24 41
24 42
24 43
24 45
24 46
24 50
24 51
24 53
24 54
24 63
24 65
24 66
24 67
24 69
24 70
24 71
24 72
24 73
24 76
24 78
24 81
24 85
24 86
24 93
24 94
24 98
25 26
25 27
25 30
25 32
25 34
25 38
25 39
25 40
25 41
25 42
25 46
25 50
25 54
25 55
25 57
25 60
25 63
25 64
25 68
25 71
25 72
25 81
25 90
25 91
26 27
26 29
26 30
26 31
26 32
26 33
26 34
26 37
26 41
26 44
26 45
26 47
26 49
26 50
26 52
26 53
26 54
26 56
26 57
26 58
26 60
26 62
26 63
26 64
26 66
26 77
26 79
26 82
26 83
26 86
26 88
26 89
26 99
27 29
27 30
27 31
27 33
27 35
27 36
27 40
27 43
27 47
27 48
27 52
27 56
27 58
27 61
27 62
27 63
27 64
27 72
27 75
27 80
27 81
27 82
27 85
27 95
28 29
28 34
28 35
28 37
28 38
28 39
28 42
28 43
28 61
28 62
28 63
28 65
28 67
28 72
28 74
28 78
28 86
28 91
28 95
29 32
29 33
29 34
29 36
29 38
29 39
29 41
29 42
29 43
29 46
29 48
29 58
29 59
29 60
29 61
29 62
29 65
29 66
29 70
29 71
29 72
29 76
29 78
29 79
29 83
29 84
29 87
29 89
29 90
29 93
29 94
29 98
30 31
30 32
30 34
30 35
30 39
30 41
30 42
30 43
30 46
30 48
30 49
30 54
30 55
30 60
30 61
30 65
30 66
30 67
30 68
30 69
30 72
30 73
30 76
30 77
30 87
30 88
30 89
30 90
30 91
30 99
31 32
31 34
31 36
31 37
31 39
31 43
31 47
31 50
31 51
31 52
31 53
31 56
31 61
31 75
31 84
31 86
31 88
31 95
32 34
32 35
32 37
32 39
32 40
32 41
32 42
32 46
32 47
32 48
32 49
32 55
32 57
32 73
32 75
32 78
32 84
32 86
32 96
32 97
33 36
33 38
33 39
33 50
33 51
33 53
33 60
33 77
33 85
33 87
33 96
34 35
34 42
34 46
34 50
34 52
34 53
34 64
34 68
34 74
34 75
34 76
34 91
34 95
35 37
35 38
35 40
35 41
35 43
35 44
35 47
35 51
35 57
35 65
35 67
35 72
35 74
35 75
35 78
35 79
35 82
35 89
35 93
35 94
35 96
36 37
36 39
36 42
36 44
36 58
36 59
36 60
36 61
36 65
36 68
36 70
36 77
36 78
36 81
36 82
36 83
36 92
36 94
36 98
36 99
37 40
37 41
37 43
37 44
37 47
37 51
37 56
37 57
37 59
37 61
37 66
37 67
37 69
37 70
37 72
37 75
37 81
37 84
37 88
37 95
37 97
38 40
38 41
38 42
38 45
38 46
38 49
38 51
38 52
38 56
38 57
38 58
38 61
38 62
38 63
38 64
38 68
38 71
38 75
38 79
38 81
38 84
38 87
38 89
38 93
38 94
38 95
38 98
39 41
39 42
39 43
39 45
39 48
39 49
39 51
39 64
39 71
39 74
39 83
39 84
39 85
39 86
39 87
39 93
39 95
39 96
40 43
40 45
40 47
40 48
40 54
40 55
40 56
40 57
40 60
40 61
40 63
40 67
40 69
40 70
40 73
40 76
40 77
40 89
40 91
40 93
40 94
41 45
41 46
41 48
41 54
41 57
41 62
41 63
41 70
41 77
41 82
41 84
41 87
41 88
41 93
42 44
42 47
42 49
42 51
42 52
42 53
42 55
42 56
42 60
42 67
42 70
42 74
42 76
42 80
42 81
42 84
42 94
42 97
42 98
43 44
43 54
43 55
43 59
43 62
43 78
43 79
43 88
44 47
44 49
44 53
44 55
44 56
44 64
44 65
44 71
44 72
44 74
44 76
44 77
44 79
44 85
44 95
45 48
45 50
45 51
45 55
45 58
45 59
45 65
45 68
45 71
45 83
45 90
45 92
46 49
46 54
46 59
46 65
46 68
46 69
46 70
46 79
46 87
46 88
46 89
46 94
46 98
47 49
47 51
47 52
47 54
47 61
47 71
47 75
47 79
47 82
47 93
47 95
47 99
48 49
48 53
48 58
48 64
48 70
48 76
48 77
48 79
48 80
48 84
48 98
49 50
49 52
49 55
49 64
49 67
49 70
49 71
49 74
49 77
49 83
49 91
49 92
49 95
49 96
50 51
50 57
50 64
50 70
50 73
50 75
50 76
50 79
50 84
50 89
50 90
50 91
50 96
50 99
51 60
51 61
51 67
51 76
51 84
51 85
51 92
51 94
51 99
52 53
52 54
52 57
52 81
52 82
53 59
53 60
53 62
53 66
53 67
53 74
53 80
53 81
53 85
53 92
53 94
54 55
54 56
54 61
54 68
54 85
54 99
55 57
55 64
55 66
55 74
55 80
55 97
55 98
56 68
56 70
56 72
56 75
56 82
56 84
56 90
56 92
56 98
57 62
57 68
57 69
57 72
57 87
57 91
57 97
58 65
58 74
58 93
59 64
59 69
59 72
59 85
60 62
60 69
60 73
60 77
60 79
60 97
61 62
61 63
61 67
61 68
61 69
61 73
61 78
61 85
62 67
62 77
63 66
63 69
63 78
63 83
63 84
63 88
63 93
63 94
64 74
64 76
64 96
64 97
65 66
65 73
65 75
65 76
65 92
65 98
66 83
67 69
67 75
67 81
67 85
67 90
67 92
67 99
68 70
68 74
68 81
68 91
69 79
69 83
69 87
70 77
70 80
70 94
71 78
71 95
72 77
72 86
72 95
73 87
74 81
74 86
75 91
75 97
76 90
76 93
76 98
77 80
77 88
78 79
78 88
79 86
79 89
80 82
80 92
80 95
80 98
81 86
81 89
81 92
81 93
81 96
82 83
82 95
83 92
84 88
84 99
85 96
86 96
87 90
87 91
87 97
87 99
88 89
88 91
88 96
88 97
89 97
90 96
90 98
90 99
92 96
