0 1
0 2
0 3
0 4
0 5
0 6
0 7
0 8
0 9
0 10
0 11
0 12
0 13
0 14
0 15
0 16
0 17
0 18
0 19
0 20
0 21
0 22
0 23
0 24
0 25
0 26
0 27
0 28
0 30
0 33
0 34
0 35
0 36
0 37
0 38
0 39
0 40
0 42
0 44
0 45
0 49
0 50
0 52
0 53
0 55
0 56
0 57
0 58
0 64
0 66
0 74
0 77
0 80
0 81
0 83
0 87
0 92
0 93
0 96
0 97
0 98
1 20
1 21
1 22
1 24
1 26
1 29
1 30
1 32
1 34
1 39
1 43
1 47
1 49
1 52
1 54
1 56
1 59
1 64
1 67
1 71
1 85
2 20
2 21
2 22
2 23
2 24
2 26
2 31
2 37
2 43
2 44
2 49
2 50
2 57
2 59
2 62
2 63
2 68
2 72
2 73
2 76
2 77
2 78
3 20
3 21
3 22
3 24
3 25
3 26
3 28
3 29
3 30
3 32
3 33
3 34
3 35
3 36
3 39
3 40
3 43
3 44
3 45
3 49
3 50
3 51
3 54
3 59
3 61
3 64
3 71
3 72
3 73
3 78
3 83
3 88
3 94
3 97
3 98
4 20
4 21
4 22
4 23
4 24
4 25
4 26
4 27
4 28
4 29
4 30
4 36
4 37
4 43
4 46
4 48
4 49
4 53
4 54
4 56
4 58
4 68
4 70
4 71
4 73
4 74
4 77
4 83
4 87
4 92
4 94
4 96
4 97
4 98
5 20
5 21
5 22
5 23
5 25
5 27
5 28
5 33
5 34
5 35
5 36
5 38
5 41
5 43
5 45
5 51
5 53
5 55
5 56
5 58
5 59
5 67
5 80
5 82
5 86
5 88
5 90
6 20
6 21
6 22
6 23
6 26
6 28
6 29
6 32
6 34
6 35
6 38
6 42
6 44
6 45
6 46
6 49
6 55
6 63
6 70
6 75
6 85
6 90
6 92
6 95
6 96
6 97
7 20
7 21
7 22
7 23
7 24
7 25
7 26
7 27
7 30
7 33
7 37
7 38
7 39
7 41
7 47
7 48
7 57
7 58
7 63
7 64
7 69
7 70
7 71
7 73
7 79
7 80
7 85
7 87
7 98
8 20
8 21
8 22
8 23
8 24
8 25
8 26
8 27
8 28
8 29
8 30
8 31
8 34
8 43
8 45
8 46
8 47
8 48
8 51
8 53
8 57
8 70
8 72
8 85
8 94
9 20
9 21
9 22
9 23
9 25
9 26
9 28
9 29
9 31
9 32
9 36
9 37
9 39
9 40
9 43
9 44
9 49
9 50
9 51
9 54
9 59
9 60
9 75
9 82
9 84
9 85
10 20
10 21
10 22
10 23
10 24
10 25
10 28
10 36
10 42
10 45
10 51
10 55
10 57
10 58
10 59
10 60
10 75
10 79
10 80
11 22
11 23
11 25
11 27
11 47
11 49
11 51
11 62
11 63
11 81
11 93
11 95
11 98
12 20
12 21
12 23
12 24
12 25
12 27
12 29
12 30
12 31
12 33
12 36
12 38
12 40
12 41
12 42
12 44
12 46
12 47
12 49
12 50
12 52
12 53
12 55
12 59
12 67
12 70
12 77
12 81
12 90
12 92
12 96
13 20
13 23
13 24
13 25
13 26
13 27
13 29
13 35
13 36
13 38
13 40
13 41
13 42
13 43
13 56
13 68
13 81
13 82
13 85
13 88
13 89
13 90
13 91
13 98
13 99
14 20
14 21
14 23
14 24
14 26
14 27
14 29
14 31
14 32
14 34
14 35
14 39
14 40
14 41
14 45
14 48
14 51
14 52
14 54
14 56
14 64
14 65
14 66
14 71
14 76
14 94
15 20
15 21
15 22
15 24
15 25
15 26
15 27
15 28
15 32
15 33
15 34
15 37
15 39
15 48
15 50
15 54
15 55
15 60
15 73
15 80
15 88
15 90
15 91
15 96
15 98
15 99
16 20
16 21
16 22
16 23
16 24
16 25
16 26
16 29
16 31
16 34
16 37
16 42
16 44
16 46
16 50
16 51
16 57
16 62
16 63
16 66
16 96
17 20
17 21
17 22
17 23
17 24
17 26
17 28
17 29
17 30
17 31
17 32
17 33
17 35
17 38
17 39
17 68
17 69
17 80
17 81
17 84
17 85
17 87
17 90
17 92
17 95
17 99
18 20
18 21
18 22
18 24
18 25
18 26
18 27
18 30
18 31
18 35
18 38
18 39
18 41
18 42
18 44
18 48
18 51
18 53
18 56
18 59
18 64
18 65
18 67
18 82
18 91
18 94
18 97
18 98
19 20
19 21
19 22
19 23
19 27
19 28
19 30
19 33
19 34
19 39
19 41
19 47
19 52
19 59
19 64
19 72
19 74
19 78
19 87
20 21
20 22
20 23
20 24
20 25
20 27
20 28
20 29
20 30
20 31
20 32
20 33
20 35
20 37
20 38
20 39
20 40
20 41
20 42
20 46
20 47
20 49
20 50
20 51
20 52
20 53
20 54
20 58
20 64
20 66
20 67
20 69
20 74
20 83
20 85
20 86
20 91
20 92
20 99
21 22
21 23
21 24
21 25
21 27
21 28
21 29
21 30
21 31
21 32
21 33
21 35
21 36
21 37
21 38
21 41
21 42
21 43
21 44
21 45
21 46
21 47
21 49
21 50
21 51
21 54
21 55
21 56
21 59
21 62
21 63
21 66
21 68
21 72
21 73
21 75
21 81
21 82
21 83
21 86
21 88
21 91
21 93
21 95
22 23
22 24
22 25
22 26
22 27
22 28
22 29
22 30
22 31
22 32
22 33
22 34
22 35
22 36
22 37
22 38
22 41
22 42
22 43
22 44
22 46
22 48
22 50
22 52
22 55
22 57
22 58
22 62
22 66
22 67
22 74
22 75
22 81
22 82
22 83
22 96
23 24
23 25
23 26
23 27
23 28
23 29
23 30
23 31
23 32
23 33
23 35
23 36
23 37
23 39
23 40
23 41
23 42
23 43
23 45
23 46
23 52
23 54
23 56
23 60
23 61
23 64
23 65
23 66
23 67
23 68
23 69
23 71
23 74
23 75
23 78
23 79
23 80
23 82
23 84
23 86
23 89
23 92
23 93
23 96
24 25
24 26
24 27
24 28
24 29
24 30
24 31
24 32
24 33
24 35
24 36
24 37
24 40
24 41
24 42
24 44
24 45
24 47
24 48
24 50
24 53
24 55
24 57
24 58
24 59
24 63
24 64
24 66
24 67
24 68
24 69
24 71
24 72
24 76
24 79
24 83
24 88
24 89
24 94
24 98
24 99
25 26
25 27
25 28
25 29
25 30
25 31
25 32
25 33
25 35
25 36
25 37
25 38
25 39
25 40
25 43
25 44
25 45
25 47
25 48
25 50
25 53
25 55
25 56
25 57
25 59
25 60
25 61
25 62
25 65
25 67
25 73
25 78
25 79
25 80
25 83
25 84
25 92
25 94
25 98
25 99
26 27
26 28
26 29
26 30
26 31
26 32
26 33
26 34
26 36
26 38
26 39
26 42
26 45
26 48
26 52
26 55
26 56
26 57
26 60
26 61
26 62
26 64
26 65
26 66
26 70
26 71
26 74
26 78
26 79
26 80
26 81
26 82
26 84
26 85
26 89
26 93
26 98
27 28
27 29
27 30
27 31
27 32
27 33
27 34
27 35
27 36
27 37
27 38
27 39
27 41
27 42
27 43
27 46
27 47
27 48
27 49
27 50
27 51
27 56
27 57
27 59
27 62
27 65
27 68
27 69
27 74
27 75
27 76
27 78
27 79
27 81
27 86
27 91
27 94
27 95
27 97
28 30
28 31
28 32
28 33
28 34
28 35
28 36
28 37
28 38
28 40
28 42
28 43
28 46
28 47
28 48
28 49
28 51
28 52
28 53
28 54
28 55
28 56
28 57
28 59
28 60
28 61
28 62
28 65
28 66
28 69
28 71
28 72
28 73
28 76
28 81
28 84
28 86
28 87
28 90
28 93
28 95
29 31
29 32
29 33
29 34
29 35
29 36
29 37
29 39
29 40
29 41
29 42
29 44
29 47
29 49
29 53
29 55
29 59
29 61
29 64
29 66
29 67
29 68
29 70
29 77
29 78
29 80
29 82
29 84
29 87
29 88
29 91
29 93
30 31
30 32
30 33
30 34
30 35
30 37
30 38
30 40
30 45
30 46
30 48
30 54
30 57
30 58
30 60
30 61
30 63
30 64
30 71
30 73
30 75
30 76
30 77
30 78
30 90
30 91
30 95
30 97
30 99
31 32
31 34
31 35
31 37
31 38
31 39
31 40
31 41
31 43
31 44
31 45
31 46
31 49
31 50
31 52
31 54
31 55
31 56
31 60
31 63
31 69
31 70
31 72
31 73
31 75
31 77
31 80
31 81
31 84
31 92
31 94
31 96
31 97
32 34
32 36
32 39
32 40
32 43
32 46
32 52
32 54
32 61
32 62
32 65
32 67
32 69
32 72
32 76
32 82
32 84
32 86
32 89
32 91
33 34
33 40
33 45
33 47
33 48
33 50
33 53
33 54
33 55
33 60
33 61
33 66
33 67
33 71
33 78
33 79
33 81
33 86
33 89
33 90
33 91
33 93
33 96
34 36
34 38
34 42
34 47
34 48
34 51
34 55
34 57
34 59
34 60
34 62
34 63
34 68
34 69
34 71
34 74
34 75
34 77
34 80
34 81
34 84
34 86
34 89
34 91
34 93
34 94
35 37
35 38
35 43
35 44
35 48
35 50
35 52
35 53
35 56
35 58
35 60
35 63
35 65
35 68
35 70
35 71
35 74
35 75
35 78
35 79
35 91
35 92
35 94
36 39
36 41
36 44
36 60
36 68
36 72
36 76
36 79
36 86
36 99
37 40
37 41
37 42
37 44
37 46
37 47
37 52
37 53
37 54
37 56
37 57
37 58
37 61
37 64
37 66
37 69
37 72
37 73
37 76
37 81
37 86
37 88
37 92
37 95
37 98
38 40
38 41
38 45
38 46
38 49
38 51
38 57
38 61
38 63
38 64
38 65
38 66
38 70
38 71
38 72
38 76
38 83
38 86
38 88
38 90
39 40
39 44
39 45
39 54
39 57
39 58
39 63
39 66
39 72
39 86
39 89
39 90
40 41
40 43
40 45
40 47
40 52
40 54
40 58
40 59
40 62
40 64
40 72
40 73
40 74
40 75
40 76
40 78
40 80
40 83
40 88
40 90
40 91
40 94
40 95
40 96
41 42
41 44
41 45
41 46
41 50
41 51
41 58
41 62
41 66
41 68
41 69
41 73
41 77
41 80
41 82
41 84
41 88
42 43
42 46
42 48
42 50
42 52
42 55
42 58
42 60
42 62
42 64
42 65
42 67
42 70
42 73
42 74
42 79
42 89
42 92
42 99
43 46
43 48
43 49
43 51
43 52
43 53
43 55
43 58
43 60
43 62
43 69
43 71
43 76
43 77
43 83
43 86
43 89
43 93
43 98
44 48
44 52
44 57
44 62
44 65
44 68
44 82
44 86
44 88
44 93
44 95
45 47
45 50
45 55
45 61
45 63
45 64
45 65
45 71
45 72
45 76
45 78
45 85
45 87
45 94
45 95
46 47
46 51
46 53
46 61
46 62
46 63
46 66
46 68
46 69
46 70
46 72
46 78
46 79
46 80
46 81
46 87
46 88
46 89
46 99
47 49
47 52
47 56
47 58
47 62
47 65
47 70
47 74
47 75
47 78
47 79
47 83
47 94
48 49
48 51
48 53
48 54
48 63
48 65
48 77
48 93
48 97
48 98
49 53
49 58
49 59
49 60
49 61
49 63
49 69
49 70
49 76
49 84
49 89
49 97
50 53
50 60
50 61
50 67
50 70
50 76
50 77
50 79
50 85
50 90
50 91
51 54
51 57
51 59
51 63
51 73
51 75
51 85
51 86
51 87
51 93
51 94
51 98
52 56
52 67
52 70
52 77
52 78
52 88
52 95
52 98
53 56
53 61
53 67
53 68
53 74
53 75
53 76
53 87
53 96
54 67
54 68
54 69
54 78
54 87
54 92
54 93
54 97
54 99
55 60
55 64
55 65
55 72
55 73
55 74
55 78
55 83
55 89
55 92
55 97
56 58
56 60
56 61
56 75
56 84
56 95
56 99
57 61
57 65
57 70
57 80
57 82
57 87
57 97
58 65
58 70
58 75
58 78
58 89
58 97
59 67
59 71
59 89
59 90
59 96
59 99
60 61
60 63
60 73
60 74
60 76
60 77
60 79
60 80
60 82
60 88
60 92
60 93
61 62
61 66
61 76
61 77
61 83
61 89
61 90
61 91
61 93
61 94
61 95
62 74
62 83
62 86
62 96
63 65
63 66
63 68
63 69
63 72
63 80
63 82
63 83
63 85
63 87
63 89
63 90
64 67
64 70
64 72
64 73
64 75
64 84
64 91
65 71
65 77
65 87
65 90
65 91
65 99
66 68
66 69
66 73
66 79
66 81
66 82
66 87
66 92
66 96
67 69
67 82
67 83
67 84
67 88
67 94
67 95
67 98
67 99
68 97
68 99
69 71
69 85
69 98
70 75
70 76
70 77
70 85
70 87
70 88
70 90
70 94
70 97
71 74
71 79
71 85
72 74
72 84
72 85
72 87
72 91
73 79
73 85
73 86
73 93
74 77
74 81
74 82
74 84
74 93
74 97
75 85
75 89
75 94
76 77
76 82
76 98
77 79
77 81
77 83
77 96
77 97
78 81
78 92
78 96
79 80
79 86
79 89
79 92
79 97
80 83
81 84
81 96
82 92
82 95
83 84
83 87
83 88
83 93
83 96
84 88
84 95
84 99
86 91
88 90
89 95
90 95
91 99
98 99
