51454
58894
56874
55516
50278
58910
57525
50236
53822
58088
51392
50872
56429
54957
51223
54590
53024
53068
58047
54173
50352
55125
57953
51519
57056
52194
50806
53820
51733
56991
58756
54722
54638
57647
56964
51399
59282
52430
53892
52283
54813
55981
53636
50762
57964
53291
57816
59994
50086
52311
58659
52849
51373
53838
50813
57297
50844
57205
52700
50676
57610
55584
52731
57045
54909
53034
52543
56288
56766
52045
57903
58122
54334
50211
53263
58342
58426
59864
52097
55804
52255
53075
56870
56346
51334
56270
56738
51058
52436
50354
59818
56640
56423
54971
58614
58193
50585
52400
53066
55636
58647
58006
59721
58006
54880
55017
55925
52049
53590
54838
59672
52968
57761
52142
51448
58123
51660
54647
53940
52340
55445
59550
52242
59720
56213
53328
59359
57636
57353
54056
55317
58918
51510
56504
51347
56122
51789
59245
57999
50072
58254
51443
53672
50986
58276
50878
59123
55754
59146
57313
59437
51673
59644
55646
54903
58092
57107
51205
57788
51915
57909
57230
50704
55859
55099
54074
59302
54275
53000
54627
59995
56325
58865
55894
54067
56518
56688
56473
55816
57912
59307
59784
57168
52533
52244
53482
57486
55686
59941
50809
52011
50058
50855
56436
51133
58093
50328
57728
51979
58727
