167
155
177
133
174
189
149
104
105
109
133
127
162
121
101
129
121
102
138
155
174
128
173
116
142
180
192
186
128
176
132
117
154
173
144
116
122
162
111
120
167
104
107
103
168
163
184
103
106
150
158
168
109
197
200
123
158
120
167
161
119
153
156
160
146
200
103
134
143
182
175
200
184
147
144
128
108
148
108
195
177
157
128
153
170
180
144
159
152
166
186
197
137
157
130
141
181
198
192
106
123
112
196
122
133
115
187
133
107
129
143
122
144
103
192
118
108
136
136
160
155
167
175
117
194
161
174
169
151
128
119
185
127
161
200
190
184
154
128
108
127
139
197
191
129
168
199
104
103
102
193
143
147
144
153
128
138
118
140
176
102
184
144
147
147
165
179
132
128
166
143
128
200
151
175
115
192
197
149
159
160
110
120
177
121
166
179
125
139
135
146
194
140
124
166
130
107
161
131
187
105
169
163
169
171
111
162
191
179
134
163
132
117
189
186
109
152
118
141
131
189
123
161
150
183
195
113
154
191
144
132
111
183
120
155
184
173
160
134
200
128
170
139
191
189
112
173
198
152
191
148
115
116
103
123
137
104
125
179
175
153
152
103
172
150
182
173
114
198
183
146
127
154
166
196
143
142
106
159
154
188
192
169
159
144
105
127
149
197
137
149
113
168
132
136
186
117
136
154
195
