130
126
119
143
102
119
135
122
161
158
186
104
149
193
111
141
147
112
199
102
171
197
135
161
121
200
167
169
117
183
124
161
182
142
106
191
174
138
139
188
111
143
157
101
136
147
124
155
144
194
129
142
125
144
158
176
174
172
174
151
126
177
151
136
119
116
111
173
156
190
119
190
104
144
190
167
182
166
116
170
163
166
195
180
199
198
115
173
175
184
195
175
117
192
173
120
177
150
177
193
