0	1	5
0	3	42
0	4	61
0	6	33
0	9	53
0	11	81
0	13	92
0	17	56
0	21	36
0	24	4
0	25	36
0	28	82
0	32	27
0	34	62
0	37	36
0	42	86
0	44	67
0	45	86
0	47	91
0	54	61
0	56	5
0	57	59
0	60	92
0	62	86
0	64	84
0	65	29
0	66	61
0	69	45
0	71	26
0	72	10
0	86	82
0	88	53
0	97	11
1	7	89
1	10	94
1	15	28
1	18	79
1	28	36
1	32	47
1	34	6
1	39	85
1	40	6
1	43	46
1	48	15
1	53	65
1	56	43
1	60	21
1	61	69
1	63	92
1	65	53
1	68	17
1	72	78
1	73	9
1	79	46
1	88	3
1	90	48
1	98	53
2	4	80
2	6	7
2	8	9
2	9	21
2	16	85
2	17	46
2	20	87
2	21	63
2	23	13
2	26	4
2	27	84
2	35	60
2	36	24
2	44	18
2	48	15
2	51	3
2	54	37
2	57	10
2	58	76
2	59	62
2	66	77
2	69	5
2	70	77
2	73	42
2	77	68
2	79	3
2	83	64
2	86	54
2	91	35
2	92	17
2	94	23
2	97	44
2	99	27
3	8	69
3	10	51
3	17	88
3	18	42
3	22	78
3	27	37
3	30	25
3	34	49
3	40	73
3	44	84
3	45	91
3	46	8
3	47	34
3	50	57
3	52	37
3	53	12
3	61	85
3	70	87
3	78	28
3	79	8
3	81	50
3	85	73
3	86	78
3	88	77
3	90	42
3	92	49
3	96	4
4	5	64
4	6	76
4	10	55
4	11	9
4	12	38
4	13	86
4	14	11
4	18	28
4	20	1
4	34	63
4	36	11
4	38	15
4	40	67
4	44	78
4	45	2
4	46	96
4	51	59
4	52	87
4	53	36
4	55	31
4	61	65
4	64	47
4	65	72
4	68	30
4	69	46
4	73	9
4	76	12
4	86	79
4	87	68
4	89	81
4	91	70
4	94	14
4	96	47
5	19	10
5	31	25
5	32	96
5	35	43
5	39	23
5	40	83
5	41	43
5	44	80
5	53	77
5	58	3
5	59	75
5	72	75
5	73	55
5	75	9
5	76	30
5	83	66
5	85	70
5	86	58
5	90	60
5	93	62
5	94	26
6	9	64
6	11	31
6	14	15
6	18	8
6	25	53
6	29	19
6	30	7
6	38	94
6	46	1
6	49	30
6	53	16
6	61	33
6	65	42
6	67	71
6	72	87
6	75	41
6	78	55
6	79	72
6	82	67
6	85	29
6	86	92
6	87	92
6	88	31
6	92	86
6	93	14
6	94	8
7	14	53
7	15	22
7	17	51
7	18	30
7	22	85
7	23	3
7	24	87
7	26	14
7	31	10
7	32	36
7	38	89
7	45	20
7	48	30
7	50	79
7	52	61
7	56	26
7	59	13
7	65	26
7	69	26
7	70	32
7	71	90
7	73	50
7	79	35
7	82	23
7	86	27
7	91	20
7	97	52
7	98	82
8	9	37
8	11	22
8	15	20
8	18	7
8	21	42
8	23	45
8	31	5
8	32	89
8	37	8
8	42	12
8	44	34
8	45	39
8	48	51
8	49	4
8	54	36
8	57	9
8	62	22
8	64	30
8	66	87
8	70	13
8	73	79
8	75	62
8	77	2
8	78	54
8	79	43
8	83	52
8	84	100
8	89	4
8	92	84
8	94	17
8	98	25
9	11	40
9	18	99
9	21	88
9	25	5
9	26	17
9	27	94
9	28	33
9	29	77
9	30	96
9	31	65
9	33	69
9	34	18
9	35	20
9	38	41
9	39	76
9	40	58
9	43	49
9	44	29
9	45	84
9	46	64
9	47	30
9	51	10
9	52	2
9	53	10
9	57	72
9	60	50
9	63	27
9	70	48
9	71	31
9	74	81
9	77	100
9	78	62
9	80	99
9	83	67
9	84	60
9	87	48
9	88	9
9	96	24
9	98	72
10	11	67
10	13	30
10	15	81
10	23	75
10	26	86
10	29	90
10	33	47
10	37	73
10	38	66
10	39	94
10	42	53
10	43	81
10	48	10
10	50	67
10	51	95
10	52	100
10	55	91
10	59	56
10	61	88
10	66	45
10	68	50
10	69	42
10	73	6
10	76	82
10	80	95
10	82	58
10	89	13
10	92	16
10	94	53
10	97	18
10	99	4
11	12	44
11	13	56
11	18	34
11	21	67
11	23	56
11	24	52
11	27	25
11	30	36
11	32	89
11	34	46
11	40	84
11	44	9
11	49	12
11	50	95
11	53	62
11	54	95
11	56	73
11	64	46
11	66	58
11	68	49
11	84	67
11	86	1
11	88	68
11	90	47
11	98	86
12	16	66
12	18	94
12	22	1
12	23	41
12	25	60
12	26	49
12	29	33
12	37	7
12	39	1
12	40	21
12	43	35
12	46	77
12	47	12
12	53	38
12	55	15
12	60	35
12	61	78
12	63	76
12	70	69
12	72	36
12	74	8
12	76	52
12	78	79
12	81	69
12	85	28
12	87	89
12	98	13
12	99	26
13	15	55
13	16	95
13	18	36
13	27	16
13	29	24
13	37	37
13	38	31
13	49	28
13	53	85
13	58	88
13	59	64
13	60	66
13	62	76
13	63	31
13	64	93
13	69	89
13	76	70
13	79	13
13	80	36
13	82	84
13	84	21
13	85	31
13	92	21
13	93	68
13	96	61
14	29	71
14	32	63
14	38	87
14	39	87
14	40	69
14	43	10
14	44	71
14	45	25
14	46	20
14	52	20
14	53	3
14	55	54
14	57	92
14	60	35
14	61	41
14	65	48
14	66	26
14	74	49
14	92	16
14	95	88
15	20	93
15	21	64
15	22	31
15	28	68
15	29	62
15	40	45
15	41	62
15	43	23
15	46	96
15	51	5
15	53	1
15	56	79
15	58	52
15	65	38
15	67	55
15	72	57
15	75	59
15	80	19
15	82	75
15	84	71
15	87	1
15	90	21
15	93	5
15	95	64
15	99	90
16	22	97
16	24	79
16	27	76
16	28	41
16	33	61
16	35	42
16	36	85
16	37	59
16	40	68
16	41	22
16	44	81
16	46	44
16	59	98
16	62	25
16	66	56
16	74	55
16	75	27
16	89	12
16	93	83
16	97	67
17	20	87
17	22	1
17	24	29
17	26	66
17	31	76
17	34	61
17	38	79
17	43	99
17	46	59
17	47	18
17	56	40
17	61	96
17	62	16
17	63	95
17	67	65
17	71	80
17	73	18
17	77	43
17	82	27
17	83	99
17	89	9
17	90	72
17	95	50
17	99	6
18	20	74
18	21	73
18	22	84
18	25	47
18	35	76
18	36	42
18	37	85
18	43	29
18	46	93
18	47	30
18	55	41
18	56	29
18	58	81
18	63	71
18	78	53
18	79	46
18	83	92
18	84	59
18	86	30
18	87	47
18	88	29
18	89	59
18	93	97
19	21	67
19	33	83
19	34	35
19	35	1
19	36	11
19	44	37
19	45	23
19	46	77
19	55	82
19	58	86
19	71	7
19	73	61
19	76	8
19	78	96
19	80	23
19	90	100
19	94	88
20	23	56
20	26	23
20	34	3
20	35	16
20	45	52
20	48	23
20	49	81
20	51	24
20	52	71
20	57	90
20	59	56
20	63	18
20	71	24
20	78	70
20	81	63
20	84	40
20	87	78
20	88	73
20	89	32
20	92	76
20	97	80
20	98	56
21	24	90
21	28	7
21	29	62
21	32	50
21	35	76
21	37	59
21	42	81
21	48	12
21	50	45
21	51	79
21	56	80
21	57	87
21	58	86
21	59	26
21	60	82
21	62	47
21	63	40
21	64	19
21	70	94
21	72	53
21	75	34
21	76	28
21	78	78
21	80	58
21	81	23
21	83	53
21	88	93
21	99	6
22	23	7
22	24	14
22	28	34
22	29	28
22	32	71
22	38	67
22	41	26
22	43	73
22	50	27
22	54	2
22	57	84
22	60	98
22	63	17
22	65	71
22	78	78
22	88	42
22	92	69
22	93	93
22	94	41
22	99	76
23	24	49
23	27	81
23	31	2
23	33	25
23	34	1
23	41	35
23	42	97
23	44	38
23	49	81
23	50	7
23	52	93
23	55	95
23	58	22
23	60	78
23	61	65
23	63	49
23	64	65
23	74	33
23	83	30
23	85	62
23	87	78
23	88	55
23	91	24
23	95	84
23	96	47
23	98	19
24	28	37
24	30	32
24	32	50
24	37	2
24	40	41
24	42	90
24	46	72
24	54	80
24	55	12
24	60	66
24	73	44
24	76	11
24	78	66
24	81	18
24	82	25
24	93	66
24	98	55
25	26	78
25	30	93
25	40	50
25	43	50
25	44	31
25	45	2
25	50	22
25	54	5
25	55	46
25	59	86
25	70	51
25	71	16
25	72	43
25	76	86
25	77	65
25	85	59
25	86	4
25	87	41
25	91	51
25	92	14
25	98	68
25	99	51
26	28	52
26	33	86
26	41	87
26	43	45
26	48	34
26	49	58
26	50	77
26	52	21
26	58	36
26	59	98
26	61	1
26	62	63
26	63	73
26	80	91
26	83	85
26	88	32
26	91	97
26	92	64
26	93	77
26	94	40
26	95	51
26	99	74
27	34	49
27	37	97
27	38	39
27	42	93
27	50	76
27	51	71
27	52	67
27	56	53
27	59	56
27	61	35
27	62	3
27	73	80
27	76	67
27	77	92
27	78	62
27	81	44
27	82	86
27	88	65
27	93	15
27	94	71
27	97	18
28	34	37
28	37	94
28	39	57
28	40	57
28	41	51
28	43	45
28	44	77
28	56	72
28	57	3
28	61	29
28	70	81
28	73	26
28	75	30
28	80	75
28	82	12
28	84	60
28	93	94
28	94	98
28	97	41
29	32	7
29	37	18
29	39	64
29	41	17
29	51	38
29	53	46
29	56	35
29	58	95
29	61	11
29	65	33
29	66	65
29	73	53
29	77	99
29	78	66
29	79	86
29	81	84
29	82	12
29	83	83
29	84	5
29	85	77
29	89	24
30	31	40
30	34	4
30	38	98
30	39	42
30	40	64
30	44	35
30	47	66
30	49	100
30	55	21
30	58	35
30	59	31
30	62	32
30	65	19
30	69	19
30	70	74
30	72	30
30	73	11
30	74	27
30	87	40
30	91	60
30	96	1
30	99	47
31	32	38
31	35	62
31	36	60
31	37	90
31	39	84
31	41	39
31	42	54
31	45	12
31	46	89
31	47	22
31	50	2
31	51	58
31	53	60
31	56	13
31	57	51
31	61	25
31	62	60
31	64	29
31	67	72
31	69	4
31	74	62
31	76	32
31	77	83
31	83	94
31	87	43
31	89	74
31	92	14
31	93	44
31	97	83
31	99	16
32	44	88
32	48	32
32	50	49
32	52	35
32	56	87
32	58	31
32	59	48
32	65	53
32	68	62
32	70	63
32	73	59
32	78	17
32	93	100
32	97	94
32	98	67
33	35	16
33	38	44
33	43	26
33	46	76
33	61	85
33	66	21
33	67	5
33	70	89
33	75	11
33	81	82
33	82	79
33	90	60
33	92	38
33	94	40
34	40	25
34	41	35
34	43	1
34	49	34
34	51	2
34	53	36
34	54	15
34	63	4
34	68	37
34	70	54
34	75	39
34	79	35
34	81	46
34	82	55
34	83	58
34	87	59
34	95	48
34	96	45
35	37	35
35	41	3
35	46	30
35	49	33
35	51	19
35	56	85
35	58	4
35	59	5
35	64	41
35	68	16
35	70	100
35	81	31
35	86	7
35	89	42
35	92	69
35	95	45
35	97	55
36	38	12
36	43	27
36	46	9
36	49	27
36	56	11
36	60	33
36	65	14
36	66	97
36	68	34
36	71	93
36	72	100
36	73	95
36	74	8
36	80	25
36	85	14
36	89	51
36	90	77
36	92	79
37	42	12
37	43	7
37	52	81
37	53	99
37	66	61
37	68	17
37	71	59
37	72	7
37	78	12
37	79	99
37	81	68
37	85	16
37	87	34
37	93	55
37	94	77
37	95	17
37	96	1
37	97	46
37	98	27
37	99	79
38	40	16
38	42	87
38	43	57
38	52	96
38	53	53
38	54	96
38	58	6
38	74	60
38	76	39
38	78	86
38	81	43
38	82	97
38	85	20
38	87	87
38	88	54
38	98	7
39	42	86
39	44	40
39	48	10
39	55	66
39	56	75
39	62	94
39	66	1
39	70	37
39	72	6
39	74	100
39	78	1
39	79	24
39	81	99
39	82	79
39	83	58
39	84	31
39	85	47
39	86	16
39	88	75
39	89	11
39	90	74
39	96	14
40	47	13
40	50	18
40	56	91
40	57	50
40	61	82
40	63	37
40	66	57
40	68	15
40	71	9
40	76	49
40	78	78
40	81	48
40	82	98
40	87	48
40	89	98
40	91	6
40	92	30
40	95	76
40	99	75
41	42	77
41	45	57
41	49	39
41	51	69
41	55	100
41	56	88
41	59	84
41	63	79
41	65	42
41	72	65
41	75	29
41	78	98
41	81	84
41	83	51
41	86	25
41	89	27
41	90	73
41	93	1
42	43	55
42	44	45
42	49	42
42	50	35
42	52	22
42	58	9
42	59	23
42	61	74
42	67	55
42	80	53
42	81	40
42	90	70
42	93	54
42	96	85
42	97	6
42	98	11
43	49	90
43	50	67
43	53	65
43	58	83
43	60	20
43	71	73
43	72	66
43	73	49
43	84	75
43	85	54
43	87	52
43	89	6
43	91	86
43	94	72
43	95	62
44	46	92
44	57	74
44	64	61
44	66	26
44	68	46
44	70	34
44	72	28
44	82	32
44	84	85
44	87	38
44	89	34
44	90	62
44	91	31
44	97	28
45	46	17
45	52	51
45	57	2
45	59	9
45	64	10
45	65	67
45	69	42
45	71	19
45	73	54
45	76	85
45	79	32
45	80	8
45	83	30
45	87	53
45	90	50
45	96	44
45	99	72
46	50	74
46	52	40
46	59	38
46	63	96
46	77	43
46	80	32
46	81	98
46	96	36
46	99	14
47	51	71
47	52	33
47	54	98
47	60	30
47	69	19
47	71	74
47	76	10
47	79	11
47	80	72
47	81	43
47	83	18
47	86	15
47	87	58
47	92	7
47	94	73
47	95	80
47	96	50
48	49	66
48	55	68
48	56	76
48	59	95
48	63	25
48	65	25
48	71	45
48	75	3
48	77	64
48	80	42
48	82	3
48	83	98
48	86	76
48	88	37
48	91	61
48	95	72
48	98	58
49	54	43
49	63	51
49	66	32
49	67	43
49	70	75
49	71	95
49	73	17
49	74	55
49	76	48
49	79	23
49	84	6
50	55	38
50	59	80
50	61	78
50	63	99
50	65	12
50	67	38
50	70	70
50	72	48
50	75	21
50	81	95
50	82	28
50	83	72
50	84	13
50	85	46
50	87	17
50	88	31
50	90	86
50	95	64
51	52	46
51	54	2
51	55	15
51	60	68
51	63	24
51	69	59
51	72	91
51	73	26
51	74	20
51	75	83
51	76	13
51	83	41
51	86	36
51	90	80
51	94	25
51	97	81
52	53	14
52	60	47
52	64	45
52	69	57
52	70	35
52	71	5
52	82	13
52	83	46
52	85	38
52	87	62
52	90	32
52	92	24
52	94	3
53	54	90
53	57	59
53	60	28
53	68	42
53	72	1
53	73	52
53	74	36
53	78	66
53	82	68
53	83	93
53	88	10
53	91	98
53	92	47
53	98	40
54	55	55
54	56	53
54	57	30
54	59	94
54	60	77
54	66	26
54	68	64
54	69	38
54	73	64
54	76	49
54	82	96
54	87	24
54	88	87
54	95	90
54	97	97
55	62	76
55	65	5
55	66	89
55	68	4
55	71	45
55	74	88
55	76	7
55	80	90
55	81	81
55	83	18
55	87	94
55	88	25
55	90	39
56	61	24
56	68	92
56	71	37
56	84	64
56	85	53
56	86	49
56	88	41
56	90	82
56	95	45
56	96	18
56	97	80
57	60	90
57	62	23
57	68	56
57	69	14
57	71	61
57	72	85
57	73	53
57	75	27
57	76	71
57	79	72
57	82	43
57	85	98
57	91	49
57	93	84
57	94	31
57	95	55
57	97	18
58	72	10
58	77	71
58	78	53
58	87	99
58	88	37
58	90	3
58	92	75
58	93	19
58	96	82
58	98	49
58	99	67
59	64	14
59	72	46
59	73	39
59	84	80
59	86	13
59	88	36
59	90	89
59	93	39
59	94	95
59	99	27
60	62	24
60	66	54
60	69	78
60	71	13
60	74	86
60	75	85
60	87	20
60	89	13
61	62	59
61	72	85
61	78	76
61	84	4
61	86	49
61	87	72
61	88	46
61	91	94
62	63	43
62	66	61
62	69	18
62	72	87
62	73	39
62	76	23
62	83	4
62	86	33
62	88	42
62	90	25
62	91	6
62	92	60
62	93	86
62	97	96
62	99	3
63	64	53
63	65	7
63	67	41
63	68	72
63	69	29
63	82	5
63	91	68
63	95	21
63	97	57
63	98	80
64	65	87
64	67	96
64	69	66
64	77	2
64	79	83
64	80	16
64	86	65
64	91	98
64	95	7
64	98	40
64	99	23
65	69	63
65	79	8
65	82	90
65	83	18
65	87	35
65	95	87
65	96	70
65	99	99
66	72	50
66	80	25
66	83	92
66	84	100
66	88	42
66	92	81
66	96	16
66	99	56
67	69	43
67	72	80
67	73	83
67	78	6
67	82	34
67	84	96
67	88	75
67	90	63
67	97	85
67	99	19
68	79	60
68	83	34
68	84	45
68	85	17
68	86	70
68	88	61
68	93	30
69	70	39
69	71	20
69	72	65
69	74	61
69	75	65
69	79	45
69	82	73
69	85	79
69	87	81
70	78	47
70	80	23
70	81	83
70	83	76
70	85	26
70	86	80
70	88	36
70	90	51
70	92	100
70	94	21
70	99	43
71	75	14
71	76	89
71	77	75
71	82	16
71	85	66
71	87	68
71	89	64
71	92	99
71	94	5
72	74	12
72	75	23
72	84	44
72	85	66
72	86	99
72	90	74
72	91	55
72	98	33
73	83	81
73	87	48
73	88	37
73	95	65
74	80	88
74	87	34
74	89	19
74	90	21
74	93	89
74	96	10
75	77	26
75	78	53
75	84	96
75	85	89
75	87	66
75	90	91
75	91	61
75	92	55
75	95	16
75	98	38
76	77	6
76	87	51
76	94	71
76	97	92
77	81	99
77	83	7
77	84	42
77	97	72
78	79	36
78	82	89
78	84	72
78	92	13
78	96	36
78	98	57
79	87	84
79	89	36
79	90	1
79	93	64
79	99	36
80	83	42
80	87	76
80	88	35
80	89	66
80	91	5
80	92	3
80	97	45
81	82	73
81	83	60
81	84	23
81	86	31
81	89	41
81	96	51
81	98	92
82	84	40
82	85	72
82	87	88
82	88	83
82	93	6
82	97	51
82	99	76
83	86	39
83	92	26
83	97	35
83	98	36
84	86	68
84	87	8
84	99	31
85	86	47
85	87	32
85	92	71
85	94	87
85	95	67
85	98	22
86	90	72
86	94	36
86	97	100
86	99	97
87	91	64
87	94	69
87	97	7
87	99	28
88	90	86
88	93	64
88	94	4
88	99	36
89	91	48
90	91	46
90	93	64
90	94	41
90	98	11
91	92	98
91	97	3
91	98	48
92	93	50
92	98	46
93	94	45
95	98	92
95	99	12
96	97	82
