53795
55514
52277
54400
54344
58261
52446
56307
55499
57189
55085
51655
58678
55807
58996
59251
59844
55481
52285
58262
54999
54487
50275
58163
58167
57479
56288
55651
51273
58660
56716
52199
55689
56279
55148
56962
52243
52586
50553
50846
50964
57594
58347
56912
51479
54307
50304
53484
54984
52207
57306
52574
55503
51937
56828
51590
51782
57023
57318
54241
54297
55300
51006
53987
55139
54855
56148
53774
59262
51137
55390
55975
56728
54519
56020
53179
54076
56325
57022
58812
51845
53380
53255
56958
50389
57657
50197
55256
56137
52588
55326
57910
57131
57183
55136
50322
58802
50999
50044
52814
