158
194
195
105
160
190
178
121
177
119
190
100
109
162
138
109
199
190
127
147
148
151
197
110
104
148
146
123
105
112
186
140
138
102
137
166
163
192
167
132
131
184
178
128
172
156
140
153
108
167
102
189
168
190
100
194
196
180
200
135
185
177
172
163
131
154
127
100
102
114
151
122
137
105
192
189
190
133
172
143
130
107
142
139
116
135
109
187
167
119
192
158
146
164
125
155
113
120
151
109
