162
193
125
162
135
110
181
193
151
121
195
143
153
145
110
122
184
176
102
138
128
181
135
132
108
196
177
157
110
196
106
152
114
160
146
166
167
199
166
200
156
188
157
136
113
197
187
130
168
184
165
174
137
114
143
160
127
108
106
149
142
200
129
181
195
125
144
139
193
194
196
173
139
145
126
122
132
114
138
124
144
200
144
109
161
140
111
200
136
123
114
120
178
131
131
182
190
131
131
195
163
196
148
105
196
120
130
156
126
120
154
100
126
100
175
185
177
111
152
100
143
152
189
145
106
122
106
117
138
159
180
178
148
149
133
168
193
168
118
111
178
151
116
168
182
131
123
163
122
160
144
110
140
163
117
159
167
196
185
120
149
150
133
112
110
165
112
152
162
178
154
117
150
118
124
127
173
193
165
141
184
138
152
176
140
138
127
183
147
113
137
104
172
113
179
114
121
137
175
174
