0	3	64
0	4	40
0	5	13
0	11	53
0	17	4
0	22	23
0	25	16
0	27	59
0	31	41
0	32	56
0	35	34
0	39	88
0	42	43
0	43	43
0	44	33
0	49	35
0	51	30
0	53	81
0	55	60
0	57	30
0	58	80
0	59	38
0	60	22
0	68	29
0	70	27
0	72	91
0	76	46
0	78	50
0	79	91
0	83	32
0	90	13
0	94	17
0	95	28
0	96	69
0	99	1
0	100	32
0	101	30
0	103	68
0	107	40
0	109	79
0	112	44
0	114	80
0	117	27
0	123	9
0	128	95
0	130	21
0	131	19
0	133	79
0	134	21
0	140	53
0	145	54
0	146	35
0	147	63
0	148	60
0	150	65
0	151	22
0	155	86
0	156	35
0	157	38
0	160	98
0	162	50
0	166	76
0	168	49
0	172	89
0	173	13
0	175	86
0	178	72
0	189	23
0	192	7
0	196	78
1	2	61
1	4	77
1	5	8
1	6	22
1	7	22
1	9	47
1	12	23
1	17	6
1	19	16
1	24	49
1	27	68
1	30	88
1	31	38
1	32	90
1	40	90
1	43	73
1	51	83
1	58	72
1	80	10
1	83	47
1	84	70
1	86	48
1	89	96
1	91	82
1	92	57
1	103	48
1	104	79
1	105	52
1	106	81
1	107	5
1	115	5
1	116	61
1	122	17
1	124	51
1	126	36
1	130	7
1	132	8
1	140	15
1	144	75
1	151	8
1	152	64
1	153	38
1	154	52
1	156	68
1	158	63
1	162	24
1	165	16
1	167	10
1	172	74
1	175	22
1	179	45
1	181	2
1	187	26
1	192	59
2	12	38
2	15	16
2	16	23
2	17	49
2	19	78
2	20	52
2	23	28
2	24	75
2	27	31
2	42	4
2	46	91
2	50	51
2	59	44
2	60	38
2	63	29
2	66	66
2	67	83
2	70	59
2	73	59
2	78	82
2	87	34
2	91	78
2	92	91
2	94	89
2	95	98
2	96	14
2	98	32
2	99	10
2	105	18
2	109	65
2	114	57
2	118	35
2	119	3
2	121	33
2	122	22
2	125	77
2	126	52
2	127	6
2	139	6
2	144	36
2	158	46
2	161	54
2	163	53
2	168	1
2	177	8
2	178	32
2	179	41
2	180	36
2	184	75
2	185	16
2	187	86
2	188	55
2	190	9
2	193	86
2	194	36
2	195	38
3	5	2
3	9	63
3	11	89
3	14	84
3	15	27
3	16	13
3	21	57
3	27	42
3	30	15
3	32	72
3	35	18
3	41	44
3	43	34
3	45	89
3	48	74
3	50	100
3	51	39
3	61	58
3	67	30
3	69	7
3	74	67
3	76	4
3	77	45
3	79	55
3	81	8
3	85	14
3	87	93
3	90	72
3	96	49
3	98	82
3	102	59
3	103	60
3	104	21
3	105	48
3	106	26
3	112	97
3	114	6
3	117	35
3	121	11
3	124	22
3	126	81
3	129	20
3	132	51
3	135	39
3	143	73
3	154	2
3	160	62
3	161	98
3	164	100
3	165	73
3	178	85
3	186	18
3	187	74
3	191	88
3	192	5
3	194	41
3	195	29
4	6	30
4	8	18
4	10	20
4	11	56
4	12	47
4	14	44
4	16	86
4	17	86
4	23	29
4	24	13
4	25	15
4	27	99
4	29	18
4	31	30
4	36	40
4	46	93
4	51	31
4	56	10
4	57	80
4	65	68
4	69	18
4	70	80
4	74	10
4	88	10
4	91	8
4	94	94
4	97	49
4	98	94
4	104	27
4	105	79
4	106	2
4	107	36
4	110	14
4	118	15
4	124	85
4	126	53
4	127	68
4	130	91
4	132	68
4	133	24
4	135	35
4	139	86
4	140	15
4	144	68
4	147	59
4	149	65
4	151	1
4	153	99
4	154	5
4	157	56
4	167	34
4	172	61
4	175	17
4	180	56
4	181	55
4	190	2
4	198	63
5	6	37
5	7	54
5	8	9
5	12	11
5	14	99
5	16	72
5	27	52
5	29	1
5	32	25
5	40	8
5	44	85
5	48	64
5	53	50
5	57	81
5	59	73
5	62	88
5	67	70
5	73	27
5	77	31
5	80	71
5	84	16
5	88	28
5	90	62
5	92	1
5	94	79
5	95	26
5	98	11
5	101	92
5	103	42
5	116	15
5	117	84
5	118	88
5	122	2
5	123	58
5	124	16
5	127	20
5	128	97
5	137	10
5	141	56
5	143	83
5	145	98
5	147	81
5	148	58
5	150	16
5	155	61
5	159	84
5	160	91
5	161	32
5	163	74
5	166	39
5	171	64
5	182	11
5	186	50
5	189	24
5	192	40
5	196	46
5	199	77
6	7	8
6	8	12
6	23	93
6	26	25
6	29	16
6	30	58
6	34	19
6	36	99
6	39	96
6	44	98
6	49	100
6	50	9
6	56	5
6	58	22
6	59	25
6	61	8
6	68	51
6	71	90
6	73	24
6	75	79
6	76	25
6	80	36
6	82	76
6	83	60
6	87	100
6	91	95
6	92	77
6	99	93
6	104	10
6	105	66
6	107	18
6	110	51
6	113	77
6	115	54
6	126	44
6	127	22
6	128	53
6	132	4
6	135	8
6	139	65
6	143	68
6	145	73
6	148	99
6	150	25
6	157	4
6	159	99
6	160	69
6	163	17
6	168	3
6	185	19
6	187	56
6	189	56
6	191	95
6	192	42
6	199	87
7	17	15
7	21	75
7	24	36
7	26	37
7	30	94
7	32	95
7	35	83
7	36	23
7	38	46
7	40	69
7	41	27
7	42	15
7	53	15
7	59	98
7	61	76
7	63	21
7	66	72
7	69	78
7	71	13
7	77	53
7	85	96
7	86	12
7	89	44
7	94	90
7	97	77
7	98	64
7	106	38
7	107	17
7	113	63
7	114	64
7	115	54
7	116	23
7	123	83
7	124	31
7	126	72
7	127	72
7	130	57
7	132	11
7	136	99
7	140	56
7	141	86
7	143	51
7	144	58
7	147	51
7	149	76
7	153	50
7	164	91
7	167	83
7	172	69
7	175	89
7	177	82
7	178	90
7	180	68
7	181	30
7	182	27
7	184	12
7	185	31
7	187	46
7	188	55
7	189	27
7	194	84
7	196	28
8	9	77
8	11	58
8	13	88
8	14	98
8	18	10
8	21	87
8	22	80
8	25	64
8	30	19
8	35	96
8	36	98
8	39	90
8	45	88
8	47	63
8	49	40
8	57	3
8	60	40
8	65	97
8	68	12
8	69	95
8	73	25
8	74	37
8	77	91
8	78	17
8	79	28
8	81	7
8	90	45
8	91	29
8	92	80
8	96	92
8	98	80
8	99	71
8	104	65
8	105	35
8	106	35
8	107	74
8	109	11
8	117	98
8	118	28
8	124	18
8	127	75
8	128	74
8	131	60
8	137	56
8	139	54
8	141	82
8	142	50
8	144	89
8	150	11
8	156	58
8	157	30
8	158	36
8	159	88
8	163	78
8	168	7
8	171	25
8	177	4
8	180	40
8	185	30
8	187	1
8	190	39
8	193	97
9	11	39
9	15	13
9	16	82
9	17	16
9	19	25
9	20	33
9	21	14
9	23	53
9	26	8
9	27	34
9	32	2
9	41	53
9	44	24
9	45	95
9	47	45
9	48	84
9	58	63
9	59	89
9	60	35
9	61	48
9	68	99
9	70	31
9	71	51
9	79	74
9	83	96
9	84	81
9	87	78
9	88	86
9	92	36
9	98	30
9	99	9
9	101	33
9	104	80
9	108	59
9	111	87
9	116	93
9	119	88
9	122	15
9	127	31
9	129	42
9	130	83
9	132	48
9	134	33
9	135	45
9	136	93
9	140	90
9	142	13
9	147	91
9	151	16
9	153	82
9	154	61
9	156	77
9	158	54
9	161	14
9	163	85
9	167	5
9	168	6
9	174	33
9	182	60
9	185	98
9	186	1
9	187	67
9	192	65
9	196	58
9	197	37
10	11	18
10	14	47
10	18	42
10	22	4
10	23	75
10	33	72
10	34	35
10	38	42
10	39	31
10	40	99
10	42	14
10	48	29
10	49	79
10	52	1
10	71	43
10	72	72
10	83	21
10	88	2
10	101	1
10	109	62
10	112	34
10	114	44
10	116	20
10	121	4
10	122	92
10	127	57
10	132	68
10	134	19
10	135	31
10	145	15
10	151	74
10	153	28
10	159	37
10	162	10
10	168	78
10	169	6
10	170	90
10	173	45
10	178	74
10	179	85
10	181	88
10	185	29
10	186	72
10	190	6
10	191	14
10	193	100
10	196	66
11	12	98
11	14	45
11	15	40
11	16	75
11	17	47
11	18	41
11	23	63
11	25	40
11	26	94
11	37	2
11	43	57
11	44	76
11	50	55
11	52	46
11	57	31
11	58	85
11	60	99
11	65	28
11	70	1
11	73	58
11	74	96
11	82	59
11	83	65
11	85	73
11	91	45
11	95	73
11	102	49
11	103	79
11	107	18
11	111	14
11	118	16
11	120	58
11	121	20
11	135	24
11	136	40
11	145	30
11	147	66
11	149	16
11	153	30
11	156	65
11	157	2
11	161	76
11	162	35
11	163	65
11	167	19
11	169	36
11	173	97
11	179	92
11	180	28
11	182	68
11	185	11
11	187	78
11	188	29
11	189	91
11	192	15
11	193	35
11	196	24
12	17	39
12	18	57
12	20	85
12	22	81
12	23	75
12	25	26
12	27	6
12	29	30
12	35	31
12	42	58
12	43	18
12	48	53
12	50	11
12	54	100
12	57	44
12	59	73
12	60	61
12	61	82
12	69	37
12	77	58
12	79	56
12	80	96
12	83	55
12	85	57
12	87	11
12	88	79
12	90	7
12	93	89
12	95	40
12	98	48
12	102	80
12	104	34
12	105	55
12	109	48
12	110	71
12	111	77
12	113	10
12	118	76
12	123	43
12	125	31
12	128	35
12	131	23
12	132	7
12	134	15
12	138	65
12	141	10
12	147	79
12	153	96
12	157	37
12	161	82
12	162	75
12	165	53
12	166	56
12	167	10
12	168	71
12	170	98
12	179	30
12	182	63
12	187	32
12	188	100
12	194	30
12	197	56
12	199	33
13	14	15
13	17	51
13	18	5
13	20	45
13	25	77
13	26	14
13	37	37
13	40	93
13	44	27
13	55	98
13	57	30
13	58	89
13	59	68
13	61	64
13	63	25
13	69	32
13	70	60
13	71	78
13	73	27
13	74	6
13	87	85
13	89	41
13	93	88
13	94	8
13	95	96
13	100	30
13	103	71
13	106	8
13	107	24
13	108	77
13	110	61
13	114	61
13	115	69
13	118	93
13	122	57
13	123	32
13	135	44
13	137	30
13	138	93
13	140	35
13	141	9
13	142	91
13	144	49
13	152	50
13	153	81
13	158	8
13	159	65
13	160	13
13	163	83
13	167	13
13	169	86
13	172	33
13	174	58
13	175	72
13	179	60
13	180	64
13	182	44
13	184	3
13	193	82
13	195	35
14	15	57
14	19	6
14	20	57
14	21	92
14	24	47
14	25	38
14	30	77
14	32	38
14	34	28
14	35	13
14	39	10
14	42	91
14	44	98
14	46	78
14	48	93
14	52	36
14	53	86
14	54	24
14	55	52
14	57	69
14	59	73
14	66	45
14	69	4
14	79	49
14	83	81
14	90	7
14	91	18
14	94	19
14	96	39
14	100	11
14	104	23
14	106	85
14	114	91
14	120	24
14	126	34
14	127	34
14	128	98
14	135	45
14	136	20
14	141	88
14	142	94
14	147	100
14	152	25
14	153	39
14	158	35
14	159	11
14	161	40
14	166	97
14	167	18
14	168	39
14	172	1
14	173	19
14	181	44
14	185	65
14	199	70
15	16	34
15	20	99
15	21	86
15	31	88
15	34	76
15	37	38
15	42	95
15	49	31
15	55	10
15	63	32
15	64	7
15	67	34
15	69	17
15	71	81
15	73	35
15	74	87
15	77	13
15	78	14
15	82	96
15	89	68
15	91	78
15	96	15
15	103	40
15	106	40
15	110	86
15	112	91
15	114	83
15	115	77
15	117	55
15	118	25
15	120	79
15	123	21
15	127	27
15	129	13
15	130	71
15	132	31
15	136	32
15	140	14
15	153	95
15	154	15
15	159	92
15	162	41
15	164	85
15	165	98
15	169	4
15	170	99
15	180	48
15	182	60
15	185	38
15	186	13
15	187	62
15	190	5
15	194	88
16	17	10
16	21	21
16	24	5
16	25	15
16	30	33
16	31	45
16	32	3
16	34	81
16	37	30
16	38	10
16	39	31
16	41	85
16	50	61
16	54	47
16	58	83
16	60	65
16	64	18
16	65	46
16	68	50
16	71	71
16	74	3
16	83	23
16	86	30
16	87	76
16	89	64
16	92	30
16	93	98
16	96	26
16	102	97
16	103	70
16	105	77
16	106	15
16	115	92
16	127	81
16	129	55
16	141	47
16	145	33
16	146	16
16	149	28
16	151	21
16	152	83
16	162	3
16	164	72
16	170	16
16	177	95
16	178	46
16	181	96
16	182	62
16	185	22
16	193	55
17	18	41
17	24	60
17	27	57
17	31	73
17	38	93
17	45	40
17	46	97
17	48	83
17	49	67
17	51	78
17	61	12
17	65	65
17	66	91
17	67	93
17	72	95
17	76	74
17	90	16
17	94	81
17	98	3
17	100	71
17	102	80
17	117	5
17	123	8
17	135	15
17	139	81
17	147	43
17	153	79
17	159	76
17	161	26
17	165	77
17	166	47
17	169	98
17	172	27
17	175	78
17	177	1
17	181	28
17	184	70
17	193	56
17	196	95
17	197	65
18	20	1
18	21	70
18	23	100
18	25	19
18	28	79
18	31	86
18	34	10
18	39	74
18	47	73
18	53	38
18	62	70
18	64	76
18	66	19
18	70	15
18	71	48
18	72	25
18	79	18
18	80	76
18	81	74
18	84	69
18	97	97
18	98	22
18	101	22
18	102	61
18	105	78
18	107	26
18	119	27
18	122	22
18	125	2
18	127	43
18	128	75
18	131	45
18	139	96
18	143	99
18	147	12
18	150	64
18	153	48
18	159	91
18	166	79
18	167	31
18	168	33
18	169	44
18	170	88
18	172	1
18	174	99
18	175	64
18	178	44
18	187	50
18	196	26
18	197	75
19	21	10
19	24	51
19	34	94
19	40	14
19	44	54
19	45	45
19	46	93
19	47	87
19	51	72
19	54	16
19	56	99
19	57	12
19	59	19
19	60	60
19	66	37
19	67	12
19	72	7
19	74	83
19	76	76
19	80	20
19	82	79
19	84	47
19	85	89
19	88	64
19	92	15
19	97	64
19	103	20
19	109	84
19	111	71
19	115	64
19	121	45
19	125	10
19	136	44
19	142	38
19	146	77
19	147	65
19	159	43
19	164	21
19	167	1
19	170	54
19	173	60
19	175	21
19	187	12
19	189	50
19	190	8
19	195	86
19	196	96
19	198	29
19	199	46
20	26	54
20	28	10
20	32	44
20	35	46
20	37	25
20	38	83
20	40	8
20	41	86
20	44	61
20	47	27
20	60	34
20	62	91
20	64	30
20	66	74
20	72	68
20	74	13
20	84	49
20	92	17
20	94	88
20	101	55
20	102	78
20	104	42
20	111	74
20	116	66
20	117	47
20	119	10
20	123	38
20	126	62
20	132	14
20	136	83
20	142	72
20	144	100
20	146	70
20	148	92
20	151	95
20	158	39
20	162	47
20	167	64
20	172	37
20	182	71
20	184	59
20	185	94
20	187	95
20	188	65
20	189	34
20	190	43
20	192	99
20	193	46
20	195	18
20	196	18
20	198	18
21	23	61
21	24	81
21	25	14
21	26	68
21	28	73
21	34	28
21	45	27
21	46	71
21	48	49
21	50	33
21	69	65
21	71	67
21	72	60
21	74	76
21	76	22
21	78	22
21	85	60
21	87	69
21	90	83
21	91	49
21	92	6
21	97	99
21	101	38
21	103	79
21	107	67
21	112	73
21	114	55
21	121	23
21	135	80
21	137	77
21	140	41
21	143	37
21	145	30
21	148	11
21	149	30
21	154	91
21	157	2
21	158	39
21	162	34
21	165	71
21	166	64
21	167	47
21	168	41
21	175	96
21	179	61
21	182	5
21	184	7
21	185	77
21	192	22
21	193	84
21	194	37
21	196	24
21	198	83
22	24	69
22	27	83
22	28	10
22	29	90
22	30	31
22	32	26
22	33	13
22	35	99
22	39	8
22	42	47
22	45	20
22	49	27
22	52	50
22	57	69
22	59	17
22	61	47
22	65	82
22	70	56
22	71	55
22	75	51
22	77	76
22	82	41
22	83	27
22	85	45
22	87	43
22	90	66
22	97	84
22	100	26
22	101	56
22	102	61
22	110	16
22	112	86
22	114	92
22	118	8
22	119	38
22	120	57
22	133	100
22	135	11
22	138	90
22	139	60
22	141	20
22	145	85
22	147	86
22	148	77
22	149	6
22	155	80
22	165	77
22	166	79
22	168	32
22	172	57
22	179	9
22	180	77
22	181	98
22	189	54
22	190	46
22	192	21
22	193	92
22	194	72
22	196	83
22	197	50
23	27	53
23	29	20
23	32	20
23	44	7
23	51	2
23	53	62
23	54	37
23	59	31
23	67	40
23	69	29
23	70	2
23	73	22
23	76	10
23	77	17
23	79	27
23	81	81
23	83	85
23	84	17
23	85	22
23	87	99
23	88	66
23	93	72
23	96	45
23	99	9
23	104	24
23	106	31
23	109	100
23	113	28
23	114	29
23	118	1
23	121	75
23	123	63
23	124	79
23	128	4
23	135	85
23	136	14
23	138	68
23	140	22
23	142	35
23	151	46
23	154	75
23	161	58
23	166	4
23	175	83
23	176	17
23	178	59
23	184	18
23	187	74
23	188	68
23	193	84
23	194	12
23	195	40
24	27	91
24	38	39
24	45	58
24	46	77
24	47	97
24	54	97
24	57	47
24	61	62
24	62	75
24	67	26
24	71	91
24	75	56
24	76	48
24	77	86
24	79	6
24	80	82
24	84	24
24	85	65
24	86	10
24	90	69
24	92	91
24	97	8
24	98	1
24	99	90
24	102	100
24	107	48
24	109	5
24	114	9
24	117	74
24	118	76
24	122	31
24	126	33
24	127	46
24	128	70
24	130	13
24	136	43
24	139	81
24	143	45
24	145	66
24	152	93
24	157	3
24	160	11
24	162	65
24	164	46
24	166	3
24	170	96
24	177	25
24	180	62
24	181	38
24	186	99
24	193	20
24	196	87
24	197	74
25	27	61
25	28	23
25	32	41
25	36	82
25	37	62
25	45	37
25	51	53
25	54	35
25	58	40
25	59	57
25	72	26
25	73	36
25	75	35
25	76	13
25	81	11
25	84	94
25	85	76
25	89	47
25	96	51
25	98	97
25	100	23
25	101	93
25	102	64
25	116	34
25	117	40
25	118	89
25	119	28
25	122	75
25	125	61
25	130	46
25	132	29
25	137	22
25	138	54
25	140	97
25	141	72
25	147	99
25	149	85
25	150	54
25	153	44
25	154	52
25	155	39
25	156	98
25	157	39
25	162	59
25	163	64
25	165	75
25	166	25
25	178	72
25	179	2
25	184	36
25	195	83
26	35	57
26	37	22
26	41	61
26	42	60
26	45	99
26	47	99
26	49	10
26	55	7
26	57	83
26	62	48
26	67	68
26	69	11
26	70	14
26	71	70
26	74	10
26	75	100
26	83	41
26	84	74
26	91	17
26	92	53
26	94	52
26	98	3
26	100	82
26	107	88
26	110	27
26	112	73
26	113	61
26	120	36
26	121	40
26	122	34
26	130	63
26	131	80
26	142	92
26	147	97
26	151	63
26	153	4
26	156	72
26	165	88
26	167	94
26	168	78
26	172	40
26	176	57
26	187	22
26	189	43
26	194	26
26	195	12
26	196	93
26	197	42
27	28	72
27	33	33
27	35	16
27	36	99
27	41	80
27	47	41
27	51	29
27	53	79
27	57	55
27	58	14
27	60	54
27	62	45
27	63	7
27	64	89
27	68	51
27	69	99
27	72	75
27	75	63
27	76	84
27	79	78
27	82	33
27	85	97
27	87	5
27	90	1
27	93	72
27	95	42
27	97	56
27	104	75
27	105	81
27	106	78
27	119	22
27	120	76
27	121	67
27	133	28
27	140	98
27	143	26
27	149	88
27	150	36
27	154	25
27	156	11
27	171	28
27	175	63
27	177	65
27	179	56
27	180	61
27	183	45
27	185	91
27	191	88
27	192	29
27	193	64
27	195	66
27	197	8
28	30	43
28	35	20
28	36	17
28	43	64
28	50	26
28	52	100
28	53	13
28	57	27
28	59	9
28	64	100
28	65	35
28	66	77
28	69	79
28	70	16
28	73	11
28	75	50
28	78	87
28	79	23
28	89	37
28	91	41
28	96	54
28	97	93
28	98	74
28	102	72
28	103	72
28	105	92
28	113	43
28	117	79
28	120	97
28	123	7
28	126	27
28	128	55
28	130	80
28	131	34
28	136	32
28	149	31
28	150	44
28	151	43
28	152	88
28	155	59
28	158	48
28	159	69
28	160	53
28	162	93
28	164	47
28	166	19
28	169	15
28	171	1
28	174	59
28	175	47
28	176	79
28	177	96
28	179	5
28	184	48
28	190	72
28	191	25
29	42	71
29	44	53
29	45	69
29	48	61
29	49	8
29	53	71
29	55	8
29	57	65
29	59	41
29	65	91
29	73	14
29	76	11
29	87	9
29	89	35
29	92	12
29	105	82
29	110	93
29	111	7
29	114	49
29	117	33
29	118	40
29	119	20
29	122	71
29	127	99
29	128	39
29	129	61
29	133	41
29	135	53
29	141	31
29	146	76
29	149	6
29	150	25
29	159	70
29	167	19
29	168	13
29	170	89
29	172	72
29	176	66
29	178	39
29	181	29
29	182	29
29	183	76
29	186	15
29	189	37
29	196	15
30	33	13
30	35	84
30	39	83
30	40	81
30	47	11
30	51	24
30	53	41
30	57	45
30	61	33
30	62	5
30	65	72
30	66	39
30	71	57
30	77	77
30	79	76
30	84	49
30	85	73
30	86	58
30	89	13
30	92	70
30	94	87
30	97	14
30	98	31
30	99	30
30	108	54
30	113	79
30	117	17
30	118	40
30	119	85
30	132	93
30	142	32
30	146	20
30	149	1
30	151	31
30	155	23
30	160	2
30	162	8
30	164	94
30	168	88
30	173	20
30	185	67
30	188	56
30	189	53
30	190	93
30	192	10
30	199	74
31	40	78
31	41	82
31	46	16
31	48	62
31	49	35
31	52	63
31	53	38
31	57	53
31	58	16
31	62	30
31	63	73
31	64	89
31	71	51
31	73	31
31	79	35
31	83	11
31	85	12
31	86	95
31	93	40
31	95	37
31	98	56
31	102	80
31	104	39
31	109	17
31	110	21
31	116	75
31	117	27
31	119	12
31	120	12
31	123	80
31	124	28
31	126	93
31	132	43
31	137	44
31	138	90
31	142	84
31	150	74
31	151	44
31	152	27
31	161	38
31	169	17
31	171	54
31	178	11
31	179	61
31	187	35
31	191	45
31	193	34
32	34	22
32	39	10
32	41	7
32	45	8
32	46	59
32	50	47
32	59	12
32	60	9
32	63	21
32	67	51
32	68	71
32	70	84
32	72	5
32	74	74
32	76	88
32	78	74
32	94	34
32	99	22
32	101	28
32	102	83
32	107	40
32	108	78
32	112	79
32	117	50
32	122	2
32	124	4
32	131	27
32	142	73
32	144	97
32	154	64
32	155	97
32	158	41
32	162	42
32	163	53
32	165	47
32	168	54
32	173	18
32	174	76
32	176	45
32	179	52
32	190	82
32	193	27
32	197	13
33	36	96
33	41	20
33	44	73
33	46	98
33	57	40
33	64	11
33	65	62
33	67	87
33	69	5
33	70	40
33	71	50
33	73	93
33	74	74
33	76	6
33	78	89
33	79	31
33	81	74
33	85	88
33	87	45
33	88	91
33	89	43
33	92	88
33	95	17
33	96	32
33	100	50
33	101	94
33	103	88
33	109	24
33	110	11
33	113	97
33	116	78
33	122	50
33	124	44
33	126	96
33	127	40
33	128	54
33	131	12
33	134	53
33	142	73
33	143	87
33	145	41
33	148	6
33	149	81
33	150	100
33	154	63
33	159	58
33	164	19
33	173	80
33	174	13
33	177	51
33	184	51
33	187	58
33	190	4
33	191	96
33	192	100
33	196	6
33	198	61
34	37	11
34	41	52
34	42	87
34	46	21
34	48	93
34	51	66
34	54	46
34	57	64
34	65	79
34	69	50
34	72	93
34	73	76
34	80	83
34	84	40
34	88	58
34	89	47
34	92	77
34	95	10
34	98	40
34	106	3
34	109	28
34	111	62
34	114	92
34	119	62
34	122	9
34	125	89
34	127	81
34	134	81
34	137	75
34	138	42
34	139	63
34	140	30
34	142	34
34	147	17
34	150	6
34	152	62
34	159	18
34	160	71
34	161	82
34	162	46
34	168	14
34	174	73
34	177	19
34	179	91
34	180	5
34	183	61
34	184	6
34	187	69
34	188	32
34	189	82
34	191	12
35	39	71
35	40	22
35	41	10
35	43	46
35	49	85
35	53	28
35	56	98
35	58	29
35	62	62
35	64	29
35	66	100
35	72	7
35	74	62
35	75	41
35	76	45
35	80	22
35	81	33
35	82	64
35	85	94
35	87	95
35	88	34
35	90	8
35	91	29
35	92	78
35	101	84
35	106	56
35	110	10
35	112	61
35	120	94
35	124	97
35	129	37
35	132	17
35	135	6
35	137	33
35	139	79
35	142	82
35	147	97
35	149	64
35	152	70
35	155	61
35	158	59
35	165	24
35	170	58
35	172	69
35	177	24
35	178	18
35	190	2
35	194	87
35	196	89
35	197	9
36	38	62
36	39	43
36	46	29
36	51	91
36	52	48
36	58	75
36	59	63
36	63	1
36	67	86
36	71	8
36	74	12
36	76	10
36	78	10
36	80	97
36	85	17
36	88	77
36	90	37
36	102	54
36	104	98
36	112	63
36	114	61
36	116	63
36	119	13
36	122	1
36	123	68
36	130	85
36	141	94
36	149	37
36	152	10
36	160	29
36	161	45
36	162	56
36	164	18
36	169	78
36	171	69
36	172	60
36	173	48
36	177	11
36	178	90
36	183	33
36	184	34
36	189	67
36	194	97
37	45	3
37	57	35
37	65	11
37	66	17
37	67	54
37	72	27
37	89	48
37	90	42
37	99	59
37	102	64
37	105	19
37	114	98
37	116	85
37	122	9
37	129	10
37	133	89
37	134	91
37	135	57
37	142	12
37	145	47
37	147	3
37	149	84
37	159	23
37	163	26
37	165	90
37	166	9
37	171	37
37	175	50
37	180	90
37	183	76
37	194	75
37	197	69
37	198	46
38	39	59
38	40	26
38	41	47
38	47	29
38	49	64
38	52	25
38	54	50
38	55	43
38	56	17
38	58	91
38	65	87
38	69	91
38	70	73
38	73	34
38	77	54
38	80	36
38	94	11
38	95	64
38	98	20
38	100	7
38	110	37
38	112	17
38	113	98
38	117	17
38	122	62
38	124	95
38	127	52
38	140	16
38	154	76
38	156	83
38	157	41
38	161	27
38	162	68
38	170	100
38	171	62
38	173	62
38	177	22
38	179	58
38	181	61
38	182	82
38	192	53
38	196	89
38	197	45
39	40	43
39	42	25
39	43	16
39	45	51
39	49	30
39	50	19
39	53	79
39	56	43
39	69	52
39	70	15
39	72	19
39	81	46
39	84	44
39	86	74
39	87	99
39	90	75
39	91	33
39	92	70
39	94	3
39	96	44
39	97	4
39	99	1
39	101	51
39	103	25
39	108	58
39	115	33
39	116	1
39	117	68
39	120	24
39	122	12
39	124	5
39	129	96
39	131	42
39	137	30
39	138	69
39	146	41
39	149	81
39	160	61
39	164	68
39	165	79
39	167	68
39	168	19
39	169	13
39	174	7
39	176	15
39	177	65
39	179	60
39	180	28
39	183	71
39	187	73
39	190	20
39	199	64
40	41	89
40	46	99
40	47	19
40	62	32
40	63	6
40	66	84
40	68	78
40	72	87
40	73	14
40	74	73
40	77	95
40	88	92
40	98	19
40	99	45
40	100	69
40	102	50
40	104	26
40	110	41
40	114	36
40	115	88
40	116	86
40	117	81
40	119	78
40	120	93
40	124	87
40	133	83
40	137	33
40	139	65
40	140	82
40	141	11
40	143	87
40	146	60
40	147	3
40	150	77
40	151	84
40	155	36
40	160	15
40	162	86
40	164	21
40	168	14
40	171	50
40	173	91
40	178	63
40	181	51
40	183	56
40	193	8
41	43	39
41	47	1
41	50	16
41	52	45
41	53	55
41	58	27
41	60	64
41	61	65
41	64	75
41	67	50
41	74	100
41	76	7
41	81	58
41	82	18
41	83	36
41	88	29
41	89	63
41	92	37
41	94	65
41	97	48
41	98	41
41	103	93
41	109	26
41	118	2
41	120	89
41	130	26
41	131	50
41	136	18
41	143	58
41	144	76
41	149	15
41	152	78
41	155	82
41	162	49
41	167	3
41	169	72
41	171	68
41	172	34
41	177	7
41	179	63
41	180	3
41	184	40
41	186	32
41	188	22
41	195	88
41	199	83
42	45	75
42	47	37
42	54	9
42	55	75
42	56	58
42	59	15
42	60	20
42	62	61
42	64	55
42	65	31
42	75	60
42	76	86
42	81	84
42	94	80
42	99	1
42	100	100
42	103	46
42	105	19
42	106	75
42	116	62
42	119	35
42	122	35
42	124	93
42	125	30
42	127	100
42	128	33
42	136	33
42	141	94
42	143	92
42	144	77
42	146	27
42	147	87
42	154	90
42	156	62
42	159	6
42	160	70
42	166	20
42	171	37
42	174	29
42	177	15
42	179	5
42	191	58
42	197	30
42	199	33
43	58	14
43	60	72
43	61	94
43	62	64
43	65	10
43	67	69
43	68	11
43	70	85
43	75	38
43	76	40
43	80	4
43	81	69
43	83	16
43	86	78
43	87	52
43	88	61
43	92	22
43	95	56
43	96	59
43	99	89
43	101	98
43	103	60
43	104	99
43	106	10
43	107	32
43	109	68
43	113	9
43	114	85
43	117	62
43	119	19
43	120	87
43	129	82
43	135	19
43	141	34
43	142	94
43	145	97
43	148	24
43	154	80
43	162	96
43	163	70
43	166	16
43	168	61
43	171	86
43	172	6
43	177	56
43	179	38
43	180	81
43	184	71
43	189	84
44	48	77
44	50	81
44	55	5
44	57	9
44	61	48
44	68	12
44	70	64
44	73	85
44	82	16
44	83	95
44	85	20
44	87	31
44	92	25
44	93	82
44	100	17
44	101	34
44	107	88
44	108	56
44	110	89
44	120	46
44	125	45
44	126	48
44	127	6
44	132	90
44	137	3
44	140	29
44	141	79
44	148	100
44	153	41
44	154	18
44	155	14
44	156	74
44	163	90
44	164	10
44	167	53
44	178	47
44	183	4
44	186	22
44	188	5
44	190	58
44	195	30
44	197	61
44	199	28
45	50	81
45	61	18
45	62	25
45	63	42
45	64	66
45	68	21
45	70	50
45	71	4
45	74	4
45	78	23
45	85	59
45	88	72
45	98	83
45	109	92
45	110	98
45	112	62
45	115	48
45	117	90
45	118	10
45	121	31
45	122	53
45	125	22
45	128	79
45	129	59
45	132	4
45	134	12
45	139	53
45	140	98
45	143	52
45	144	35
45	151	50
45	153	42
45	157	23
45	175	66
45	179	8
45	183	84
45	191	75
45	196	53
45	199	89
46	50	30
46	52	62
46	56	19
46	59	26
46	60	18
46	63	85
46	64	49
46	66	88
46	71	46
46	73	96
46	76	51
46	80	39
46	82	40
46	85	16
46	86	15
46	87	89
46	88	94
46	90	96
46	92	85
46	95	53
46	99	87
46	100	51
46	104	55
46	106	73
46	111	55
46	112	52
46	113	95
46	114	38
46	119	12
46	120	40
46	122	75
46	123	29
46	124	28
46	129	88
46	136	2
46	138	45
46	143	32
46	151	10
46	154	68
46	159	34
46	160	3
46	161	37
46	169	90
46	173	28
46	175	62
46	186	5
46	194	33
46	198	35
47	50	70
47	51	16
47	52	53
47	53	73
47	57	63
47	60	16
47	61	66
47	63	96
47	66	54
47	70	98
47	87	75
47	89	13
47	91	66
47	93	22
47	96	70
47	98	71
47	99	51
47	101	19
47	104	93
47	107	33
47	111	18
47	118	81
47	119	40
47	120	85
47	121	17
47	122	57
47	125	21
47	126	57
47	127	98
47	128	66
47	130	97
47	131	25
47	138	66
47	139	26
47	141	93
47	144	94
47	146	56
47	147	8
47	148	39
47	154	30
47	155	90
47	156	30
47	161	76
47	162	96
47	163	53
47	165	38
47	167	91
47	168	24
47	169	31
47	172	28
47	174	15
47	176	97
47	178	62
47	179	82
47	182	94
47	191	3
47	195	38
47	197	13
47	198	96
48	51	55
48	53	14
48	55	79
48	57	100
48	59	3
48	60	41
48	65	8
48	67	45
48	73	10
48	78	77
48	88	30
48	89	100
48	91	12
48	92	12
48	93	85
48	97	20
48	106	49
48	110	72
48	112	67
48	114	29
48	117	43
48	121	3
48	123	56
48	125	1
48	129	1
48	134	68
48	135	82
48	136	68
48	138	70
48	139	87
48	140	47
48	141	77
48	146	6
48	152	53
48	154	57
48	158	100
48	174	90
48	175	43
48	176	77
48	178	20
48	179	25
48	189	9
48	192	74
48	198	87
48	199	51
49	51	23
49	57	35
49	60	75
49	64	7
49	65	40
49	69	78
49	70	60
49	82	3
49	86	33
49	89	23
49	92	69
49	93	88
49	96	63
49	98	22
49	100	27
49	105	38
49	106	1
49	111	94
49	112	55
49	114	16
49	115	43
49	117	42
49	122	69
49	123	30
49	126	76
49	130	77
49	135	31
49	136	39
49	137	98
49	140	45
49	144	76
49	150	77
49	153	93
49	158	51
49	159	70
49	160	33
49	163	63
49	170	30
49	173	88
49	175	42
49	178	83
49	182	83
49	186	97
49	192	39
49	193	37
49	195	14
49	198	89
50	57	11
50	65	8
50	66	31
50	68	17
50	69	65
50	75	8
50	76	91
50	78	33
50	85	53
50	93	37
50	94	16
50	96	64
50	97	5
50	100	30
50	103	6
50	105	24
50	106	40
50	109	35
50	112	1
50	113	57
50	116	10
50	119	58
50	120	78
50	122	9
50	125	81
50	135	78
50	139	48
50	143	91
50	149	77
50	151	67
50	152	74
50	153	28
50	154	59
50	157	31
50	160	100
50	166	20
50	168	12
50	169	44
50	176	32
50	180	8
50	182	98
50	183	17
50	184	85
50	187	66
50	188	65
50	191	94
50	192	45
50	193	8
50	195	32
51	52	44
51	55	85
51	57	91
51	58	26
51	65	23
51	67	67
51	71	78
51	72	28
51	75	89
51	80	49
51	82	63
51	83	33
51	88	15
51	89	62
51	96	61
51	98	33
51	101	35
51	103	96
51	105	44
51	106	88
51	113	92
51	115	90
51	120	13
51	127	64
51	131	100
51	135	38
51	145	74
51	146	25
51	152	86
51	155	94
51	156	53
51	162	68
51	163	14
51	164	25
51	169	66
51	170	51
51	172	57
51	173	33
51	174	72
51	178	21
51	185	52
51	190	21
51	193	46
51	198	11
52	54	75
52	56	23
52	57	7
52	64	56
52	65	9
52	66	69
52	67	78
52	75	85
52	76	40
52	77	78
52	83	17
52	89	74
52	92	95
52	94	77
52	95	65
52	96	39
52	97	22
52	101	59
52	105	61
52	108	75
52	112	34
52	113	46
52	120	23
52	127	36
52	128	4
52	132	16
52	135	57
52	138	44
52	143	7
52	144	25
52	145	56
52	147	10
52	148	73
52	153	84
52	162	18
52	163	96
52	164	66
52	172	19
52	174	24
52	180	63
52	182	54
52	183	53
52	188	13
52	190	30
52	193	58
52	194	6
52	195	99
53	58	3
53	59	13
53	61	32
53	63	25
53	64	48
53	67	38
53	74	78
53	75	71
53	77	78
53	78	80
53	87	40
53	95	33
53	97	12
53	101	11
53	105	56
53	117	67
53	120	36
53	125	50
53	126	61
53	130	84
53	133	67
53	135	2
53	138	68
53	140	42
53	143	31
53	144	35
53	145	40
53	152	65
53	157	66
53	166	93
53	169	12
53	170	52
53	172	77
53	173	3
53	174	65
53	175	44
53	182	31
53	186	11
53	193	10
53	198	67
53	199	72
54	57	64
54	63	87
54	65	33
54	67	7
54	69	54
54	75	48
54	76	86
54	79	89
54	80	47
54	82	57
54	86	81
54	88	46
54	89	58
54	90	74
54	91	54
54	94	47
54	99	96
54	100	72
54	104	76
54	109	7
54	116	47
54	120	63
54	131	88
54	132	62
54	134	42
54	135	38
54	140	96
54	146	66
54	148	83
54	151	78
54	155	52
54	157	64
54	158	21
54	162	97
54	163	56
54	165	83
54	168	83
54	172	45
54	173	79
54	177	10
54	182	51
54	184	82
54	185	11
54	189	91
54	195	20
54	198	25
55	56	30
55	59	47
55	64	74
55	67	35
55	69	26
55	74	88
55	79	51
55	80	21
55	84	35
55	89	6
55	93	80
55	94	33
55	95	68
55	97	46
55	98	25
55	102	73
55	103	24
55	104	95
55	106	31
55	111	61
55	113	49
55	117	93
55	121	22
55	122	14
55	125	37
55	126	28
55	130	97
55	132	56
55	134	19
55	150	39
55	151	77
55	152	79
55	168	6
55	175	63
55	176	20
55	177	45
55	179	94
55	183	16
55	189	11
55	190	65
56	57	67
56	58	68
56	60	6
56	64	72
56	65	60
56	67	44
56	71	6
56	74	38
56	77	45
56	82	52
56	83	67
56	90	19
56	98	32
56	100	93
56	103	27
56	105	21
56	113	66
56	115	37
56	117	44
56	122	94
56	125	40
56	128	76
56	131	39
56	133	76
56	142	45
56	144	32
56	146	42
56	148	91
56	149	91
56	150	37
56	152	11
56	164	81
56	181	32
56	183	63
56	184	20
56	190	65
56	193	30
56	199	75
57	61	80
57	71	88
57	78	49
57	80	81
57	81	56
57	83	21
57	89	62
57	99	35
57	101	77
57	103	49
57	105	30
57	110	35
57	115	1
57	119	10
57	125	33
57	126	23
57	127	33
57	129	68
57	133	45
57	137	47
57	138	98
57	145	47
57	150	19
57	157	81
57	162	96
57	166	48
57	169	45
57	172	67
57	177	22
57	186	29
57	189	48
57	190	71
57	198	44
57	199	19
58	65	6
58	67	83
58	72	49
58	73	75
58	96	47
58	102	32
58	107	89
58	114	70
58	115	63
58	116	30
58	121	42
58	126	99
58	128	29
58	129	36
58	130	91
58	132	93
58	133	89
58	134	13
58	144	39
58	146	93
58	148	23
58	152	19
58	154	88
58	155	71
58	157	67
58	161	87
58	165	45
58	176	78
58	182	77
58	184	1
58	186	39
58	188	5
58	189	92
58	194	23
58	195	64
58	197	16
58	198	93
59	67	33
59	78	95
59	80	2
59	81	29
59	88	37
59	92	76
59	93	29
59	99	51
59	106	91
59	113	86
59	135	66
59	136	12
59	140	63
59	154	29
59	166	83
59	168	83
59	176	33
59	186	67
59	189	82
59	193	59
59	195	40
60	61	93
60	64	31
60	68	41
60	75	80
60	80	77
60	81	63
60	90	74
60	98	29
60	101	55
60	102	71
60	103	78
60	111	60
60	123	2
60	127	67
60	128	4
60	129	75
60	131	56
60	132	88
60	136	4
60	138	57
60	142	83
60	143	82
60	147	96
60	150	32
60	151	77
60	152	47
60	154	98
60	155	67
60	159	79
60	161	100
60	162	44
60	166	78
60	171	20
60	173	66
60	175	66
60	177	29
60	184	35
60	185	93
60	188	72
60	190	36
60	192	56
60	193	69
60	197	23
61	74	81
61	78	98
61	79	74
61	84	89
61	85	8
61	88	78
61	89	24
61	97	10
61	98	26
61	99	44
61	100	31
61	103	85
61	107	57
61	108	72
61	109	91
61	110	24
61	116	72
61	118	43
61	120	16
61	121	98
61	122	13
61	123	73
61	130	66
61	133	78
61	141	14
61	142	41
61	150	24
61	153	62
61	154	4
61	157	76
61	162	62
61	164	1
61	165	25
61	166	49
61	174	11
61	175	47
61	177	55
61	185	57
61	187	63
61	190	19
61	197	91
61	198	16
62	72	92
62	75	96
62	77	31
62	78	38
62	81	92
62	83	5
62	90	87
62	95	45
62	96	88
62	99	81
62	100	98
62	101	12
62	102	23
62	104	13
62	106	100
62	107	46
62	108	11
62	109	12
62	110	89
62	111	8
62	113	52
62	124	49
62	125	92
62	129	41
62	131	69
62	135	24
62	136	11
62	139	59
62	144	39
62	146	93
62	150	68
62	151	81
62	152	65
62	156	85
62	160	68
62	167	27
62	168	59
62	172	37
62	173	95
62	180	14
62	184	31
62	188	14
62	189	69
62	191	83
62	192	6
62	193	85
62	198	23
63	67	85
63	69	94
63	73	63
63	74	48
63	82	30
63	84	62
63	86	54
63	89	100
63	92	26
63	94	57
63	95	81
63	102	65
63	104	15
63	106	38
63	124	92
63	131	87
63	132	77
63	137	96
63	139	45
63	142	15
63	144	62
63	145	33
63	146	100
63	149	100
63	150	81
63	152	31
63	157	56
63	166	51
63	171	37
63	175	9
63	180	87
63	184	34
63	191	50
63	195	30
63	196	32
63	198	73
63	199	59
64	68	60
64	70	77
64	71	24
64	77	20
64	79	99
64	80	78
64	81	79
64	85	21
64	87	62
64	89	93
64	90	30
64	91	69
64	96	99
64	97	19
64	98	58
64	103	29
64	106	34
64	110	71
64	113	31
64	114	34
64	117	13
64	118	56
64	121	78
64	122	49
64	126	10
64	129	74
64	133	79
64	135	32
64	140	84
64	141	80
64	143	10
64	145	92
64	154	39
64	155	62
64	159	10
64	163	31
64	171	72
64	172	7
64	182	80
64	183	22
64	185	94
64	190	85
64	193	60
64	196	64
64	199	22
65	67	76
65	69	29
65	71	86
65	74	40
65	76	69
65	87	16
65	93	79
65	107	98
65	114	13
65	115	71
65	118	55
65	119	17
65	139	94
65	141	95
65	142	65
65	146	100
65	147	19
65	149	27
65	151	53
65	152	69
65	153	1
65	156	27
65	157	96
65	158	51
65	161	65
65	162	39
65	176	71
65	177	46
65	178	72
65	180	60
65	183	78
65	184	49
65	185	57
65	189	40
65	195	93
65	199	30
66	74	13
66	75	91
66	78	93
66	84	53
66	87	31
66	88	48
66	89	25
66	97	83
66	102	49
66	105	74
66	106	28
66	114	14
66	115	29
66	118	46
66	120	50
66	122	24
66	127	89
66	132	34
66	133	83
66	134	68
66	136	26
66	138	36
66	142	6
66	143	39
66	145	73
66	146	35
66	149	7
66	151	36
66	152	6
66	153	48
66	156	92
66	158	39
66	160	40
66	166	11
66	167	15
66	170	81
66	171	18
66	181	66
66	187	73
66	188	91
66	190	61
66	192	37
66	193	6
67	68	43
67	74	24
67	81	82
67	86	74
67	101	19
67	105	42
67	108	81
67	110	71
67	111	71
67	112	62
67	128	35
67	130	64
67	133	10
67	134	66
67	135	31
67	136	26
67	137	6
67	144	20
67	148	60
67	149	48
67	152	73
67	156	56
67	157	12
67	159	81
67	161	92
67	162	60
67	163	90
67	165	68
67	166	71
67	168	2
67	169	35
67	177	19
67	178	44
67	179	71
67	180	100
67	185	94
67	189	60
67	190	34
67	192	29
67	197	47
67	198	100
68	71	47
68	72	10
68	87	38
68	88	22
68	94	100
68	95	22
68	96	87
68	104	72
68	108	36
68	111	29
68	112	58
68	114	41
68	118	89
68	122	39
68	125	42
68	130	8
68	131	74
68	132	55
68	143	2
68	147	1
68	148	13
68	151	84
68	154	6
68	160	76
68	162	35
68	164	66
68	166	47
68	167	2
68	169	30
68	171	36
68	173	82
68	174	99
68	182	30
68	184	90
68	185	55
68	186	95
68	188	28
68	190	58
68	191	100
68	193	20
68	195	69
68	199	66
69	70	36
69	73	77
69	75	11
69	78	95
69	80	83
69	82	49
69	84	41
69	89	24
69	97	36
69	106	100
69	109	42
69	111	90
69	113	89
69	117	99
69	120	26
69	122	85
69	125	9
69	127	76
69	133	31
69	134	91
69	137	86
69	141	1
69	147	54
69	150	78
69	155	70
69	156	84
69	157	74
69	161	55
69	170	100
69	172	12
69	173	74
69	175	27
69	176	89
69	178	89
69	179	34
69	186	31
69	193	27
69	195	41
70	71	74
70	75	45
70	80	51
70	91	2
70	93	25
70	96	23
70	99	42
70	100	61
70	101	55
70	102	8
70	103	20
70	106	86
70	110	65
70	114	91
70	118	93
70	120	73
70	124	98
70	125	13
70	126	17
70	127	20
70	128	52
70	131	93
70	134	36
70	137	29
70	140	62
70	148	28
70	149	49
70	154	51
70	155	63
70	157	64
70	158	33
70	170	91
70	174	38
70	177	17
70	178	33
70	191	47
70	198	46
71	75	46
71	77	24
71	79	43
71	84	22
71	86	39
71	88	27
71	96	95
71	103	48
71	107	19
71	114	49
71	117	44
71	120	27
71	123	96
71	124	10
71	134	1
71	136	8
71	143	7
71	145	96
71	147	56
71	152	92
71	156	70
71	159	86
71	161	92
71	164	36
71	167	66
71	169	56
71	170	74
71	172	45
71	174	45
71	175	51
71	180	68
71	181	63
71	191	89
71	193	1
71	195	67
71	197	58
72	80	81
72	81	93
72	83	98
72	84	100
72	91	55
72	95	72
72	100	12
72	106	31
72	112	79
72	114	41
72	115	68
72	125	85
72	126	39
72	128	69
72	129	22
72	131	72
72	132	51
72	139	1
72	140	74
72	141	85
72	151	99
72	152	10
72	154	27
72	157	51
72	166	84
72	176	26
72	178	70
72	190	10
72	195	30
72	196	87
73	75	99
73	76	15
73	77	25
73	78	78
73	79	22
73	81	31
73	84	1
73	93	83
73	99	87
73	106	87
73	107	47
73	109	69
73	119	67
73	120	85
73	122	26
73	129	53
73	133	35
73	134	95
73	135	47
73	138	88
73	143	100
73	146	59
73	151	74
73	155	89
73	159	4
73	164	93
73	168	58
73	170	80
73	172	100
73	176	83
73	179	15
73	189	59
73	197	44
74	77	49
74	80	7
74	81	1
74	86	77
74	95	95
74	96	85
74	98	76
74	104	44
74	109	79
74	111	2
74	115	64
74	122	26
74	123	14
74	124	13
74	129	9
74	132	72
74	134	4
74	135	47
74	139	3
74	143	46
74	145	93
74	148	42
74	151	51
74	153	33
74	155	32
74	157	6
74	159	40
74	160	100
74	165	38
74	167	13
74	168	10
74	172	98
74	173	68
74	174	70
74	175	99
74	178	21
74	181	22
74	192	46
74	193	95
74	194	71
74	196	4
74	199	8
75	76	54
75	80	13
75	81	39
75	88	46
75	89	30
75	95	50
75	101	41
75	103	42
75	104	17
75	105	32
75	116	81
75	117	7
75	118	62
75	122	90
75	125	83
75	126	82
75	127	69
75	128	61
75	130	13
75	132	22
75	133	42
75	140	7
75	141	11
75	143	2
75	145	65
75	146	65
75	152	68
75	153	65
75	159	3
75	160	99
75	161	33
75	163	20
75	164	75
75	167	49
75	171	91
75	174	10
75	175	96
75	178	16
75	182	50
75	185	65
75	187	30
75	198	23
76	77	96
76	78	38
76	79	91
76	82	20
76	93	18
76	95	14
76	98	31
76	99	74
76	105	87
76	106	59
76	109	54
76	110	99
76	125	47
76	127	80
76	132	97
76	133	49
76	137	63
76	139	81
76	143	33
76	145	62
76	147	92
76	148	10
76	150	9
76	152	5
76	153	31
76	154	4
76	156	60
76	157	53
76	161	56
76	165	44
76	168	37
76	169	7
76	170	3
76	172	77
76	176	94
76	178	56
76	180	99
76	182	58
76	186	14
76	187	41
76	194	48
76	196	23
77	79	22
77	80	89
77	82	3
77	86	42
77	94	75
77	95	100
77	100	13
77	105	18
77	114	76
77	119	92
77	123	82
77	126	39
77	129	2
77	131	4
77	135	7
77	139	27
77	141	86
77	142	93
77	143	75
77	146	79
77	147	56
77	162	41
77	166	28
77	182	17
77	188	12
77	190	82
77	197	21
77	198	90
78	86	71
78	87	11
78	89	28
78	91	11
78	98	12
78	101	15
78	110	63
78	114	51
78	115	93
78	121	99
78	123	51
78	132	97
78	133	13
78	136	56
78	139	89
78	145	14
78	149	65
78	150	8
78	152	14
78	155	79
78	163	95
78	164	27
78	166	39
78	167	85
78	168	13
78	171	15
78	174	2
78	177	75
78	182	73
78	185	40
78	189	9
78	190	79
78	191	62
78	192	58
78	198	97
79	80	58
79	86	95
79	88	26
79	94	61
79	95	27
79	98	89
79	99	4
79	101	48
79	102	34
79	105	45
79	110	87
79	115	97
79	118	21
79	119	35
79	121	95
79	122	60
79	129	6
79	137	10
79	146	12
79	148	16
79	152	49
79	153	84
79	155	85
79	157	68
79	158	94
79	163	93
79	166	52
79	168	66
79	170	38
79	171	13
79	173	28
79	174	32
79	186	21
79	189	10
79	192	59
79	196	80
79	197	22
80	81	2
80	97	31
80	98	16
80	100	19
80	105	42
80	110	51
80	111	97
80	113	80
80	114	13
80	119	26
80	122	44
80	123	77
80	127	89
80	128	32
80	130	10
80	132	73
80	135	76
80	136	35
80	138	51
80	139	21
80	140	47
80	150	57
80	160	6
80	163	24
80	166	24
80	178	90
80	186	89
80	189	80
80	193	54
80	199	70
81	88	9
81	91	34
81	95	69
81	102	65
81	106	70
81	107	58
81	108	21
81	109	98
81	114	61
81	116	11
81	122	62
81	128	34
81	130	98
81	131	92
81	133	99
81	138	9
81	141	28
81	142	51
81	143	85
81	147	92
81	155	53
81	159	83
81	160	69
81	161	39
81	162	87
81	166	97
81	171	71
81	172	51
81	174	43
81	176	8
81	178	90
81	180	90
81	181	13
81	186	51
81	187	59
81	192	47
82	83	25
82	85	87
82	86	58
82	89	7
82	91	48
82	96	97
82	98	80
82	101	46
82	102	69
82	103	76
82	104	57
82	106	79
82	107	42
82	108	54
82	112	30
82	113	57
82	115	2
82	118	57
82	119	73
82	121	39
82	127	67
82	129	21
82	133	16
82	134	88
82	139	83
82	144	82
82	147	84
82	148	64
82	149	35
82	157	30
82	161	84
82	163	23
82	164	56
82	166	52
82	169	26
82	170	20
82	174	41
82	177	74
82	183	39
82	191	79
83	84	57
83	90	63
83	94	98
83	98	38
83	99	82
83	100	29
83	108	82
83	110	30
83	111	73
83	112	66
83	117	93
83	121	89
83	128	7
83	132	29
83	137	8
83	139	81
83	141	57
83	142	1
83	146	52
83	147	46
83	150	53
83	153	71
83	154	84
83	164	26
83	171	54
83	172	89
83	174	6
83	176	60
83	181	2
83	183	49
83	184	13
83	191	5
83	192	69
83	193	71
84	86	33
84	88	74
84	90	1
84	93	43
84	100	41
84	101	3
84	103	4
84	109	34
84	110	73
84	114	86
84	116	34
84	117	1
84	139	4
84	140	77
84	142	97
84	146	99
84	150	25
84	155	67
84	159	25
84	163	75
84	165	62
84	170	27
84	177	55
84	180	20
84	187	57
84	188	22
84	189	14
84	190	96
84	191	37
84	195	64
85	91	25
85	93	90
85	105	97
85	108	69
85	110	44
85	117	45
85	126	88
85	128	58
85	133	89
85	134	70
85	140	24
85	148	17
85	152	33
85	154	44
85	156	23
85	157	64
85	160	100
85	161	52
85	167	54
85	168	36
85	177	2
85	178	24
85	180	25
85	184	86
85	188	84
85	189	44
85	194	93
85	197	9
86	87	19
86	88	43
86	90	42
86	91	72
86	92	57
86	96	14
86	98	14
86	102	83
86	103	68
86	105	6
86	111	62
86	113	10
86	114	18
86	116	46
86	119	38
86	120	49
86	122	24
86	126	3
86	127	18
86	130	78
86	133	22
86	134	39
86	136	59
86	137	20
86	139	14
86	144	37
86	148	63
86	149	13
86	150	24
86	154	97
86	159	63
86	160	17
86	162	89
86	168	74
86	169	17
86	171	70
86	176	5
86	182	68
86	183	15
86	186	76
86	188	30
86	190	6
86	191	37
86	193	63
86	194	75
86	199	51
87	89	86
87	90	76
87	91	35
87	92	67
87	95	1
87	96	60
87	100	40
87	101	27
87	107	68
87	108	80
87	109	24
87	113	34
87	116	32
87	117	32
87	119	53
87	128	72
87	130	70
87	138	59
87	143	98
87	144	8
87	150	40
87	153	97
87	161	46
87	163	28
87	165	53
87	166	45
87	168	86
87	169	31
87	176	97
87	179	24
87	181	45
87	183	77
87	186	2
87	187	46
87	188	72
87	189	48
87	190	32
87	192	22
87	197	1
87	199	32
88	90	39
88	92	99
88	93	64
88	99	24
88	100	70
88	103	74
88	104	100
88	108	36
88	109	42
88	111	93
88	113	60
88	118	68
88	120	15
88	121	54
88	140	93
88	141	29
88	147	87
88	150	95
88	151	74
88	154	99
88	157	49
88	158	86
88	160	88
88	161	60
88	168	94
88	175	85
88	179	19
88	181	43
88	182	48
88	190	35
88	194	45
88	197	61
88	198	76
89	92	39
89	97	84
89	98	68
89	100	57
89	103	98
89	105	52
89	106	47
89	108	78
89	109	96
89	113	84
89	118	47
89	122	22
89	124	64
89	125	23
89	126	40
89	129	22
89	134	56
89	137	72
89	141	64
89	143	76
89	148	13
89	150	19
89	151	89
89	152	17
89	153	60
89	157	99
89	166	81
89	167	65
89	169	27
89	171	3
89	173	95
89	180	52
89	181	1
89	186	30
89	187	36
89	194	30
89	197	63
90	91	44
90	93	96
90	94	32
90	96	54
90	101	99
90	103	73
90	104	5
90	106	69
90	111	58
90	114	17
90	115	72
90	118	91
90	122	26
90	123	28
90	131	99
90	136	57
90	140	38
90	142	9
90	145	24
90	146	94
90	147	37
90	153	43
90	157	14
90	160	38
90	161	77
90	162	22
90	164	72
90	167	6
90	172	35
90	177	8
90	178	86
90	179	68
90	181	9
90	183	15
90	184	35
90	186	7
90	193	35
91	92	55
91	94	66
91	96	46
91	100	39
91	101	2
91	105	24
91	108	50
91	112	80
91	116	45
91	120	37
91	128	28
91	129	96
91	130	24
91	144	36
91	145	97
91	149	32
91	153	37
91	154	77
91	155	49
91	159	92
91	168	19
91	169	24
91	173	10
91	176	42
91	179	42
91	180	19
91	181	34
91	182	53
91	184	20
91	185	35
91	189	82
91	199	38
92	93	99
92	96	51
92	101	53
92	103	93
92	104	10
92	107	48
92	110	26
92	112	14
92	113	55
92	119	75
92	121	63
92	126	27
92	128	58
92	132	89
92	136	46
92	137	56
92	140	16
92	146	6
92	148	46
92	153	12
92	157	24
92	158	85
92	159	65
92	163	67
92	164	75
92	165	80
92	167	85
92	168	41
92	174	86
92	179	72
92	180	29
92	182	16
92	184	88
92	188	39
92	190	61
92	193	51
93	95	17
93	97	96
93	98	15
93	100	31
93	102	49
93	104	11
93	108	78
93	111	83
93	112	81
93	114	22
93	115	2
93	117	13
93	122	29
93	124	26
93	125	51
93	128	52
93	132	34
93	133	32
93	142	57
93	145	64
93	150	47
93	152	86
93	154	19
93	156	57
93	161	38
93	163	83
93	166	67
93	167	73
93	168	64
93	173	18
93	174	82
93	176	41
93	177	90
93	182	5
93	184	49
93	186	25
93	188	97
93	189	3
93	190	68
93	192	23
93	197	64
93	198	41
93	199	100
94	95	82
94	97	11
94	99	13
94	100	65
94	101	2
94	104	62
94	108	23
94	111	46
94	114	43
94	115	24
94	120	80
94	125	28
94	128	53
94	129	61
94	133	60
94	134	93
94	144	46
94	145	32
94	146	78
94	147	82
94	150	32
94	156	9
94	157	9
94	162	36
94	169	92
94	177	88
94	179	100
94	180	87
94	185	21
94	192	40
94	194	32
95	97	24
95	98	96
95	111	100
95	113	98
95	114	46
95	115	72
95	116	56
95	120	35
95	125	65
95	129	22
95	132	45
95	134	89
95	137	85
95	146	4
95	152	28
95	155	75
95	156	34
95	158	83
95	159	73
95	165	2
95	167	4
95	172	2
95	183	20
95	184	51
95	186	93
95	187	58
95	188	72
95	189	41
95	197	45
95	198	12
95	199	68
96	101	37
96	103	90
96	106	87
96	108	69
96	110	17
96	118	51
96	125	16
96	126	37
96	129	23
96	133	86
96	139	42
96	145	9
96	146	2
96	149	79
96	150	3
96	155	61
96	157	57
96	165	34
96	170	58
96	171	99
96	172	70
96	176	31
96	179	69
96	183	57
96	184	57
96	185	36
96	188	79
96	190	20
96	191	46
96	194	28
96	197	57
96	198	1
97	99	20
97	102	38
97	104	62
97	111	83
97	117	66
97	119	73
97	121	80
97	123	7
97	128	23
97	130	26
97	138	27
97	145	16
97	147	25
97	148	91
97	152	79
97	154	49
97	157	13
97	167	72
97	169	100
97	171	21
97	174	20
97	178	66
97	179	69
97	180	50
97	192	22
97	199	28
98	106	88
98	109	62
98	111	15
98	112	31
98	117	64
98	118	48
98	122	6
98	123	73
98	124	47
98	127	88
98	131	55
98	133	86
98	134	8
98	136	54
98	144	43
98	146	8
98	148	92
98	149	91
98	154	14
98	156	100
98	165	64
98	166	24
98	173	54
98	176	50
98	179	53
98	191	14
98	192	44
98	193	47
98	194	10
99	100	97
99	103	90
99	112	94
99	117	67
99	118	95
99	120	34
99	122	13
99	123	66
99	124	20
99	129	98
99	130	50
99	131	82
99	134	66
99	137	77
99	139	14
99	141	55
99	143	96
99	145	89
99	148	93
99	149	46
99	150	36
99	152	8
99	156	43
99	159	21
99	160	31
99	172	89
99	174	94
99	175	65
99	178	4
99	181	75
99	183	95
99	184	70
99	186	28
99	195	95
99	197	66
99	198	36
100	103	54
100	105	13
100	110	44
100	111	35
100	112	45
100	117	79
100	118	57
100	124	40
100	128	98
100	129	34
100	130	57
100	133	65
100	134	81
100	144	91
100	148	21
100	150	89
100	151	4
100	156	26
100	161	37
100	165	93
100	166	69
100	167	8
100	170	13
100	177	60
100	181	34
100	193	22
101	102	80
101	103	35
101	106	31
101	108	5
101	112	30
101	114	84
101	116	67
101	117	81
101	125	16
101	126	86
101	128	82
101	135	71
101	139	66
101	141	88
101	142	29
101	144	41
101	145	51
101	152	88
101	154	4
101	156	69
101	157	56
101	158	9
101	162	17
101	169	97
101	172	72
101	174	46
101	176	24
101	177	73
101	182	69
101	187	13
101	189	100
101	191	62
101	196	29
102	103	49
102	105	60
102	106	24
102	112	47
102	113	54
102	115	37
102	117	29
102	121	46
102	125	83
102	129	42
102	131	71
102	132	52
102	135	4
102	138	36
102	140	18
102	145	8
102	146	71
102	147	49
102	152	90
102	154	19
102	155	3
102	167	70
102	169	93
102	175	10
102	180	90
102	181	37
102	182	54
102	189	56
102	192	94
103	106	35
103	111	21
103	117	3
103	121	11
103	127	22
103	128	59
103	129	96
103	131	75
103	136	50
103	142	97
103	144	56
103	146	91
103	147	23
103	153	63
103	157	86
103	158	89
103	160	82
103	161	78
103	164	67
103	165	50
103	174	24
103	177	82
103	179	12
103	180	97
103	182	23
103	189	58
103	190	62
103	191	61
103	194	83
103	197	62
103	198	58
104	106	69
104	113	37
104	114	29
104	116	31
104	119	72
104	125	65
104	133	53
104	137	5
104	143	3
104	145	91
104	153	12
104	156	52
104	157	92
104	158	45
104	159	37
104	160	15
104	163	61
104	165	35
104	167	64
104	171	27
104	173	90
104	183	28
104	185	69
104	189	93
104	191	15
104	192	3
104	193	26
104	194	86
104	195	12
105	108	60
105	111	86
105	112	24
105	115	46
105	116	100
105	118	52
105	126	41
105	130	36
105	131	28
105	135	21
105	138	53
105	139	36
105	140	80
105	142	55
105	146	34
105	152	52
105	153	57
105	157	62
105	162	25
105	163	35
105	166	100
105	168	37
105	169	19
105	170	46
105	180	53
105	182	99
105	185	71
105	190	66
105	192	97
105	193	1
105	196	2
105	198	52
105	199	41
106	108	94
106	109	66
106	110	74
106	115	82
106	117	18
106	126	10
106	129	85
106	133	21
106	136	64
106	137	79
106	138	72
106	139	34
106	146	20
106	149	74
106	150	42
106	153	87
106	157	91
106	158	47
106	161	47
106	162	74
106	163	30
106	165	59
106	166	68
106	169	94
106	177	7
106	178	35
106	189	21
106	192	91
106	193	9
106	196	21
106	197	71
107	109	84
107	116	70
107	117	41
107	119	34
107	128	84
107	129	45
107	130	76
107	132	89
107	136	25
107	138	100
107	139	80
107	145	35
107	151	81
107	152	7
107	155	43
107	158	78
107	160	37
107	162	35
107	163	19
107	165	41
107	166	16
107	169	74
107	170	17
107	171	67
107	172	75
107	177	70
107	179	92
107	182	37
107	183	15
107	187	92
107	189	8
107	190	71
107	192	12
107	193	34
107	197	29
108	116	87
108	117	93
108	119	11
108	123	60
108	124	57
108	130	93
108	133	12
108	134	34
108	137	29
108	146	30
108	154	9
108	155	9
108	156	61
108	160	44
108	163	60
108	164	91
108	165	22
108	170	66
108	171	17
108	179	34
108	180	44
108	184	72
108	187	83
108	191	34
108	192	99
108	197	43
108	198	48
108	199	68
109	113	7
109	115	51
109	116	16
109	125	41
109	127	29
109	129	32
109	130	48
109	131	27
109	139	16
109	140	71
109	142	47
109	143	3
109	144	85
109	146	2
109	149	37
109	151	38
109	154	21
109	156	50
109	159	86
109	160	31
109	162	2
109	163	44
109	165	74
109	174	15
109	175	49
109	178	78
109	179	89
109	181	67
109	186	26
109	188	9
109	189	23
109	192	6
109	199	4
110	113	62
110	116	54
110	121	78
110	131	59
110	133	48
110	134	74
110	135	58
110	136	60
110	138	41
110	143	84
110	145	58
110	148	94
110	150	57
110	152	82
110	153	19
110	155	33
110	159	58
110	167	87
110	168	3
110	178	48
110	180	66
110	181	23
110	182	17
110	187	94
110	194	98
110	197	56
111	117	19
111	122	2
111	123	94
111	124	7
111	125	85
111	127	37
111	132	90
111	133	26
111	135	59
111	140	4
111	141	73
111	143	93
111	145	93
111	152	86
111	153	1
111	154	84
111	155	36
111	158	73
111	162	10
111	165	30
111	166	72
111	168	62
111	169	48
111	170	63
111	171	60
111	172	2
111	174	4
111	175	41
111	177	54
111	179	95
111	193	7
111	196	12
111	198	53
112	114	15
112	116	91
112	117	28
112	121	19
112	122	53
112	126	57
112	147	99
112	148	64
112	150	43
112	152	51
112	155	9
112	157	20
112	161	1
112	163	17
112	167	37
112	168	48
112	169	89
112	183	93
112	186	62
112	188	37
112	195	41
112	196	41
112	198	26
113	116	92
113	121	73
113	122	34
113	128	62
113	131	37
113	132	5
113	135	42
113	142	35
113	143	63
113	150	13
113	152	23
113	154	16
113	156	53
113	164	64
113	167	30
113	169	84
113	170	92
113	173	74
113	179	95
113	183	13
113	186	29
113	187	79
113	188	20
113	192	65
113	194	91
113	196	54
113	197	11
114	119	45
114	123	52
114	127	92
114	129	19
114	130	52
114	134	44
114	136	25
114	137	61
114	139	32
114	140	73
114	142	84
114	144	70
114	146	92
114	149	91
114	150	13
114	152	74
114	162	24
114	163	49
114	169	43
114	171	53
114	173	73
114	174	34
114	178	20
114	179	78
114	183	43
114	185	22
114	191	18
114	192	11
114	193	63
114	194	30
114	199	31
115	118	57
115	120	22
115	122	36
115	129	16
115	130	63
115	132	25
115	135	10
115	138	39
115	146	46
115	162	19
115	171	20
115	174	41
115	175	14
115	176	8
115	177	57
115	180	17
115	185	37
115	190	72
115	193	62
116	119	22
116	122	8
116	126	98
116	128	83
116	129	93
116	131	68
116	133	90
116	135	97
116	136	36
116	138	92
116	142	35
116	144	29
116	151	49
116	152	99
116	153	55
116	154	13
116	158	94
116	159	25
116	161	1
116	170	79
116	171	47
116	172	24
116	174	21
116	175	62
116	177	54
116	178	40
116	185	66
116	189	46
116	192	92
116	194	76
116	195	42
116	198	45
117	119	48
117	127	68
117	129	28
117	133	71
117	140	72
117	141	61
117	144	39
117	146	94
117	153	22
117	155	20
117	156	39
117	158	91
117	160	59
117	162	24
117	169	29
117	173	12
117	174	80
117	178	76
117	181	67
117	183	1
117	188	4
117	189	67
117	191	50
117	193	83
117	194	89
118	120	73
118	125	61
118	132	94
118	135	74
118	137	19
118	141	10
118	145	67
118	148	75
118	150	54
118	156	99
118	158	84
118	168	86
118	169	76
118	173	10
118	175	13
118	180	62
118	187	43
118	199	14
119	124	91
119	125	32
119	133	26
119	136	45
119	138	12
119	139	34
119	141	65
119	142	9
119	144	29
119	148	16
119	152	55
119	154	25
119	161	95
119	164	55
119	165	11
119	166	31
119	171	42
119	178	35
119	185	4
119	191	48
119	192	100
119	193	50
119	196	37
119	197	16
120	130	94
120	134	95
120	135	78
120	139	13
120	144	50
120	145	54
120	146	7
120	147	8
120	148	64
120	150	38
120	151	72
120	164	85
120	166	19
120	172	6
120	173	42
120	176	97
120	183	14
120	189	84
120	191	9
120	192	92
120	193	5
120	194	57
121	122	70
121	124	87
121	128	18
121	135	65
121	136	97
121	139	80
121	140	63
121	141	53
121	142	70
121	149	9
121	157	72
121	159	5
121	162	88
121	163	49
121	164	49
121	170	89
121	172	2
121	185	53
121	191	36
121	192	68
121	193	19
121	196	8
121	197	35
121	198	48
122	123	5
122	131	91
122	132	9
122	133	14
122	143	5
122	145	44
122	150	49
122	154	100
122	155	22
122	156	93
122	162	63
122	164	94
122	166	12
122	167	6
122	173	76
122	174	79
122	181	95
122	187	93
122	188	26
122	198	84
122	199	27
123	124	60
123	128	76
123	134	40
123	135	91
123	142	90
123	145	45
123	147	3
123	150	76
123	151	7
123	153	7
123	155	91
123	163	76
123	164	10
123	169	67
123	171	32
123	182	14
123	183	79
123	186	39
123	188	21
124	126	6
124	131	1
124	132	91
124	133	62
124	134	44
124	137	60
124	140	79
124	143	25
124	149	51
124	153	47
124	154	74
124	156	28
124	157	43
124	159	7
124	161	26
124	162	65
124	164	73
124	165	85
124	168	67
124	173	85
124	176	53
124	177	2
124	180	75
124	181	74
124	185	95
124	189	22
124	191	32
124	195	32
124	196	84
124	198	92
124	199	80
125	127	45
125	129	65
125	132	45
125	136	6
125	137	73
125	139	77
125	140	62
125	142	63
125	144	1
125	145	74
125	155	74
125	157	1
125	160	40
125	161	5
125	166	40
125	170	64
125	176	93
125	182	51
125	186	4
125	190	20
125	191	73
125	193	35
125	197	2
125	198	79
126	127	36
126	128	81
126	133	96
126	134	18
126	135	37
126	137	60
126	141	71
126	146	54
126	151	50
126	152	60
126	154	72
126	157	95
126	161	5
126	165	88
126	170	10
126	173	67
126	182	71
126	185	71
126	188	29
126	190	25
126	193	48
126	195	81
126	196	20
126	197	3
127	132	8
127	134	4
127	135	98
127	142	56
127	144	18
127	149	35
127	154	7
127	156	57
127	157	68
127	162	65
127	164	71
127	169	13
127	173	26
127	182	21
127	187	2
127	188	24
127	189	19
127	191	73
127	194	27
127	199	19
128	143	18
128	145	77
128	148	67
128	149	5
128	150	11
128	152	92
128	154	29
128	155	48
128	156	96
128	158	13
128	160	97
128	164	84
128	166	63
128	170	42
128	178	75
128	179	90
128	189	100
128	194	84
128	199	82
129	134	94
129	138	94
129	142	93
129	150	24
129	151	26
129	155	83
129	157	96
129	158	62
129	162	10
129	164	49
129	165	30
129	168	51
129	173	53
129	174	21
129	178	38
129	183	67
129	187	54
129	188	68
129	193	46
129	195	35
129	197	53
129	198	79
130	136	14
130	140	98
130	143	63
130	144	69
130	150	65
130	151	18
130	153	37
130	160	10
130	162	79
130	164	19
130	168	26
130	172	54
130	181	43
130	187	90
130	188	26
130	189	60
130	192	7
130	194	33
131	134	84
131	136	61
131	141	21
131	145	25
131	149	11
131	155	27
131	157	94
131	165	55
131	169	62
131	176	59
131	184	78
131	185	96
131	188	95
131	189	16
131	190	11
131	193	9
131	194	27
131	196	10
132	137	58
132	138	9
132	139	1
132	140	92
132	142	43
132	145	99
132	146	38
132	148	2
132	152	95
132	156	34
132	158	92
132	160	9
132	164	78
132	171	93
132	173	11
132	182	32
132	184	35
132	189	15
132	190	53
132	194	56
133	135	100
133	141	14
133	145	99
133	146	55
133	147	56
133	148	35
133	150	44
133	158	98
133	159	11
133	168	72
133	174	45
133	177	33
133	178	67
133	180	49
133	183	37
133	185	74
133	189	86
133	191	86
133	192	85
133	193	50
133	194	67
133	196	78
133	198	81
133	199	89
134	135	78
134	137	25
134	140	11
134	143	28
134	144	55
134	145	73
134	148	70
134	150	38
134	151	42
134	158	4
134	159	50
134	160	92
134	167	27
134	169	31
134	173	31
134	179	61
134	180	22
134	187	18
134	190	86
134	191	59
134	193	92
135	136	49
135	138	14
135	140	30
135	143	14
135	151	26
135	152	61
135	157	97
135	159	38
135	165	22
135	169	13
135	171	29
135	172	94
135	174	37
135	176	89
135	181	88
135	183	62
135	186	27
135	188	46
135	189	68
135	193	80
135	195	42
135	197	13
136	140	95
136	143	52
136	145	10
136	149	56
136	150	47
136	151	83
136	165	10
136	166	3
136	168	34
136	170	39
136	173	98
136	179	43
136	185	77
136	186	34
136	187	15
136	189	86
136	190	98
136	191	3
136	194	93
136	195	42
137	138	87
137	139	48
137	140	25
137	144	49
137	145	73
137	150	31
137	152	10
137	153	74
137	154	53
137	156	11
137	161	75
137	163	82
137	164	22
137	166	81
137	170	80
137	171	47
137	172	22
137	173	97
137	181	49
137	194	60
137	199	68
138	139	79
138	144	90
138	148	13
138	150	10
138	158	37
138	167	94
138	171	49
138	173	72
138	175	8
138	176	41
138	180	7
138	188	36
138	194	71
138	196	51
138	197	78
138	198	78
139	140	67
139	142	17
139	143	10
139	144	37
139	145	88
139	146	88
139	152	25
139	155	27
139	163	60
139	166	5
139	173	87
139	175	40
139	176	14
139	178	93
139	179	57
139	180	8
139	182	75
139	185	91
139	186	67
139	189	95
139	190	7
139	199	44
140	146	70
140	147	42
140	149	63
140	154	39
140	157	80
140	158	90
140	159	25
140	160	35
140	162	88
140	163	20
140	164	74
140	167	55
140	168	68
140	169	8
140	172	63
140	173	33
140	182	93
140	183	79
140	184	55
140	187	25
140	188	81
140	192	59
140	194	74
141	149	59
141	154	7
141	155	19
141	158	43
141	162	7
141	170	75
141	171	82
141	178	26
141	179	10
141	182	71
141	183	33
141	186	58
141	191	7
141	192	95
141	195	21
141	198	52
141	199	45
142	144	48
142	151	53
142	152	82
142	155	58
142	158	4
142	159	68
142	161	95
142	164	40
142	166	57
142	173	28
142	178	82
142	179	22
142	187	63
142	189	58
142	195	73
142	196	63
143	145	61
143	147	28
143	149	34
143	150	82
143	155	90
143	158	65
143	160	79
143	161	39
143	163	74
143	165	36
143	166	93
143	171	28
143	173	96
143	177	26
143	181	12
143	182	37
143	187	88
143	189	41
143	191	28
143	195	67
143	197	81
143	198	31
144	148	55
144	151	67
144	152	89
144	154	40
144	156	77
144	159	58
144	163	55
144	168	24
144	172	39
144	181	97
144	183	24
144	184	39
144	186	50
144	187	34
144	188	29
144	191	47
144	192	67
144	193	31
145	147	16
145	151	8
145	165	29
145	167	3
145	172	20
145	175	16
145	176	83
145	179	95
145	180	48
145	182	88
145	183	42
145	185	89
145	186	21
145	193	69
146	148	45
146	149	54
146	150	76
146	152	3
146	153	24
146	154	9
146	158	62
146	163	21
146	165	16
146	167	82
146	168	86
146	177	22
146	178	27
146	180	6
146	181	32
146	182	73
146	183	94
146	186	15
146	192	74
146	195	70
146	197	76
147	151	86
147	156	11
147	159	13
147	160	97
147	166	61
147	168	46
147	173	11
147	178	52
147	183	62
147	184	38
147	186	73
147	195	67
147	197	55
147	198	35
148	149	46
148	150	36
148	155	5
148	160	29
148	162	31
148	165	48
148	169	97
148	178	37
148	180	38
148	182	99
148	184	42
148	186	89
148	189	82
148	190	17
148	193	15
148	195	44
148	196	90
149	156	93
149	158	24
149	159	40
149	162	31
149	167	69
149	168	48
149	179	88
149	181	9
149	185	92
149	192	46
149	195	65
149	199	54
150	154	72
150	157	79
150	166	37
150	167	20
150	170	49
150	171	48
150	175	1
150	179	77
150	181	91
150	183	37
150	184	76
150	187	17
150	194	24
150	196	31
150	197	21
150	198	48
151	156	74
151	158	29
151	159	84
151	162	59
151	168	40
151	172	14
151	174	81
151	176	67
151	178	6
151	179	39
151	181	80
151	190	30
151	194	57
151	198	91
152	153	89
152	154	98
152	157	84
152	168	66
152	175	26
152	179	20
152	180	31
152	181	38
152	185	93
152	187	100
152	188	89
152	191	91
153	155	46
153	162	52
153	163	18
153	164	65
153	172	57
153	175	58
153	182	25
153	184	71
153	188	1
153	189	88
153	192	46
153	196	44
154	155	57
154	157	48
154	159	20
154	160	73
154	161	23
154	163	51
154	164	99
154	168	23
154	169	37
154	171	24
154	176	25
154	178	70
154	179	68
154	183	99
154	185	65
154	188	9
154	191	89
154	199	56
155	157	20
155	159	2
155	162	11
155	164	40
155	166	82
155	167	28
155	174	76
155	175	19
155	177	11
155	181	3
155	183	10
155	189	12
155	197	31
155	198	16
156	162	56
156	163	96
156	165	90
156	170	51
156	172	51
156	173	16
156	174	48
156	183	84
156	185	21
156	186	10
156	188	58
156	189	85
156	191	99
157	160	23
157	162	35
157	169	69
157	172	67
157	183	42
157	185	30
157	189	81
157	198	84
157	199	47
158	164	27
158	172	22
158	176	22
158	179	7
158	180	15
158	181	25
158	184	16
158	185	61
158	189	77
158	191	44
158	193	89
158	199	36
159	162	46
159	175	45
159	178	67
159	182	59
159	187	91
159	188	12
159	191	65
159	199	48
160	166	4
160	168	40
160	172	64
160	177	68
160	179	78
160	190	79
160	191	40
160	193	77
160	194	61
160	199	57
161	165	7
161	169	100
161	172	47
161	177	12
161	178	75
161	183	100
161	185	28
161	193	80
161	198	67
161	199	61
162	164	22
162	165	94
162	167	45
162	171	39
162	172	29
162	173	21
162	175	77
162	176	2
162	179	32
162	181	17
162	187	13
162	190	96
162	194	12
162	197	29
162	198	98
162	199	57
163	164	13
163	166	37
163	167	66
163	169	72
163	173	59
163	178	2
163	197	36
163	199	97
164	168	1
164	169	83
164	172	46
164	176	5
164	178	36
164	179	53
164	185	88
164	191	85
164	192	66
165	176	27
165	185	90
165	191	28
165	195	84
165	196	31
165	198	7
165	199	90
166	167	36
166	169	96
166	173	41
166	175	30
166	176	17
166	179	19
166	182	79
166	184	72
166	188	100
166	196	29
166	197	97
167	174	6
167	178	21
167	179	39
167	180	2
167	182	57
167	184	48
167	191	76
167	199	71
168	177	51
168	179	37
168	180	62
168	181	24
168	183	2
168	190	5
168	191	51
168	193	20
169	170	74
169	172	24
169	173	20
169	177	63
169	179	29
169	181	52
169	182	80
169	185	55
169	187	74
169	194	66
169	197	71
170	174	18
170	176	67
170	182	69
170	185	18
170	186	60
170	187	60
170	191	39
170	197	97
170	198	2
171	179	98
171	180	82
171	184	64
171	186	60
171	187	7
171	188	11
171	189	59
171	190	41
171	191	26
171	193	19
171	199	87
172	173	75
172	176	89
172	178	1
172	179	19
172	187	7
172	195	73
172	197	56
172	199	45
173	174	58
173	179	97
173	182	35
173	183	58
173	184	6
173	190	72
173	194	81
173	198	4
173	199	7
174	178	15
174	179	57
174	183	64
174	188	94
174	196	5
175	179	18
175	183	35
175	188	31
175	190	30
175	198	19
176	177	91
176	181	82
176	183	33
176	194	97
176	195	77
176	197	81
177	182	4
177	186	85
177	196	99
178	179	78
178	181	82
178	182	85
178	187	37
178	193	89
178	199	97
179	180	26
179	187	10
179	188	96
179	196	36
179	198	6
179	199	9
180	182	65
180	191	37
180	197	94
181	186	38
181	187	93
181	191	71
181	195	59
181	198	67
182	190	3
182	195	70
182	196	48
182	197	29
183	184	92
183	186	22
183	187	29
183	188	63
183	189	79
183	192	85
183	198	78
184	189	87
184	196	80
185	187	77
185	190	98
185	191	30
185	192	58
185	195	39
185	196	27
186	188	20
186	189	24
186	190	94
186	191	44
186	194	75
186	198	16
186	199	100
187	191	65
187	194	87
187	198	47
188	190	32
188	192	76
188	193	93
188	194	93
188	195	70
188	198	6
189	193	20
189	195	92
189	198	8
190	193	81
190	194	56
190	196	8
190	198	95
190	199	86
191	198	23
191	199	57
192	193	7
192	195	79
192	196	53
192	198	82
193	195	97
193	196	45
193	197	89
194	199	42
197	199	75
