59106
57292
56577
52828
58202
57675
58442
53912
54092
55085
55644
53394
56949
50475
55118
57456
57122
54027
51066
56498
57437
58413
50360
58325
54715
58776
52279
51409
52186
52779
55697
57490
59931
52908
55667
59718
59855
57887
58157
51290
55783
50769
58020
52963
50834
51340
56667
58828
50864
58468
54374
51334
59984
53580
51624
55827
56560
58969
52733
54604
51148
56164
56053
56061
57190
54616
50980
50247
55673
57582
52550
55812
56855
56870
50350
50852
58943
54691
54001
56925
52022
54242
54580
52717
55336
55148
53695
54164
55025
52832
55579
57281
56879
59973
59068
57917
51895
56640
52724
58052
52342
58999
54871
54983
58261
54883
55943
54309
51083
59950
51274
55781
58147
56656
59477
55390
51866
50803
50069
52708
57737
57951
57449
51816
53369
50488
58864
50989
57285
52067
51340
55936
51046
58934
50276
55037
58998
50880
53265
58659
58618
55794
50517
54650
56884
55526
53207
55411
56078
57167
59478
51489
54148
55592
53108
59553
59049
56109
57982
54155
54886
51314
57771
59902
56820
58783
56232
59862
52446
54702
56535
51977
51157
57932
50077
56822
58910
59542
58468
59172
58938
50904
57714
56978
59633
58912
51483
58557
59380
56173
57886
53636
51688
52484
56231
50225
55668
56637
52750
54883
