179
184
151
103
186
183
195
131
110
182
108
116
112
171
130
177
104
187
110
185
111
134
183
160
178
185
144
190
180
120
144
132
147
154
163
137
102
113
199
102
166
155
140
138
132
193
149
136
180
126
128
185
171
122
186
137
129
172
189
168
195
150
161
105
144
117
167
185
180
168
189
157
182
200
158
108
184
134
110
173
106
155
198
178
158
142
177
172
162
130
120
171
181
122
150
199
142
113
158
121
112
169
101
134
168
130
185
111
108
177
147
101
148
116
138
163
166
121
181
159
142
188
177
169
111
189
190
157
185
105
196
127
133
106
130
171
178
104
138
169
147
118
151
164
174
190
179
113
151
128
189
117
135
137
128
192
168
200
139
191
161
146
149
192
152
189
186
115
133
114
170
108
119
170
123
166
184
187
109
175
100
126
115
140
140
151
129
163
193
137
194
133
163
155
173
190
166
113
148
138
