54418
57489
57932
57873
52271
55976
53706
56133
53836
52079
50770
51435
50337
53361
51367
53060
58816
56127
52971
58771
56212
52496
58492
53621
53955
57684
50561
50023
58523
54261
58500
58519
59494
52109
57376
52808
56366
56493
56896
54698
53936
58384
55187
54730
53581
59850
54058
52647
51347
50518
53694
51680
59269
55673
54633
57008
54276
58118
52122
51169
56583
59941
59608
53026
51083
57396
50058
54836
57393
58630
59618
59176
53180
59788
56833
54000
55049
51821
56681
57125
51494
57225
53219
56629
51017
53578
50100
56042
53213
51551
57479
54096
58791
50113
57202
55695
51862
59211
58759
56806
52580
54640
51442
57681
53799
58243
53632
56440
55759
52224
59085
54541
53412
51261
56993
50308
52813
50384
57788
53692
58530
52854
53274
50957
51615
50829
54383
55703
59196
52013
58976
54022
53926
55958
59333
58525
55878
58414
59565
55421
59356
57402
55989
51439
52091
58585
55293
52588
56450
55373
55988
56952
53824
59853
57522
59749
55367
51258
56992
52912
57004
53288
56556
53509
57129
59299
54406
59782
58035
51979
56560
51439
56991
51148
50990
54490
54217
58377
57730
51675
51144
50951
52802
51657
51047
51443
54186
53438
52004
53184
58012
59441
54923
58461
51349
54413
55075
53330
53118
52443
