1 0 2
2 0 43
3 0 90
3 2 27
4 2 29
4 3 70
5 1 30
6 4 11
7 5 80
8 7 97
9 1 33
9 5 40
9 7 87
9 8 48
10 0 45
11 0 75
11 2 55
11 3 46
11 4 36
12 10 66
13 2 12
14 0 88
14 2 15
14 3 74
14 4 45
14 11 33
15 0 74
15 1 77
15 2 47
15 3 50
15 4 60
15 5 86
15 9 34
15 10 94
15 11 46
15 14 66
16 0 19
16 2 52
16 3 41
16 4 46
16 6 14
16 15 67
17 1 4
17 8 17
17 9 9
18 0 37
18 1 22
18 2 30
18 3 55
18 4 2
18 5 66
18 7 97
18 8 59
18 9 34
18 11 58
18 13 71
18 15 34
18 17 94
19 7 39
19 8 7
20 0 41
20 2 15
20 3 68
20 4 55
20 16 15
21 0 6
21 1 79
21 5 67
22 19 4
23 0 38
23 3 62
23 11 45
23 14 16
23 15 4
23 16 78
23 20 97
24 13 27
25 2 74
25 4 78
26 0 11
26 1 29
26 2 12
26 3 66
26 4 97
26 5 96
26 6 18
26 7 92
26 8 48
26 9 17
26 10 91
26 11 34
26 13 37
26 14 10
26 15 53
26 16 70
26 17 81
26 18 68
26 19 19
26 25 91
27 18 58
28 5 31
28 7 84
28 9 19
29 7 69
29 9 4
29 18 56
29 26 38
29 28 50
30 25 97
31 0 82
31 2 58
31 26 51
32 12 89
33 1 5
33 5 52
33 7 75
33 8 73
34 0 43
34 1 39
34 5 15
34 7 100
34 8 88
34 9 40
34 17 86
34 26 15
34 28 92
34 29 91
34 31 11
34 33 7
35 0 29
35 1 10
35 3 76
35 5 47
35 7 34
35 8 1
35 9 34
35 14 69
35 15 85
35 16 39
35 17 6
35 18 72
35 19 71
35 22 61
35 23 19
35 26 93
35 28 74
35 29 8
35 31 88
35 33 62
35 34 8
36 16 60
37 0 8
37 1 36
37 5 87
37 7 34
37 8 38
37 9 2
37 15 79
37 17 84
37 18 70
37 19 75
37 23 5
37 26 36
37 28 43
37 29 49
37 33 31
37 34 58
37 35 65
38 27 28
39 0 20
39 1 28
39 2 40
39 3 99
39 4 17
39 5 45
39 7 48
39 8 7
39 9 19
39 11 37
39 14 85
39 15 4
39 16 40
39 18 3
39 19 43
39 20 80
39 22 77
39 23 81
39 26 86
39 28 27
39 29 56
39 31 25
39 34 10
39 35 26
39 37 58
40 0 99
40 2 52
40 3 72
40 4 44
40 5 61
40 7 96
40 8 94
40 9 23
40 15 40
40 18 21
40 19 20
40 27 88
40 28 75
40 29 58
40 33 46
40 34 93
40 35 12
40 37 5
40 38 3
40 39 8
41 33 28
42 10 27
43 33 83
44 24 70
45 33 26
45 40 18
45 43 44
46 11 86
46 23 25
47 8 71
47 31 42
47 39 71
48 0 92
48 2 100
48 3 28
48 4 82
48 6 6
48 10 14
48 11 19
48 13 30
48 14 13
48 25 52
48 26 16
48 35 15
48 40 94
48 46 20
49 47 56
50 0 9
50 1 100
50 2 22
50 3 73
50 4 10
50 5 35
50 6 19
50 7 94
50 8 23
50 9 90
50 10 19
50 11 98
50 13 15
50 14 56
50 15 89
50 16 36
50 17 43
50 18 43
50 19 4
50 20 11
50 23 17
50 26 84
50 27 3
50 29 92
50 31 52
50 33 33
50 34 34
50 35 41
50 37 73
50 38 33
50 39 84
50 40 81
50 42 42
50 46 35
50 48 21
51 18 47
51 20 50
51 23 65
51 27 91
51 29 65
51 35 40
51 38 86
51 39 79
51 50 74
52 9 14
53 2 29
53 13 86
53 48 62
54 24 66
54 44 94
55 33 50
55 37 34
55 41 56
55 43 4
55 45 42
56 15 65
56 39 8
57 0 69
57 1 19
57 2 54
57 3 42
57 4 71
57 5 24
57 6 39
57 7 24
57 8 69
57 9 80
57 10 61
57 11 91
57 13 56
57 14 57
57 15 38
57 16 48
57 17 97
57 18 23
57 19 65
57 20 3
57 21 91
57 23 45
57 24 96
57 25 68
57 26 24
57 28 70
57 29 23
57 31 35
57 33 37
57 34 5
57 35 39
57 37 96
57 39 64
57 40 36
57 41 98
57 42 34
57 43 48
57 45 42
57 46 42
57 47 85
57 48 5
57 50 18
57 51 98
57 53 19
57 55 98
58 10 75
58 12 66
58 32 73
59 56 15
60 9 23
60 17 90
60 35 45
60 51 49
61 0 70
61 1 63
61 2 37
61 3 11
61 4 74
61 5 73
61 7 26
61 8 13
61 9 84
61 11 42
61 14 99
61 15 69
61 16 36
61 18 82
61 19 90
61 20 24
61 21 2
61 23 34
61 26 6
61 27 39
61 29 18
61 34 50
61 35 48
61 37 98
61 39 6
61 40 45
61 48 25
61 50 88
61 51 98
61 53 80
61 57 75
61 60 8
62 10 89
62 12 97
62 32 70
62 58 93
63 0 46
63 1 9
63 2 78
63 3 53
63 4 56
63 5 1
63 6 16
63 7 50
63 8 92
63 9 94
63 11 91
63 13 66
63 14 28
63 16 12
63 17 63
63 18 54
63 20 45
63 21 30
63 22 34
63 23 50
63 24 11
63 26 64
63 27 98
63 28 97
63 29 71
63 31 75
63 33 43
63 34 38
63 35 49
63 37 80
63 38 6
63 39 34
63 40 22
63 41 68
63 46 38
63 47 33
63 48 8
63 49 50
63 50 35
63 51 50
63 52 93
63 53 45
63 56 23
63 57 37
63 60 28
63 61 11
64 0 16
64 1 33
64 5 54
64 50 93
65 0 85
65 1 52
65 2 18
65 3 75
65 4 3
65 5 49
65 6 98
65 7 9
65 8 11
65 9 2
65 11 47
65 13 91
65 14 84
65 15 39
65 16 69
65 17 79
65 18 78
65 19 93
65 20 88
65 21 89
65 22 1
65 23 11
65 24 12
65 25 42
65 26 42
65 28 4
65 29 60
65 31 8
65 33 20
65 34 92
65 35 7
65 36 85
65 37 98
65 38 38
65 39 6
65 40 16
65 41 49
65 43 35
65 44 9
65 45 99
65 46 21
65 48 26
65 50 58
65 51 46
65 53 98
65 54 35
65 55 36
65 56 20
65 57 96
65 59 88
65 60 80
65 61 42
65 63 92
66 54 50
66 65 38
67 0 96
68 5 45
68 7 1
68 8 14
68 19 79
69 0 19
70 56 36
71 0 95
71 1 91
71 5 15
71 7 26
71 11 81
71 14 86
71 16 89
71 23 60
71 33 35
71 35 53
71 46 34
71 54 75
71 61 61
71 65 20
71 66 11
72 11 67
72 19 52
72 22 63
72 63 17
73 1 90
73 3 79
73 4 29
73 5 32
73 7 50
73 8 89
73 9 32
73 26 37
73 33 7
73 39 44
73 44 51
73 54 57
73 65 51
73 66 86
73 71 5
74 0 71
74 1 38
74 2 80
74 3 28
74 4 6
74 5 97
74 6 98
74 7 51
74 8 32
74 9 4
74 10 93
74 11 63
74 13 76
74 14 47
74 15 80
74 16 7
74 17 26
74 18 19
74 19 83
74 20 36
74 22 31
74 23 56
74 25 80
74 26 77
74 27 85
74 28 51
74 29 6
74 31 21
74 33 28
74 34 39
74 35 40
74 37 59
74 39 49
74 40 4
74 47 88
74 48 9
74 49 96
74 50 80
74 51 45
74 53 71
74 54 2
74 57 94
74 58 77
74 60 45
74 61 78
74 63 4
74 65 85
74 66 29
74 68 93
74 71 45
74 72 55
74 73 33
75 16 44
75 36 55
76 59 10
77 56 65
78 0 26
78 2 52
78 4 38
78 5 44
78 7 17
78 8 24
78 9 28
78 16 11
78 18 86
78 23 77
78 28 53
78 29 24
78 31 6
78 33 98
78 34 48
78 35 1
78 37 98
78 39 38
78 40 50
78 41 96
78 42 1
78 43 36
78 45 20
78 47 50
78 48 54
78 49 18
78 50 12
78 51 67
78 52 79
78 53 9
78 55 16
78 57 93
78 61 88
78 63 96
78 64 33
78 65 23
78 68 90
78 73 39
78 74 5
79 48 87
79 50 44
79 71 79
79 74 45
80 11 57
81 10 62
81 42 42
82 0 18
82 1 81
82 2 59
82 3 61
82 4 65
82 5 51
82 6 80
82 7 51
82 8 54
82 9 50
82 10 50
82 11 31
82 13 6
82 14 79
82 15 2
82 16 66
82 17 1
82 18 61
82 19 10
82 20 2
82 22 33
82 23 72
82 25 23
82 26 57
82 27 27
82 28 38
82 29 8
82 31 48
82 33 6
82 34 87
82 35 97
82 37 86
82 38 74
82 39 54
82 40 83
82 41 52
82 43 82
82 44 56
82 45 20
82 46 29
82 47 78
82 48 71
82 50 98
82 51 79
82 55 42
82 57 24
82 60 70
82 61 65
82 63 75
82 65 82
82 71 14
82 72 63
82 73 25
82 74 93
82 78 95
82 79 73
83 39 72
84 48 18
85 73 82
86 23 85
87 0 67
87 1 41
87 2 59
87 3 16
87 4 44
87 5 68
87 6 86
87 7 19
87 8 20
87 9 86
87 10 92
87 11 28
87 13 44
87 15 97
87 16 50
87 17 90
87 18 21
87 19 30
87 20 87
87 22 6
87 23 5
87 24 29
87 25 85
87 26 28
87 27 47
87 28 74
87 29 86
87 31 76
87 34 75
87 35 59
87 36 36
87 37 99
87 38 37
87 39 67
87 40 72
87 42 52
87 47 47
87 50 98
87 51 31
87 53 37
87 55 16
87 56 66
87 57 54
87 61 87
87 63 49
87 64 36
87 65 45
87 68 64
87 72 43
87 73 80
87 74 94
87 75 90
87 78 19
87 82 63
87 83 58
87 85 81
88 33 66
89 0 15
89 2 66
89 3 69
89 4 54
89 5 12
89 6 98
89 8 49
89 9 22
89 10 40
89 15 20
89 18 9
89 19 54
89 20 59
89 22 99
89 25 16
89 26 25
89 29 77
89 30 75
89 31 31
89 33 19
89 34 38
89 39 98
89 41 16
89 42 44
89 47 92
89 48 53
89 50 23
89 55 25
89 57 91
89 61 19
89 63 5
89 65 88
89 66 20
89 71 99
89 72 40
89 73 82
89 74 2
89 78 13
89 81 39
89 82 24
89 87 100
89 88 36
90 0 44
90 69 33
91 0 4
91 1 34
91 2 24
91 3 48
91 4 40
91 5 73
91 7 77
91 8 30
91 9 64
91 10 40
91 11 21
91 13 92
91 14 65
91 15 64
91 17 89
91 18 59
91 19 50
91 20 46
91 22 55
91 23 82
91 24 11
91 25 56
91 26 27
91 27 85
91 28 28
91 29 19
91 30 77
91 31 93
91 33 60
91 34 94
91 35 82
91 37 61
91 39 81
91 40 48
91 42 27
91 43 44
91 44 4
91 45 14
91 46 62
91 47 28
91 48 81
91 49 92
91 50 29
91 51 4
91 54 98
91 57 6
91 60 20
91 61 10
91 63 44
91 65 13
91 66 88
91 68 86
91 71 30
91 72 1
91 73 35
91 74 19
91 78 6
91 79 90
91 81 75
91 82 91
91 87 2
91 89 37
92 0 94
92 1 80
92 2 91
92 3 96
92 4 85
92 5 4
92 6 98
92 7 92
92 8 29
92 9 84
92 10 62
92 14 99
92 18 36
92 19 48
92 21 1
92 22 84
92 23 17
92 24 53
92 25 16
92 26 3
92 27 54
92 28 1
92 29 63
92 30 87
92 32 91
92 33 43
92 34 41
92 35 48
92 36 24
92 37 6
92 38 87
92 39 36
92 40 16
92 41 35
92 42 66
92 43 28
92 44 66
92 46 72
92 47 14
92 48 35
92 50 88
92 51 81
92 52 59
92 53 57
92 54 38
92 55 71
92 56 72
92 57 40
92 58 88
92 61 14
92 62 58
92 63 28
92 65 61
92 66 59
92 71 10
92 72 92
92 73 60
92 74 76
92 78 45
92 79 37
92 82 31
92 83 32
92 84 69
92 86 44
92 87 48
92 88 43
92 89 39
92 91 83
93 0 37
93 1 80
93 2 27
93 3 26
93 4 5
93 5 41
93 7 24
93 8 55
93 9 51
93 11 63
93 15 44
93 17 14
93 18 17
93 19 67
93 20 63
93 23 3
93 26 10
93 27 93
93 28 30
93 29 15
93 31 47
93 34 51
93 35 77
93 37 46
93 39 69
93 40 48
93 41 68
93 45 96
93 47 87
93 49 60
93 50 86
93 56 65
93 57 12
93 59 29
93 61 77
93 63 67
93 64 7
93 65 96
93 67 87
93 68 56
93 72 36
93 73 8
93 74 43
93 78 73
93 82 4
93 86 36
93 87 33
93 89 72
93 91 50
93 92 80
94 0 33
94 1 85
94 2 15
94 5 4
94 9 61
94 35 33
94 37 57
94 40 73
94 52 100
94 78 82
95 0 83
95 1 32
95 2 81
95 3 98
95 4 97
95 5 65
95 6 10
95 7 37
95 8 72
95 9 22
95 11 6
95 14 5
95 15 89
95 16 48
95 18 58
95 19 42
95 21 4
95 22 38
95 26 73
95 27 49
95 28 12
95 29 10
95 31 35
95 33 79
95 34 93
95 35 34
95 37 73
95 39 9
95 40 14
95 41 77
95 42 96
95 43 46
95 44 74
95 45 43
95 47 40
95 48 67
95 49 14
95 50 73
95 51 65
95 52 87
95 53 37
95 55 21
95 57 29
95 61 24
95 63 45
95 65 67
95 68 86
95 71 34
95 72 34
95 74 13
95 78 7
95 79 12
95 82 26
95 87 25
95 88 52
95 89 9
95 91 45
95 92 83
95 93 37
95 94 86
96 18 74
96 68 15
96 74 70
96 78 34
96 92 18
96 93 93
96 95 11
97 0 44
97 1 19
97 2 15
97 3 77
97 4 34
97 5 80
97 6 73
97 7 70
97 8 20
97 9 95
97 10 5
97 11 12
97 13 54
97 14 23
97 15 49
97 16 12
97 17 41
97 18 45
97 19 80
97 20 83
97 23 4
97 26 9
97 27 49
97 28 34
97 29 50
97 33 57
97 34 76
97 35 86
97 37 67
97 39 41
97 40 8
97 41 63
97 42 46
97 45 22
97 46 40
97 48 10
97 50 14
97 51 71
97 53 62
97 55 93
97 56 56
97 57 58
97 60 93
97 61 48
97 63 30
97 64 89
97 65 60
97 67 55
97 68 6
97 71 88
97 72 49
97 74 11
97 78 6
97 79 60
97 81 80
97 82 12
97 86 2
97 87 67
97 89 76
97 91 84
97 92 94
97 93 32
97 94 16
97 95 38
97 96 43
98 0 1
98 1 100
98 2 35
98 3 96
98 4 100
98 5 19
98 7 35
98 8 59
98 9 37
98 10 56
98 14 8
98 15 1
98 17 90
98 18 25
98 19 65
98 21 59
98 23 5
98 24 2
98 25 52
98 26 86
98 27 22
98 30 60
98 31 37
98 33 56
98 34 97
98 35 63
98 37 91
98 39 4
98 40 73
98 41 63
98 43 63
98 45 72
98 46 63
98 48 78
98 50 71
98 52 34
98 54 40
98 55 42
98 57 11
98 61 32
98 63 99
98 65 78
98 66 64
98 68 3
98 71 76
98 72 47
98 73 83
98 74 34
98 78 71
98 82 81
98 84 9
98 85 52
98 87 94
98 89 78
98 91 2
98 92 32
98 93 11
98 94 5
98 95 3
98 96 74
98 97 69
99 0 8
99 1 99
99 2 48
99 3 12
99 4 100
99 5 36
99 6 56
99 7 97
99 8 46
99 9 61
99 11 69
99 13 52
99 14 48
99 15 6
99 16 49
99 17 10
99 18 91
99 19 79
99 20 2
99 21 17
99 23 95
99 24 74
99 26 30
99 27 25
99 28 72
99 29 39
99 31 94
99 33 61
99 34 61
99 35 44
99 37 14
99 38 67
99 39 98
99 40 80
99 44 33
99 46 80
99 47 55
99 48 63
99 49 83
99 50 23
99 51 27
99 52 11
99 53 69
99 54 44
99 55 81
99 56 62
99 57 60
99 60 92
99 61 72
99 63 24
99 64 73
99 65 66
99 66 7
99 68 14
99 71 19
99 73 13
99 74 60
99 78 3
99 79 25
99 82 2
99 85 86
99 87 51
99 89 95
99 91 26
99 92 3
99 93 25
99 94 32
99 95 36
99 96 81
99 97 93
99 98 82
100 18 15
101 0 42
101 1 22
101 2 18
101 3 55
101 4 71
101 5 63
101 6 32
101 7 83
101 8 58
101 9 44
101 10 41
101 11 20
101 13 48
101 14 10
101 15 28
101 16 86
101 17 58
101 18 42
101 19 83
101 20 2
101 21 35
101 23 9
101 24 6
101 25 5
101 26 71
101 27 25
101 28 52
101 29 27
101 31 12
101 33 46
101 34 37
101 35 88
101 37 21
101 38 62
101 39 53
101 40 59
101 41 32
101 43 44
101 45 5
101 46 77
101 48 50
101 50 60
101 51 85
101 53 44
101 55 80
101 56 20
101 57 57
101 59 92
101 60 19
101 61 47
101 63 19
101 64 8
101 65 9
101 68 97
101 69 73
101 71 8
101 72 20
101 74 68
101 76 77
101 77 43
101 78 53
101 79 25
101 80 95
101 82 49
101 83 74
101 84 15
101 87 73
101 89 55
101 90 91
101 91 20
101 92 34
101 93 91
101 94 70
101 95 84
101 96 13
101 97 11
101 98 14
101 99 65
102 18 32
102 27 52
102 40 50
102 92 98
102 95 95
102 97 23
102 98 89
102 101 77
103 15 60
104 0 9
104 1 77
104 2 71
104 3 77
104 4 37
104 5 20
104 6 28
104 7 28
104 8 79
104 9 44
104 10 92
104 11 83
104 13 70
104 14 82
104 15 85
104 16 42
104 17 16
104 18 36
104 19 2
104 20 59
104 21 30
104 22 17
104 23 47
104 24 34
104 25 69
104 26 66
104 27 4
104 28 28
104 29 79
104 30 92
104 31 95
104 33 90
104 34 28
104 35 90
104 37 67
104 38 100
104 39 89
104 40 42
104 41 81
104 42 69
104 43 80
104 44 78
104 45 55
104 47 14
104 48 66
104 49 45
104 50 52
104 51 28
104 52 8
104 53 8
104 54 12
104 55 31
104 57 73
104 60 71
104 61 76
104 63 87
104 64 80
104 65 78
104 66 79
104 68 41
104 71 47
104 72 77
104 73 88
104 74 100
104 78 25
104 79 3
104 82 21
104 83 49
104 86 71
104 87 16
104 89 9
104 91 85
104 92 67
104 93 14
104 94 18
104 95 54
104 96 85
104 97 9
104 98 6
104 99 57
104 101 80
104 102 91
105 27 61
106 0 16
106 1 82
106 2 89
106 3 25
106 5 80
106 7 78
106 8 14
106 9 10
106 10 67
106 14 88
106 15 9
106 17 46
106 18 62
106 21 24
106 23 14
106 25 84
106 26 96
106 27 54
106 28 48
106 29 29
106 31 70
106 33 81
106 34 13
106 35 23
106 37 90
106 38 9
106 39 17
106 40 95
106 41 41
106 47 50
106 48 34
106 50 13
106 52 47
106 54 31
106 55 12
106 56 23
106 57 25
106 60 84
106 61 23
106 63 65
106 65 19
106 66 41
106 71 57
106 73 49
106 74 52
106 78 11
106 79 52
106 81 79
106 82 64
106 87 45
106 89 99
106 91 66
106 92 13
106 93 39
106 94 73
106 95 31
106 96 83
106 97 80
106 98 51
106 99 37
106 101 38
106 102 15
106 104 49
106 105 24
107 0 95
107 1 7
107 2 19
107 3 5
107 4 61
107 5 63
107 6 87
107 7 99
107 8 31
107 9 79
107 10 11
107 11 83
107 12 71
107 13 78
107 14 31
107 15 71
107 16 98
107 17 32
107 18 79
107 19 46
107 20 93
107 22 73
107 23 17
107 24 29
107 26 100
107 27 53
107 28 93
107 29 22
107 31 55
107 32 57
107 33 50
107 34 67
107 35 28
107 36 59
107 37 42
107 38 30
107 39 84
107 40 94
107 41 5
107 43 40
107 44 19
107 45 35
107 46 17
107 47 100
107 48 57
107 50 24
107 51 78
107 54 68
107 55 88
107 56 36
107 57 33
107 58 100
107 60 28
107 61 24
107 62 86
107 63 26
107 65 67
107 66 79
107 71 19
107 73 47
107 74 100
107 75 58
107 78 37
107 82 27
107 83 62
107 86 52
107 87 49
107 88 16
107 89 74
107 91 98
107 92 78
107 93 78
107 95 47
107 96 13
107 97 4
107 98 47
107 99 30
107 101 91
107 102 77
107 103 21
107 104 34
107 106 18
108 0 42
108 1 91
108 2 59
108 3 3
108 4 98
108 5 62
108 6 83
108 7 62
108 8 60
108 9 62
108 10 67
108 11 83
108 13 50
108 14 79
108 15 95
108 16 7
108 17 93
108 18 51
108 19 38
108 20 52
108 21 68
108 23 94
108 24 43
108 26 100
108 27 71
108 28 44
108 29 46
108 31 97
108 33 39
108 34 39
108 35 35
108 36 23
108 37 94
108 38 47
108 39 29
108 40 5
108 44 28
108 46 55
108 47 30
108 48 89
108 50 30
108 51 11
108 53 40
108 54 31
108 57 78
108 60 83
108 61 66
108 63 37
108 65 75
108 66 91
108 67 53
108 69 95
108 71 98
108 73 2
108 74 54
108 75 13
108 78 85
108 81 75
108 82 28
108 85 39
108 86 38
108 87 93
108 89 16
108 91 15
108 92 6
108 93 99
108 94 51
108 95 77
108 96 18
108 97 88
108 98 24
108 99 53
108 101 2
108 102 49
108 104 32
108 106 71
108 107 93
109 0 5
109 1 2
109 2 97
109 3 95
109 4 64
109 5 58
109 6 77
109 7 14
109 8 89
109 9 3
109 10 7
109 11 73
109 13 59
109 14 87
109 15 15
109 16 35
109 17 47
109 18 97
109 19 28
109 20 79
109 21 46
109 23 14
109 25 79
109 26 57
109 27 21
109 28 22
109 29 30
109 31 28
109 33 35
109 34 52
109 35 42
109 37 18
109 38 53
109 39 46
109 40 12
109 46 13
109 47 10
109 48 8
109 50 80
109 52 28
109 53 93
109 54 46
109 57 90
109 61 34
109 63 43
109 65 53
109 66 44
109 68 16
109 71 44
109 73 36
109 74 62
109 78 96
109 79 28
109 82 35
109 84 93
109 87 54
109 89 26
109 91 9
109 92 31
109 93 26
109 94 27
109 95 100
109 96 48
109 97 6
109 98 88
109 99 8
109 101 50
109 102 91
109 104 80
109 106 64
109 107 18
109 108 12
110 0 34
110 1 65
110 2 45
110 3 21
110 4 31
110 5 13
110 7 21
110 8 20
110 9 75
110 10 37
110 11 8
110 14 59
110 15 1
110 16 65
110 17 23
110 18 74
110 19 62
110 20 77
110 24 62
110 26 8
110 27 80
110 28 83
110 31 60
110 33 56
110 34 44
110 35 35
110 37 52
110 39 57
110 40 85
110 41 88
110 42 45
110 43 76
110 44 63
110 45 53
110 46 12
110 47 26
110 48 83
110 49 36
110 50 54
110 51 81
110 52 26
110 54 22
110 55 63
110 56 25
110 57 49
110 61 35
110 63 11
110 65 35
110 66 34
110 68 73
110 69 43
110 71 1
110 72 43
110 73 53
110 74 1
110 78 68
110 79 73
110 81 81
110 82 20
110 84 10
110 85 56
110 87 44
110 89 22
110 90 39
110 91 32
110 92 83
110 93 48
110 94 37
110 95 47
110 96 47
110 97 88
110 98 50
110 99 42
110 101 68
110 102 36
110 103 53
110 104 45
110 106 7
110 107 74
110 108 32
110 109 83
111 0 85
111 1 35
111 2 94
111 3 63
111 4 68
111 5 90
111 6 57
111 7 11
111 8 48
111 9 17
111 10 61
111 11 90
111 13 81
111 14 73
111 15 54
111 16 66
111 17 51
111 18 15
111 19 28
111 20 65
111 23 64
111 25 16
111 26 81
111 28 66
111 29 65
111 31 94
111 33 55
111 34 40
111 35 79
111 37 99
111 39 4
111 40 97
111 41 14
111 43 98
111 45 48
111 46 74
111 47 78
111 48 74
111 50 31
111 51 27
111 52 21
111 54 82
111 55 24
111 57 24
111 60 68
111 61 45
111 63 32
111 64 59
111 65 19
111 68 55
111 73 92
111 74 78
111 78 42
111 81 25
111 82 44
111 87 33
111 89 59
111 91 25
111 92 5
111 93 74
111 94 70
111 95 13
111 96 67
111 97 49
111 98 75
111 99 67
111 100 80
111 101 95
111 102 33
111 104 42
111 106 56
111 107 19
111 108 54
111 109 66
111 110 28
112 23 50
113 0 52
113 1 52
113 2 60
113 3 12
113 4 51
113 5 63
113 6 94
113 7 40
113 8 72
113 9 29
113 10 72
113 11 89
113 13 30
113 14 23
113 15 31
113 16 43
113 17 63
113 18 46
113 19 93
113 20 36
113 22 19
113 23 87
113 24 19
113 25 24
113 26 5
113 27 94
113 28 41
113 29 100
113 31 56
113 33 94
113 34 31
113 35 82
113 36 86
113 37 37
113 38 3
113 39 71
113 40 71
113 41 36
113 42 68
113 43 11
113 45 4
113 46 29
113 47 37
113 48 48
113 49 24
113 50 41
113 51 14
113 54 29
113 55 83
113 56 82
113 57 56
113 58 93
113 59 59
113 60 28
113 61 73
113 63 10
113 65 23
113 66 59
113 68 88
113 70 30
113 71 76
113 72 38
113 73 74
113 74 37
113 77 50
113 78 28
113 79 97
113 81 30
113 82 2
113 87 83
113 89 35
113 91 70
113 92 91
113 93 91
113 94 41
113 95 24
113 96 40
113 97 7
113 98 74
113 99 26
113 101 22
113 102 69
113 104 46
113 106 94
113 107 75
113 108 21
113 109 88
113 110 54
113 111 28
114 0 97
114 1 96
114 2 11
114 3 53
114 4 83
114 5 42
114 6 37
114 7 90
114 8 72
114 9 36
114 10 18
114 11 9
114 12 93
114 13 21
114 14 58
114 15 80
114 16 36
114 17 58
114 18 12
114 19 19
114 20 89
114 21 29
114 22 60
114 23 26
114 26 34
114 27 92
114 28 19
114 29 54
114 31 67
114 32 19
114 33 6
114 34 38
114 35 58
114 37 28
114 39 48
114 40 71
114 42 68
114 43 18
114 47 25
114 49 23
114 50 39
114 51 66
114 54 13
114 55 84
114 57 69
114 58 96
114 61 82
114 62 88
114 63 60
114 65 79
114 66 54
114 68 1
114 69 64
114 71 33
114 72 55
114 73 82
114 74 62
114 78 73
114 81 87
114 82 8
114 84 95
114 87 90
114 89 86
114 90 53
114 91 97
114 92 57
114 93 21
114 95 78
114 96 53
114 97 90
114 98 69
114 99 65
114 101 91
114 102 71
114 104 40
114 106 94
114 107 63
114 108 60
114 109 55
114 110 62
114 111 75
114 113 32
115 58 18
116 65 26
117 9 15
118 0 24
118 1 18
118 2 51
118 3 10
118 4 68
118 5 85
118 7 8
118 8 12
118 9 64
118 10 42
118 11 17
118 12 41
118 13 2
118 14 27
118 15 10
118 16 3
118 17 29
118 18 87
118 19 47
118 20 72
118 21 26
118 23 14
118 24 61
118 26 9
118 27 5
118 28 68
118 29 19
118 31 50
118 32 91
118 33 79
118 34 81
118 35 68
118 37 84
118 39 72
118 40 65
118 41 85
118 43 43
118 48 75
118 50 45
118 51 24
118 53 52
118 54 25
118 55 51
118 57 100
118 58 60
118 60 75
118 61 41
118 62 49
118 63 67
118 65 64
118 66 36
118 68 69
118 73 92
118 74 8
118 78 33
118 82 40
118 85 80
118 86 44
118 87 79
118 89 57
118 91 76
118 92 10
118 93 100
118 95 90
118 96 41
118 97 65
118 98 56
118 99 68
118 101 94
118 102 53
118 104 85
118 106 55
118 107 100
118 108 92
118 109 42
118 110 44
118 111 19
118 112 50
118 113 20
118 114 44
119 92 33
120 0 72
120 1 63
120 2 83
120 3 92
120 4 87
120 5 33
120 6 47
120 7 38
120 8 34
120 9 4
120 10 47
120 11 83
120 12 12
120 13 87
120 14 7
120 15 36
120 16 64
120 17 55
120 18 56
120 19 77
120 20 26
120 21 95
120 23 79
120 26 22
120 27 48
120 28 78
120 29 72
120 31 54
120 32 1
120 33 55
120 34 21
120 35 4
120 36 17
120 37 90
120 38 62
120 39 77
120 40 42
120 41 7
120 43 94
120 45 21
120 46 63
120 47 52
120 48 61
120 49 27
120 50 2
120 51 2
120 52 32
120 54 7
120 55 97
120 57 28
120 58 85
120 60 87
120 61 37
120 62 64
120 63 68
120 64 13
120 65 99
120 66 56
120 71 41
120 73 44
120 74 11
120 75 74
120 78 74
120 79 68
120 82 84
120 86 74
120 87 63
120 88 32
120 89 25
120 91 14
120 92 84
120 93 82
120 94 86
120 95 52
120 96 85
120 97 47
120 98 47
120 99 2
120 100 4
120 101 42
120 102 51
120 104 75
120 106 41
120 107 56
120 108 76
120 109 75
120 110 30
120 111 75
120 112 60
120 113 68
120 114 60
120 118 3
121 119 69
122 0 6
122 2 31
122 3 66
122 4 69
122 11 26
122 65 74
123 0 72
123 1 97
123 2 91
123 3 57
123 4 44
123 5 47
123 6 83
123 7 43
123 8 59
123 9 38
123 10 7
123 11 53
123 12 88
123 13 20
123 14 70
123 15 37
123 16 90
123 17 68
123 18 74
123 19 42
123 20 71
123 22 61
123 23 18
123 25 28
123 26 55
123 27 20
123 28 42
123 29 65
123 30 67
123 31 83
123 32 34
123 33 56
123 34 31
123 35 69
123 37 64
123 38 74
123 39 72
123 40 75
123 42 64
123 43 60
123 45 33
123 46 17
123 47 46
123 48 10
123 50 71
123 51 73
123 52 56
123 53 85
123 54 32
123 55 92
123 56 25
123 57 22
123 58 83
123 59 51
123 60 2
123 61 67
123 62 94
123 63 2
123 64 19
123 65 76
123 68 13
123 70 38
123 71 92
123 72 94
123 73 47
123 74 57
123 78 75
123 81 83
123 82 19
123 83 82
123 87 88
123 89 75
123 91 84
123 92 98
123 93 6
123 95 51
123 96 16
123 97 65
123 98 91
123 99 7
123 101 14
123 104 19
123 106 44
123 107 7
123 108 80
123 109 90
123 110 62
123 111 60
123 113 45
123 114 5
123 118 52
123 120 31
123 122 85
124 0 68
124 1 67
124 2 98
124 3 82
124 4 87
124 5 45
124 6 91
124 7 25
124 8 78
124 9 5
124 10 50
124 11 8
124 12 4
124 13 2
124 14 17
124 15 32
124 16 44
124 17 91
124 18 94
124 19 18
124 20 14
124 21 40
124 22 100
124 23 20
124 24 85
124 25 67
124 26 91
124 27 76
124 28 15
124 29 23
124 30 58
124 31 93
124 32 84
124 33 49
124 34 17
124 35 71
124 36 79
124 37 56
124 38 49
124 39 81
124 40 86
124 41 40
124 42 7
124 43 67
124 44 63
124 45 8
124 46 51
124 47 32
124 48 24
124 49 80
124 50 85
124 51 14
124 52 74
124 53 76
124 54 99
124 55 100
124 56 30
124 57 43
124 59 50
124 61 45
124 63 83
124 64 81
124 65 50
124 66 16
124 68 94
124 71 37
124 72 95
124 73 15
124 74 40
124 75 87
124 78 1
124 79 19
124 81 55
124 82 26
124 83 95
124 84 35
124 87 85
124 89 45
124 91 24
124 92 89
124 93 42
124 94 63
124 95 83
124 96 3
124 97 12
124 98 83
124 99 37
124 100 25
124 101 30
124 102 21
124 104 1
124 106 54
124 107 5
124 108 71
124 109 59
124 110 17
124 111 35
124 113 41
124 114 39
124 118 90
124 120 66
124 122 31
124 123 70
125 121 88
126 27 23
126 82 13
126 95 2
127 0 16
127 1 40
127 2 29
127 3 61
127 4 44
127 5 63
127 6 100
127 7 66
127 8 98
127 9 19
127 10 67
127 11 30
127 13 23
127 14 13
127 15 39
127 16 50
127 17 14
127 18 13
127 19 36
127 20 62
127 22 62
127 23 45
127 24 91
127 25 16
127 26 48
127 27 68
127 28 76
127 29 86
127 30 53
127 31 89
127 33 29
127 34 50
127 35 44
127 37 17
127 38 72
127 39 30
127 40 68
127 41 72
127 42 14
127 43 93
127 44 24
127 45 31
127 46 97
127 47 56
127 48 53
127 49 14
127 50 44
127 51 84
127 52 9
127 53 82
127 54 53
127 55 49
127 56 80
127 57 66
127 58 90
127 59 72
127 60 14
127 61 8
127 63 28
127 64 20
127 65 38
127 66 52
127 68 28
127 69 65
127 71 42
127 72 86
127 73 40
127 74 12
127 75 24
127 78 55
127 79 36
127 81 24
127 82 95
127 83 71
127 84 55
127 85 81
127 87 51
127 89 55
127 91 27
127 92 36
127 93 54
127 94 53
127 95 78
127 96 42
127 97 67
127 98 98
127 99 73
127 101 88
127 102 32
127 104 74
127 106 38
127 107 68
127 108 6
127 109 24
127 110 16
127 111 60
127 113 66
127 114 85
127 118 1
127 120 87
127 123 47
127 124 55
128 90 93
129 0 24
129 1 59
129 2 94
129 3 91
129 4 44
129 5 42
129 6 70
129 7 17
129 8 27
129 9 25
129 10 71
129 11 80
129 13 91
129 14 54
129 15 46
129 16 8
129 17 29
129 18 59
129 19 20
129 20 16
129 23 4
129 24 10
129 26 13
129 27 59
129 28 99
129 29 10
129 31 40
129 33 77
129 34 48
129 35 69
129 37 89
129 38 22
129 39 10
129 40 86
129 41 9
129 43 43
129 44 4
129 45 47
129 46 32
129 47 88
129 48 84
129 49 92
129 50 57
129 51 96
129 52 77
129 53 75
129 54 1
129 55 16
129 56 67
129 57 50
129 59 73
129 60 12
129 61 56
129 63 30
129 64 28
129 65 42
129 66 11
129 68 58
129 71 59
129 73 51
129 74 21
129 76 72
129 78 97
129 79 59
129 82 100
129 85 66
129 87 47
129 89 62
129 91 29
129 92 94
129 93 12
129 94 9
129 95 29
129 96 26
129 97 26
129 98 64
129 99 85
129 101 25
129 102 57
129 104 86
129 106 58
129 107 80
129 108 46
129 109 83
129 110 63
129 111 85
129 113 69
129 114 41
129 118 62
129 120 45
129 123 13
129 124 43
129 127 96
130 26 20
131 0 20
131 1 27
131 2 55
131 3 50
131 4 88
131 5 45
131 6 20
131 7 5
131 8 49
131 9 65
131 11 51
131 13 72
131 14 49
131 15 80
131 16 23
131 17 62
131 18 87
131 19 77
131 20 52
131 21 39
131 22 55
131 23 79
131 24 92
131 25 8
131 26 26
131 27 56
131 28 77
131 29 48
131 30 72
131 31 64
131 33 53
131 34 67
131 35 1
131 37 35
131 39 4
131 40 86
131 41 73
131 42 79
131 44 47
131 45 19
131 46 95
131 47 31
131 48 50
131 49 75
131 50 46
131 51 98
131 52 81
131 53 67
131 54 15
131 55 32
131 56 48
131 57 34
131 61 35
131 62 96
131 63 78
131 64 27
131 65 47
131 66 39
131 71 46
131 72 99
131 73 40
131 74 15
131 78 53
131 79 9
131 82 36
131 87 49
131 89 50
131 91 3
131 92 50
131 93 50
131 94 97
131 95 72
131 96 27
131 97 100
131 98 47
131 99 61
131 101 69
131 102 37
131 103 71
131 104 71
131 106 52
131 107 67
131 108 78
131 109 50
131 110 71
131 111 86
131 113 34
131 114 8
131 118 50
131 119 76
131 120 24
131 121 25
131 122 81
131 123 57
131 124 86
131 125 30
131 127 8
131 129 57
132 0 3
132 1 8
132 2 72
132 3 98
132 4 66
132 5 62
132 6 64
132 7 12
132 8 76
132 9 50
132 10 62
132 11 31
132 12 94
132 13 57
132 14 89
132 15 49
132 16 63
132 17 25
132 18 81
132 19 67
132 20 97
132 21 27
132 22 31
132 23 33
132 24 44
132 25 9
132 26 73
132 27 8
132 28 63
132 29 38
132 31 44
132 32 20
132 33 55
132 34 74
132 35 60
132 36 80
132 37 89
132 38 1
132 39 59
132 40 71
132 41 46
132 42 23
132 46 72
132 47 38
132 48 59
132 50 46
132 51 85
132 52 54
132 53 35
132 54 58
132 55 39
132 57 70
132 58 67
132 60 38
132 61 22
132 62 62
132 63 6
132 64 18
132 65 45
132 68 45
132 71 49
132 72 41
132 73 98
132 74 21
132 75 20
132 78 76
132 81 67
132 82 13
132 84 40
132 85 71
132 87 99
132 89 40
132 91 83
132 92 32
132 93 37
132 94 32
132 95 93
132 96 7
132 97 28
132 98 47
132 99 26
132 101 47
132 102 44
132 104 21
132 106 63
132 107 70
132 108 52
132 109 96
132 110 2
132 111 19
132 113 97
132 114 32
132 118 95
132 120 68
132 123 28
132 124 95
132 127 16
132 129 15
132 131 38
133 113 49
133 123 95
134 0 16
134 1 96
134 2 89
134 3 18
134 4 15
134 5 94
134 6 32
134 7 36
134 8 22
134 9 23
134 10 60
134 11 85
134 13 66
134 14 77
134 15 18
134 16 81
134 17 73
134 18 64
134 19 97
134 20 19
134 21 38
134 22 98
134 23 59
134 25 99
134 26 49
134 27 60
134 28 75
134 29 47
134 30 60
134 31 40
134 33 86
134 34 46
134 35 30
134 37 3
134 38 17
134 39 5
134 40 67
134 41 28
134 43 81
134 46 17
134 48 5
134 50 35
134 51 39
134 53 50
134 56 23
134 57 81
134 59 26
134 60 69
134 61 26
134 63 15
134 65 91
134 70 76
134 71 55
134 72 23
134 74 64
134 77 20
134 78 7
134 82 73
134 87 87
134 89 17
134 91 94
134 92 87
134 93 75
134 95 90
134 96 52
134 97 76
134 98 41
134 99 91
134 101 71
134 102 24
134 103 50
134 104 66
134 106 88
134 107 69
134 108 79
134 109 24
134 110 6
134 111 1
134 113 46
134 114 30
134 118 48
134 120 29
134 123 17
134 124 35
134 126 77
134 127 55
134 129 13
134 131 91
134 132 85
135 0 1
135 1 81
135 2 38
135 3 31
135 4 7
135 5 92
135 6 9
135 7 82
135 8 96
135 9 7
135 10 96
135 11 7
135 13 2
135 14 33
135 15 49
135 16 1
135 17 51
135 18 16
135 19 57
135 20 8
135 22 75
135 23 15
135 24 83
135 25 73
135 26 69
135 27 26
135 28 10
135 31 5
135 33 20
135 34 33
135 35 94
135 37 15
135 38 84
135 39 4
135 40 6
135 41 91
135 44 11
135 46 23
135 47 44
135 48 37
135 49 75
135 50 74
135 51 53
135 52 90
135 55 90
135 56 52
135 57 83
135 60 97
135 61 62
135 63 10
135 64 47
135 65 64
135 68 39
135 69 35
135 71 45
135 72 49
135 73 17
135 74 47
135 78 52
135 79 5
135 82 12
135 87 73
135 89 35
135 90 32
135 91 39
135 92 3
135 93 11
135 94 94
135 95 94
135 96 24
135 97 52
135 98 68
135 99 54
135 101 81
135 103 21
135 104 42
135 106 64
135 107 3
135 108 7
135 109 80
135 110 78
135 111 23
135 113 93
135 114 8
135 117 48
135 118 39
135 120 75
135 123 76
135 124 49
135 127 30
135 129 87
135 131 93
135 132 61
135 133 25
135 134 45
136 96 51
137 0 84
137 1 43
137 2 52
137 3 64
137 4 7
137 5 70
137 6 91
137 7 87
137 8 71
137 9 18
137 10 7
137 11 16
137 12 65
137 14 80
137 15 50
137 16 46
137 17 34
137 18 7
137 19 13
137 20 87
137 21 65
137 22 8
137 23 80
137 24 33
137 25 23
137 26 31
137 27 99
137 28 98
137 29 67
137 30 13
137 31 92
137 32 80
137 33 22
137 34 21
137 35 83
137 37 37
137 38 53
137 39 89
137 40 4
137 41 11
137 42 73
137 43 15
137 44 5
137 45 16
137 46 80
137 47 24
137 48 76
137 49 70
137 50 78
137 51 15
137 52 3
137 53 17
137 54 66
137 55 95
137 57 80
137 58 60
137 60 7
137 61 42
137 63 15
137 64 95
137 65 80
137 66 38
137 67 14
137 68 89
137 71 2
137 72 52
137 73 5
137 74 8
137 78 73
137 79 13
137 81 50
137 82 75
137 85 8
137 86 6
137 87 62
137 88 75
137 89 93
137 91 8
137 92 14
137 93 44
137 94 44
137 95 76
137 96 97
137 97 35
137 98 30
137 99 49
137 101 96
137 102 51
137 104 80
137 105 15
137 106 48
137 107 31
137 108 13
137 109 76
137 110 100
137 111 92
137 113 48
137 114 24
137 118 16
137 120 58
137 123 56
137 124 35
137 126 48
137 127 7
137 129 58
137 131 38
137 132 93
137 133 92
137 134 47
137 135 26
137 136 25
138 110 45
139 8 92
139 9 16
139 28 55
140 0 44
140 1 98
140 2 59
140 3 6
140 4 35
140 5 14
140 6 22
140 7 43
140 8 35
140 9 73
140 10 92
140 11 25
140 12 63
140 14 34
140 15 82
140 16 74
140 17 36
140 18 3
140 19 40
140 21 77
140 22 35
140 23 98
140 24 19
140 25 84
140 26 8
140 27 33
140 28 14
140 29 90
140 31 16
140 32 77
140 33 74
140 34 66
140 35 92
140 36 59
140 37 20
140 39 26
140 40 55
140 41 37
140 43 39
140 44 76
140 45 34
140 46 25
140 47 39
140 48 47
140 50 5
140 51 81
140 52 54
140 54 35
140 55 24
140 57 41
140 58 26
140 61 7
140 62 50
140 63 53
140 65 99
140 66 93
140 67 99
140 68 31
140 71 32
140 73 18
140 74 74
140 75 80
140 77 9
140 78 67
140 81 25
140 82 54
140 84 91
140 87 61
140 88 46
140 89 90
140 91 57
140 92 89
140 93 71
140 94 45
140 95 5
140 97 93
140 98 87
140 99 8
140 101 6
140 104 33
140 106 87
140 107 64
140 108 92
140 109 86
140 110 88
140 111 71
140 113 93
140 114 89
140 118 14
140 120 38
140 123 45
140 124 48
140 127 46
140 129 68
140 131 84
140 132 80
140 134 85
140 135 9
140 137 73
140 138 79
141 0 82
141 1 37
141 2 60
141 3 74
141 4 11
141 5 77
141 6 42
141 7 69
141 8 86
141 9 70
141 10 74
141 11 6
141 12 65
141 14 72
141 15 34
141 16 91
141 17 35
141 18 38
141 19 14
141 22 94
141 26 96
141 27 82
141 28 90
141 29 4
141 31 44
141 33 52
141 34 6
141 35 97
141 37 16
141 38 37
141 39 40
141 40 46
141 41 37
141 43 69
141 44 79
141 45 7
141 46 81
141 47 62
141 48 84
141 49 15
141 50 66
141 51 72
141 54 82
141 55 36
141 57 23
141 58 10
141 60 25
141 61 84
141 63 32
141 64 88
141 65 2
141 66 74
141 71 4
141 72 62
141 73 28
141 74 88
141 78 41
141 79 40
141 81 43
141 82 3
141 84 77
141 87 100
141 89 25
141 91 80
141 92 98
141 93 59
141 94 23
141 95 15
141 97 61
141 98 73
141 99 2
141 100 40
141 101 45
141 102 31
141 104 89
141 105 45
141 106 80
141 107 13
141 108 19
141 109 61
141 110 87
141 111 93
141 113 70
141 114 28
141 118 12
141 120 2
141 123 91
141 124 64
141 127 57
141 129 30
141 131 31
141 132 62
141 133 62
141 134 88
141 135 69
141 137 80
141 138 25
141 140 3
142 0 69
142 1 43
142 2 30
142 3 2
142 4 98
142 5 98
142 6 29
142 7 48
142 8 28
142 9 3
142 10 53
142 11 69
142 12 96
142 13 29
142 14 68
142 15 87
142 16 97
142 17 98
142 18 85
142 19 61
142 20 11
142 21 39
142 22 90
142 23 22
142 24 40
142 25 38
142 26 4
142 27 26
142 28 3
142 29 61
142 31 50
142 33 97
142 34 26
142 35 39
142 37 10
142 39 19
142 40 87
142 41 28
142 42 22
142 43 60
142 44 73
142 45 33
142 46 18
142 47 75
142 48 62
142 50 61
142 51 63
142 52 90
142 54 76
142 55 48
142 56 32
142 57 77
142 59 8
142 60 60
142 61 67
142 63 86
142 65 41
142 71 29
142 73 76
142 74 25
142 78 47
142 82 42
142 83 49
142 85 55
142 87 100
142 88 26
142 89 48
142 91 98
142 92 94
142 93 43
142 94 76
142 95 9
142 96 28
142 97 22
142 98 84
142 99 81
142 101 44
142 102 5
142 104 14
142 106 33
142 107 44
142 108 57
142 109 99
142 110 17
142 111 52
142 113 92
142 114 70
142 117 50
142 118 82
142 120 79
142 123 14
142 124 21
142 127 36
142 129 14
142 131 41
142 132 68
142 133 40
142 134 97
142 135 75
142 136 41
142 137 17
142 140 19
142 141 66
143 89 53
144 0 81
144 1 51
144 2 97
144 3 58
144 4 63
144 5 74
144 6 35
144 7 43
144 8 76
144 9 32
144 10 24
144 11 76
144 12 33
144 13 7
144 14 1
144 15 61
144 16 45
144 17 80
144 18 54
144 19 3
144 20 96
144 21 11
144 22 98
144 23 71
144 24 68
144 25 33
144 26 14
144 27 18
144 28 62
144 29 54
144 31 29
144 33 13
144 34 48
144 35 64
144 37 57
144 38 59
144 39 17
144 40 20
144 41 41
144 42 90
144 43 52
144 44 37
144 45 47
144 46 83
144 47 84
144 48 75
144 49 63
144 50 39
144 51 57
144 52 10
144 53 3
144 54 2
144 55 50
144 56 48
144 57 66
144 59 91
144 60 30
144 61 32
144 63 46
144 65 47
144 66 51
144 67 64
144 68 38
144 70 15
144 71 53
144 72 100
144 73 51
144 74 2
144 78 49
144 79 3
144 80 17
144 81 62
144 82 79
144 84 20
144 86 20
144 87 73
144 89 42
144 91 97
144 92 2
144 93 14
144 94 58
144 95 76
144 96 14
144 97 81
144 98 19
144 99 43
144 101 13
144 102 72
144 104 89
144 105 97
144 106 8
144 107 53
144 108 56
144 109 14
144 110 72
144 111 17
144 112 26
144 113 18
144 114 15
144 118 53
144 120 24
144 122 23
144 123 96
144 124 14
144 126 16
144 127 84
144 129 28
144 131 10
144 132 13
144 133 16
144 134 13
144 135 64
144 137 10
144 138 21
144 140 24
144 141 66
144 142 68
145 0 28
145 1 58
145 2 58
145 3 84
145 4 46
145 5 14
145 6 82
145 7 78
145 8 47
145 9 32
145 10 91
145 11 33
145 12 80
145 13 81
145 14 10
145 15 37
145 16 8
145 17 23
145 18 33
145 19 55
145 20 30
145 21 1
145 22 25
145 23 16
145 24 48
145 25 75
145 26 96
145 27 61
145 28 52
145 29 6
145 31 16
145 32 15
145 33 84
145 34 39
145 35 7
145 36 22
145 37 4
145 38 35
145 39 80
145 40 3
145 42 25
145 43 46
145 44 86
145 45 89
145 46 46
145 47 19
145 48 17
145 49 46
145 50 1
145 51 91
145 52 73
145 53 80
145 54 97
145 55 28
145 56 98
145 57 84
145 58 7
145 59 73
145 60 92
145 61 84
145 62 88
145 63 74
145 64 14
145 65 52
145 66 78
145 68 47
145 71 3
145 73 34
145 74 67
145 78 36
145 82 1
145 84 30
145 85 88
145 87 48
145 89 51
145 91 62
145 92 40
145 93 40
145 94 22
145 95 47
145 96 56
145 97 70
145 98 21
145 99 27
145 100 97
145 101 59
145 102 36
145 103 69
145 104 5
145 106 71
145 107 69
145 108 54
145 109 50
145 110 63
145 111 94
145 113 46
145 114 10
145 116 67
145 118 51
145 120 82
145 122 11
145 123 86
145 124 86
145 127 82
145 129 98
145 130 94
145 131 26
145 132 26
145 134 72
145 135 100
145 137 30
145 139 84
145 140 84
145 141 31
145 142 36
145 144 54
146 0 14
146 1 79
146 2 3
146 3 9
146 4 14
146 5 82
146 6 70
146 7 60
146 8 77
146 9 72
146 10 85
146 11 34
146 13 3
146 14 93
146 15 87
146 16 86
146 17 82
146 18 16
146 19 35
146 20 66
146 22 88
146 23 57
146 24 88
146 26 70
146 28 88
146 29 54
146 31 14
146 32 14
146 34 91
146 35 9
146 37 9
146 39 72
146 40 49
146 41 84
146 42 26
146 44 40
146 45 94
146 48 20
146 50 26
146 51 59
146 52 76
146 53 13
146 54 47
146 56 64
146 57 71
146 59 44
146 61 27
146 62 49
146 63 8
146 65 27
146 67 27
146 68 1
146 71 44
146 72 18
146 74 41
146 78 20
146 79 16
146 81 72
146 82 35
146 86 71
146 87 8
146 89 41
146 91 76
146 92 74
146 93 33
146 94 89
146 95 72
146 96 71
146 97 62
146 98 58
146 99 21
146 101 28
146 102 66
146 104 26
146 106 84
146 107 85
146 108 80
146 109 58
146 110 49
146 111 71
146 113 43
146 114 97
146 118 37
146 120 2
146 123 72
146 124 7
146 127 58
146 129 98
146 131 85
146 132 63
146 134 82
146 135 7
146 137 33
146 138 24
146 140 94
146 141 50
146 142 27
146 144 19
146 145 73
147 0 86
147 1 96
147 2 39
147 3 33
147 4 64
147 5 6
147 6 90
147 7 86
147 8 65
147 9 66
147 10 4
147 11 82
147 13 92
147 14 84
147 15 73
147 16 79
147 17 1
147 18 36
147 19 48
147 20 95
147 22 68
147 23 96
147 24 51
147 25 49
147 26 51
147 27 67
147 28 70
147 29 48
147 30 7
147 31 1
147 33 16
147 34 51
147 35 33
147 36 3
147 37 15
147 38 31
147 39 68
147 40 11
147 41 30
147 42 31
147 43 77
147 44 86
147 45 99
147 46 96
147 47 2
147 48 94
147 49 61
147 50 12
147 51 52
147 52 44
147 53 35
147 54 34
147 55 85
147 56 56
147 57 7
147 59 49
147 60 37
147 61 2
147 63 29
147 65 44
147 66 98
147 68 88
147 70 17
147 71 17
147 72 16
147 73 52
147 74 59
147 75 13
147 77 71
147 78 23
147 79 60
147 81 75
147 82 89
147 83 89
147 84 65
147 87 70
147 89 50
147 91 92
147 92 19
147 93 34
147 94 73
147 95 66
147 96 21
147 97 99
147 98 56
147 99 28
147 101 57
147 102 12
147 103 11
147 104 52
147 106 6
147 107 16
147 108 25
147 109 2
147 110 79
147 111 73
147 113 67
147 114 7
147 118 87
147 120 4
147 122 16
147 123 63
147 124 63
147 127 84
147 129 2
147 131 62
147 132 23
147 134 57
147 135 66
147 137 42
147 140 55
147 141 30
147 142 37
147 143 44
147 144 85
147 145 46
147 146 85
148 0 20
148 1 25
148 2 27
148 3 41
148 4 98
148 5 63
148 6 77
148 7 76
148 8 91
148 9 48
148 11 1
148 14 17
148 15 80
148 16 5
148 17 54
148 18 60
148 19 30
148 20 45
148 22 19
148 23 42
148 24 6
148 25 18
148 26 1
148 27 40
148 28 47
148 29 30
148 30 71
148 33 27
148 34 3
148 35 23
148 37 14
148 38 52
148 39 70
148 40 26
148 42 6
148 44 16
148 46 65
148 48 85
148 49 22
148 50 37
148 52 51
148 53 65
148 54 38
148 55 100
148 56 28
148 57 48
148 59 5
148 61 63
148 63 35
148 65 44
148 66 69
148 67 4
148 68 34
148 69 97
148 71 2
148 72 98
148 73 74
148 74 67
148 75 13
148 78 37
148 79 15
148 80 50
148 81 68
148 82 39
148 84 68
148 85 68
148 86 50
148 87 46
148 89 54
148 90 83
148 91 81
148 92 96
148 93 61
148 94 91
148 95 75
148 96 1
148 97 50
148 98 39
148 99 86
148 101 67
148 104 4
148 106 85
148 107 99
148 108 82
148 109 66
148 110 43
148 111 27
148 113 31
148 114 64
148 118 93
148 120 88
148 122 86
148 123 40
148 124 42
148 126 16
148 127 90
148 129 44
148 130 13
148 131 78
148 132 82
148 133 6
148 134 51
148 135 42
148 137 50
148 140 69
148 141 43
148 142 58
148 144 33
148 145 20
148 146 21
148 147 46
149 37 28
150 107 35
150 141 96
151 124 85
152 68 55
153 14 90
153 51 3
153 71 37
153 92 37
153 99 64
153 104 3
153 137 64
153 146 66
154 112 71
155 4 99
155 6 39
156 0 65
156 1 25
156 2 11
156 3 95
156 4 3
156 5 80
156 6 62
156 7 46
156 8 81
156 9 51
156 10 41
156 11 83
156 12 55
156 13 14
156 14 84
156 15 56
156 16 22
156 17 38
156 18 48
156 19 36
156 20 96
156 21 100
156 22 35
156 23 2
156 24 93
156 25 72
156 26 43
156 27 88
156 28 59
156 29 41
156 30 59
156 31 21
156 32 73
156 33 9
156 34 31
156 35 79
156 37 91
156 38 76
156 39 54
156 40 76
156 41 70
156 42 15
156 43 73
156 44 96
156 45 46
156 46 25
156 47 81
156 48 40
156 49 77
156 50 99
156 51 81
156 52 36
156 53 13
156 54 93
156 55 16
156 57 97
156 58 40
156 60 10
156 61 22
156 62 78
156 63 99
156 64 82
156 65 5
156 66 55
156 68 86
156 69 32
156 71 11
156 72 44
156 73 4
156 74 4
156 78 73
156 79 29
156 81 7
156 82 52
156 85 72
156 86 16
156 87 4
156 89 68
156 90 93
156 91 11
156 92 81
156 93 15
156 94 89
156 95 2
156 96 76
156 97 71
156 98 51
156 99 18
156 101 10
156 102 73
156 103 33
156 104 94
156 106 81
156 107 27
156 108 14
156 109 69
156 110 96
156 111 40
156 113 97
156 114 17
156 116 18
156 118 67
156 120 73
156 123 46
156 124 43
156 127 12
156 129 41
156 131 35
156 132 66
156 134 82
156 135 59
156 137 37
156 140 58
156 141 9
156 142 32
156 144 3
156 145 77
156 146 16
156 147 98
156 148 65
156 150 69
156 153 34
157 87 83
157 110 37
158 0 42
158 1 37
158 2 8
158 3 88
158 4 40
158 5 82
158 6 53
158 7 49
158 8 41
158 9 23
158 10 24
158 11 79
158 13 4
158 14 89
158 15 52
158 16 88
158 17 25
158 18 28
158 19 80
158 20 10
158 21 58
158 22 38
158 23 85
158 24 5
158 25 80
158 26 54
158 27 72
158 28 84
158 29 23
158 30 91
158 31 53
158 33 50
158 34 26
158 35 89
158 37 97
158 38 40
158 39 99
158 40 25
158 41 67
158 42 70
158 43 69
158 44 76
158 45 77
158 46 75
158 47 100
158 48 53
158 50 24
158 51 53
158 52 26
158 53 94
158 55 92
158 56 68
158 57 96
158 58 29
158 59 31
158 61 94
158 63 3
158 64 12
158 65 23
158 66 91
158 68 57
158 70 42
158 71 67
158 72 32
158 73 16
158 74 44
158 78 17
158 79 95
158 81 12
158 82 5
158 85 73
158 87 87
158 88 92
158 89 65
158 91 75
158 92 100
158 93 45
158 94 98
158 95 55
158 96 67
158 97 9
158 98 98
158 99 51
158 101 35
158 102 29
158 103 9
158 104 39
158 106 21
158 107 12
158 108 5
158 109 89
158 110 4
158 111 15
158 113 85
158 114 6
158 115 66
158 118 63
158 120 69
158 121 78
158 123 90
158 124 22
158 125 99
158 126 27
158 127 55
158 129 1
158 131 24
158 132 99
158 134 7
158 135 49
158 137 37
158 138 100
158 139 69
158 140 97
158 141 56
158 142 58
158 144 78
158 145 51
158 146 6
158 147 49
158 148 73
158 150 63
158 151 60
158 153 35
158 156 41
159 0 58
159 1 53
159 2 91
159 3 10
159 4 35
159 5 81
159 6 100
159 7 43
159 8 100
159 9 65
159 10 77
159 11 91
159 12 61
159 13 100
159 14 21
159 15 18
159 16 33
159 17 81
159 18 51
159 19 33
159 20 71
159 23 1
159 24 31
159 25 80
159 26 65
159 27 88
159 28 1
159 29 48
159 30 11
159 31 11
159 32 56
159 33 42
159 34 74
159 35 78
159 36 12
159 37 40
159 38 95
159 39 54
159 40 24
159 41 3
159 42 4
159 44 14
159 45 29
159 46 66
159 47 85
159 48 11
159 49 92
159 50 86
159 51 2
159 52 23
159 53 97
159 54 58
159 55 30
159 56 79
159 57 47
159 58 92
159 60 17
159 61 17
159 62 47
159 63 90
159 64 66
159 65 91
159 66 32
159 67 27
159 69 66
159 71 92
159 73 10
159 74 57
159 75 28
159 78 53
159 79 9
159 81 66
159 82 40
159 84 87
159 87 78
159 88 57
159 89 23
159 90 57
159 91 55
159 92 86
159 93 1
159 94 98
159 95 72
159 96 73
159 97 22
159 98 24
159 99 79
159 101 91
159 102 57
159 103 19
159 104 40
159 105 41
159 106 17
159 107 19
159 108 42
159 109 2
159 110 29
159 111 49
159 113 29
159 114 66
159 118 27
159 119 43
159 120 2
159 121 46
159 122 40
159 123 99
159 124 42
159 125 66
159 126 40
159 127 66
159 129 38
159 131 65
159 132 30
159 133 16
159 134 23
159 135 35
159 137 70
159 140 25
159 141 6
159 142 29
159 144 10
159 145 14
159 146 18
159 147 40
159 148 37
159 149 55
159 151 16
159 153 46
159 156 72
159 158 41
160 65 82
160 89 78
161 33 51
162 0 62
162 1 86
162 2 23
162 3 81
162 4 89
162 5 88
162 6 39
162 7 77
162 8 33
162 9 24
162 10 53
162 11 100
162 12 11
162 13 61
162 14 91
162 15 45
162 16 62
162 17 71
162 18 89
162 19 97
162 20 73
162 21 11
162 22 1
162 23 60
162 24 7
162 25 13
162 26 87
162 27 24
162 28 9
162 29 87
162 31 3
162 32 53
162 33 29
162 34 42
162 35 40
162 37 88
162 38 27
162 39 21
162 40 50
162 41 84
162 42 77
162 43 24
162 44 100
162 45 100
162 46 19
162 48 87
162 50 65
162 51 80
162 52 97
162 53 58
162 54 23
162 55 6
162 56 71
162 57 50
162 58 58
162 59 73
162 61 47
162 63 69
162 64 42
162 65 33
162 66 21
162 71 64
162 72 49
162 73 78
162 74 22
162 76 44
162 78 39
162 79 93
162 81 17
162 82 36
162 86 44
162 87 96
162 89 7
162 91 21
162 92 63
162 93 80
162 94 30
162 95 44
162 96 84
162 97 93
162 98 59
162 99 66
162 101 67
162 102 14
162 104 62
162 106 24
162 107 17
162 108 63
162 109 59
162 110 89
162 111 33
162 113 16
162 114 76
162 116 78
162 118 7
162 119 2
162 120 68
162 123 10
162 124 33
162 126 6
162 127 92
162 129 26
162 131 21
162 132 85
162 133 49
162 134 57
162 135 40
162 136 95
162 137 91
162 140 100
162 141 43
162 142 51
162 144 16
162 145 18
162 146 11
162 147 32
162 148 43
162 153 34
162 156 53
162 157 27
162 158 71
162 159 43
163 0 37
163 1 22
163 2 47
163 3 58
163 4 94
163 5 95
163 6 46
163 7 18
163 8 20
163 9 12
163 10 43
163 11 18
163 12 17
163 13 79
163 14 14
163 15 2
163 16 94
163 17 9
163 18 35
163 19 68
163 20 82
163 21 46
163 22 32
163 23 76
163 24 43
163 25 63
163 26 91
163 27 92
163 28 42
163 29 84
163 31 9
163 32 36
163 33 40
163 34 95
163 35 2
163 36 44
163 37 30
163 38 27
163 39 64
163 40 55
163 41 90
163 42 47
163 43 16
163 44 67
163 45 2
163 46 60
163 47 36
163 48 45
163 49 97
163 50 53
163 51 5
163 52 7
163 53 86
163 54 70
163 55 33
163 56 65
163 57 64
163 58 67
163 59 97
163 60 92
163 61 96
163 62 26
163 63 11
163 64 17
163 65 96
163 66 98
163 67 30
163 68 17
163 69 57
163 71 30
163 72 6
163 73 74
163 74 59
163 75 16
163 78 3
163 79 47
163 80 27
163 81 75
163 82 12
163 83 30
163 84 68
163 85 78
163 86 55
163 87 15
163 88 51
163 89 29
163 90 74
163 91 62
163 92 81
163 93 32
163 94 96
163 95 81
163 96 61
163 97 48
163 98 54
163 99 61
163 100 99
163 101 26
163 102 71
163 103 15
163 104 17
163 105 28
163 106 69
163 107 88
163 108 29
163 109 91
163 110 82
163 111 30
163 112 35
163 113 48
163 114 38
163 115 15
163 118 23
163 120 35
163 122 18
163 123 33
163 124 42
163 126 63
163 127 69
163 128 29
163 129 29
163 131 45
163 132 43
163 133 58
163 134 96
163 135 42
163 137 69
163 139 36
163 140 82
163 141 87
163 142 67
163 144 95
163 145 98
163 146 33
163 147 73
163 148 22
163 150 85
163 153 96
163 155 87
163 156 48
163 157 11
163 158 27
163 159 76
163 162 55
164 24 92
165 5 43
165 26 19
166 58 8
166 87 17
166 93 20
166 99 56
166 110 95
166 141 68
166 146 17
166 157 98
166 162 60
166 163 38
167 158 38
168 42 51
168 89 21
169 0 44
169 1 89
169 2 57
169 3 4
169 4 61
169 5 60
169 6 94
169 7 5
169 8 11
169 9 80
169 10 89
169 11 9
169 13 33
169 15 89
169 16 92
169 17 24
169 18 29
169 19 20
169 20 86
169 23 40
169 24 92
169 25 90
169 26 62
169 27 11
169 28 91
169 29 64
169 30 99
169 31 88
169 33 86
169 35 2
169 37 82
169 38 93
169 39 26
169 40 47
169 41 22
169 43 61
169 45 2
169 46 30
169 47 46
169 48 14
169 49 60
169 50 49
169 51 19
169 52 46
169 53 73
169 54 67
169 55 89
169 56 14
169 57 29
169 58 69
169 59 76
169 60 53
169 61 75
169 62 25
169 63 6
169 64 19
169 65 91
169 67 94
169 68 5
169 69 97
169 71 30
169 72 28
169 74 97
169 76 13
169 78 73
169 79 12
169 81 53
169 82 27
169 86 72
169 87 46
169 89 76
169 90 87
169 91 29
169 92 18
169 93 88
169 94 61
169 95 67
169 96 13
169 97 41
169 98 70
169 99 72
169 101 92
169 102 65
169 104 70
169 105 40
169 106 35
169 107 35
169 108 93
169 109 71
169 110 71
169 111 9
169 113 71
169 114 11
169 118 88
169 120 17
169 123 50
169 124 59
169 126 36
169 127 74
169 128 31
169 129 49
169 131 39
169 132 10
169 133 6
169 134 16
169 135 85
169 137 71
169 140 18
169 141 93
169 142 46
169 144 32
169 145 57
169 146 27
169 147 56
169 148 86
169 149 90
169 150 88
169 151 44
169 156 29
169 158 96
169 159 71
169 162 28
169 163 57
169 164 33
169 166 39
169 167 2
170 0 47
170 1 9
170 2 3
170 3 42
170 4 7
170 5 1
170 6 68
170 7 74
170 8 57
170 9 82
170 10 45
170 11 44
170 12 37
170 13 51
170 14 17
170 15 1
170 16 16
170 17 4
170 18 17
170 19 99
170 20 82
170 21 58
170 22 48
170 23 52
170 24 93
170 25 22
170 26 93
170 27 6
170 28 51
170 29 28
170 31 9
170 32 50
170 33 87
170 34 49
170 35 51
170 36 72
170 37 99
170 38 61
170 39 53
170 40 16
170 41 18
170 42 44
170 43 80
170 44 57
170 45 26
170 46 23
170 47 25
170 48 8
170 50 7
170 51 25
170 52 82
170 53 21
170 54 22
170 55 60
170 56 3
170 57 62
170 58 97
170 60 55
170 61 40
170 62 61
170 63 96
170 65 52
170 66 30
170 68 90
170 71 41
170 72 7
170 73 45
170 74 51
170 75 71
170 78 55
170 79 31
170 81 71
170 82 88
170 85 57
170 87 59
170 89 100
170 90 6
170 91 35
170 92 91
170 93 94
170 94 78
170 95 46
170 96 40
170 97 10
170 98 80
170 99 10
170 101 79
170 102 8
170 104 99
170 106 52
170 107 82
170 108 32
170 109 90
170 110 16
170 111 35
170 113 15
170 114 86
170 115 33
170 118 79
170 120 33
170 123 13
170 124 72
170 127 81
170 129 13
170 131 77
170 132 3
170 133 57
170 134 15
170 135 30
170 137 5
170 139 72
170 140 38
170 141 99
170 142 32
170 144 89
170 145 19
170 146 31
170 147 10
170 148 18
170 150 85
170 151 46
170 152 86
170 153 78
170 156 71
170 157 23
170 158 99
170 159 21
170 160 5
170 161 37
170 162 44
170 163 38
170 164 6
170 166 13
170 168 77
170 169 30
171 124 61
171 132 48
172 15 7
172 39 11
172 56 92
172 129 46
173 0 30
173 1 31
173 2 26
173 3 41
173 4 85
173 5 49
173 6 97
173 7 68
173 8 28
173 9 98
173 10 70
173 11 81
173 12 45
173 13 36
173 14 44
173 15 11
173 16 40
173 17 34
173 18 61
173 20 81
173 21 1
173 22 91
173 24 58
173 25 40
173 26 53
173 27 35
173 28 63
173 29 36
173 30 58
173 31 92
173 32 32
173 33 90
173 34 74
173 35 95
173 37 67
173 38 79
173 39 6
173 40 64
173 41 28
173 42 56
173 43 91
173 45 20
173 46 71
173 47 27
173 48 74
173 49 95
173 50 14
173 51 89
173 53 22
173 54 2
173 55 58
173 56 56
173 57 47
173 58 29
173 59 17
173 60 95
173 61 81
173 62 69
173 63 1
173 65 9
173 66 36
173 68 68
173 70 72
173 71 91
173 73 53
173 74 89
173 75 24
173 78 33
173 79 34
173 81 11
173 82 74
173 87 45
173 89 1
173 91 17
173 92 30
173 93 23
173 94 63
173 95 39
173 96 83
173 97 82
173 98 93
173 99 21
173 100 89
173 101 94
173 102 45
173 104 73
173 106 33
173 107 85
173 108 99
173 109 72
173 110 77
173 111 20
173 113 98
173 114 9
173 115 75
173 118 18
173 120 29
173 123 9
173 124 16
173 127 30
173 129 65
173 131 100
173 132 41
173 133 29
173 134 28
173 135 43
173 137 9
173 139 40
173 140 61
173 141 66
173 142 61
173 144 26
173 145 90
173 146 28
173 147 84
173 148 31
173 149 66
173 152 67
173 153 55
173 156 37
173 158 76
173 159 55
173 162 2
173 163 43
173 165 86
173 166 38
173 167 82
173 168 41
173 169 81
173 170 11
174 33 72
174 134 55
174 141 45
175 69 64
175 90 52
176 12 29
177 0 44
177 1 25
177 2 15
177 3 7
177 4 45
177 5 57
177 6 74
177 7 49
177 8 12
177 9 95
177 10 95
177 11 91
177 13 33
177 14 88
177 15 15
177 16 81
177 17 89
177 18 92
177 19 36
177 20 91
177 21 95
177 22 17
177 23 52
177 24 86
177 25 92
177 26 83
177 27 100
177 28 38
177 29 89
177 31 89
177 33 72
177 34 54
177 35 18
177 36 59
177 37 18
177 38 86
177 39 83
177 40 71
177 41 20
177 42 39
177 43 46
177 45 86
177 46 94
177 47 91
177 48 14
177 49 26
177 50 19
177 51 42
177 52 64
177 53 1
177 54 93
177 55 1
177 56 64
177 57 42
177 59 42
177 60 63
177 61 13
177 63 26
177 65 34
177 66 76
177 67 14
177 68 93
177 71 45
177 72 87
177 73 83
177 74 4
177 75 17
177 77 18
177 78 17
177 79 17
177 81 16
177 82 38
177 84 70
177 85 41
177 87 78
177 88 6
177 89 49
177 91 61
177 92 94
177 93 39
177 94 44
177 95 74
177 96 43
177 97 53
177 98 9
177 99 65
177 101 46
177 102 19
177 104 56
177 105 16
177 106 4
177 107 62
177 108 64
177 109 97
177 110 73
177 111 82
177 113 12
177 114 20
177 118 65
177 120 52
177 122 65
177 123 97
177 124 38
177 126 37
177 127 70
177 129 59
177 131 8
177 132 72
177 134 40
177 135 88
177 137 99
177 139 2
177 140 14
177 141 71
177 142 38
177 144 43
177 145 41
177 146 18
177 147 98
177 148 43
177 156 54
177 158 5
177 159 69
177 162 13
177 163 51
177 165 36
177 166 69
177 168 88
177 169 85
177 170 93
177 173 4
178 77 16
179 40 22
179 51 75
179 92 74
179 123 9
179 127 14
179 144 3
179 169 85
179 170 78
179 173 39
179 177 62
180 0 78
180 1 40
180 2 30
180 3 7
180 4 59
180 5 17
180 6 52
180 7 20
180 8 81
180 9 70
180 10 54
180 11 70
180 12 31
180 13 6
180 14 1
180 15 22
180 16 6
180 17 43
180 18 74
180 19 88
180 20 87
180 21 73
180 22 34
180 23 30
180 24 28
180 25 10
180 26 85
180 27 42
180 28 55
180 29 56
180 30 95
180 31 56
180 32 16
180 33 34
180 34 16
180 35 77
180 37 87
180 38 44
180 39 60
180 40 21
180 41 9
180 42 18
180 43 3
180 44 18
180 45 49
180 46 64
180 47 46
180 48 44
180 49 84
180 50 68
180 51 61
180 52 79
180 53 86
180 54 2
180 55 90
180 56 11
180 57 90
180 58 76
180 59 58
180 60 23
180 61 23
180 62 53
180 63 44
180 64 50
180 65 28
180 66 79
180 67 95
180 68 89
180 70 73
180 71 1
180 72 42
180 73 90
180 74 49
180 76 61
180 77 71
180 78 94
180 79 5
180 81 30
180 82 66
180 84 43
180 85 41
180 86 12
180 87 16
180 88 36
180 89 24
180 91 57
180 92 9
180 93 51
180 94 39
180 95 22
180 96 39
180 97 66
180 98 54
180 99 25
180 101 95
180 102 44
180 103 36
180 104 31
180 106 31
180 107 55
180 108 52
180 109 60
180 110 100
180 111 100
180 113 30
180 114 57
180 118 26
180 120 59
180 122 10
180 123 11
180 124 68
180 127 39
180 129 51
180 130 9
180 131 32
180 132 21
180 134 37
180 135 24
180 137 6
180 140 86
180 141 99
180 142 35
180 144 17
180 145 56
180 146 35
180 147 61
180 148 93
180 152 7
180 153 36
180 156 86
180 157 85
180 158 21
180 159 89
180 160 64
180 162 71
180 163 41
180 164 56
180 166 41
180 167 54
180 169 70
180 170 24
180 173 8
180 177 44
180 179 10
181 35 63
182 171 95
183 170 62
184 100 40
185 0 99
185 2 99
185 3 13
185 4 54
185 11 49
185 24 56
185 36 6
185 37 59
185 44 22
185 52 17
185 65 50
185 78 26
185 87 65
185 93 10
185 94 75
185 98 98
185 113 26
185 135 85
185 137 98
185 141 59
185 158 79
185 163 77
185 169 55
185 170 98
185 177 19
185 179 85
185 180 99
186 0 47
186 1 39
186 2 4
186 3 31
186 4 27
186 5 60
186 6 33
186 7 56
186 8 5
186 9 50
186 10 52
186 11 28
186 12 68
186 13 66
186 14 38
186 15 98
186 16 53
186 17 13
186 18 43
186 19 62
186 20 2
186 22 11
186 23 84
186 24 7
186 25 42
186 26 9
186 27 32
186 28 96
186 29 26
186 31 26
186 32 65
186 33 63
186 34 63
186 35 21
186 36 29
186 37 47
186 38 60
186 39 91
186 40 21
186 41 22
186 42 8
186 43 91
186 44 88
186 45 73
186 46 86
186 47 76
186 48 26
186 49 62
186 50 26
186 51 96
186 52 42
186 53 58
186 54 39
186 55 4
186 56 52
186 57 34
186 58 26
186 59 40
186 60 19
186 61 23
186 62 74
186 63 60
186 64 12
186 65 56
186 66 65
186 68 4
186 69 24
186 70 4
186 71 48
186 72 23
186 73 74
186 74 40
186 75 86
186 78 71
186 79 21
186 82 64
186 84 37
186 85 37
186 86 95
186 87 9
186 89 50
186 91 58
186 92 12
186 93 59
186 94 34
186 95 6
186 96 26
186 97 64
186 98 68
186 99 69
186 100 84
186 101 62
186 102 81
186 104 16
186 106 27
186 107 12
186 108 5
186 109 32
186 110 8
186 111 76
186 112 98
186 113 17
186 114 51
186 115 29
186 118 48
186 120 46
186 123 91
186 124 20
186 126 41
186 127 31
186 129 43
186 131 35
186 132 7
186 134 41
186 135 82
186 137 74
186 139 35
186 140 74
186 141 7
186 142 63
186 144 56
186 145 82
186 146 20
186 147 77
186 148 23
186 153 93
186 156 20
186 157 45
186 158 93
186 159 68
186 160 81
186 162 32
186 163 80
186 166 3
186 169 77
186 170 73
186 173 48
186 174 52
186 175 82
186 177 37
186 179 37
186 180 6
186 184 62
186 185 37
187 127 15
187 158 92
187 167 27
188 0 32
188 1 39
188 2 86
188 3 62
188 4 31
188 5 73
188 6 51
188 7 82
188 8 98
188 9 67
188 10 34
188 11 99
188 12 43
188 13 15
188 14 16
188 15 53
188 16 7
188 17 42
188 18 48
188 19 61
188 20 56
188 21 71
188 22 31
188 23 63
188 24 38
188 25 70
188 26 69
188 27 69
188 28 94
188 29 39
188 30 17
188 31 1
188 32 68
188 33 8
188 34 97
188 35 94
188 36 27
188 37 7
188 38 30
188 39 67
188 40 89
188 41 80
188 42 36
188 43 68
188 44 11
188 45 71
188 46 55
188 47 63
188 48 23
188 49 29
188 50 70
188 51 68
188 52 24
188 53 50
188 54 54
188 55 71
188 56 36
188 57 41
188 58 66
188 59 69
188 60 1
188 61 1
188 63 1
188 65 74
188 66 11
188 68 23
188 71 94
188 72 80
188 73 9
188 74 57
188 75 4
188 78 97
188 79 64
188 80 88
188 81 13
188 82 20
188 84 6
188 85 83
188 86 95
188 87 1
188 88 25
188 89 25
188 91 33
188 92 31
188 93 81
188 94 51
188 95 52
188 96 38
188 97 36
188 98 56
188 99 100
188 101 11
188 102 72
188 104 22
188 106 42
188 107 67
188 108 45
188 109 30
188 110 53
188 111 33
188 112 65
188 113 92
188 114 57
188 118 56
188 119 73
188 120 96
188 121 56
188 123 59
188 124 89
188 125 29
188 126 13
188 127 21
188 129 66
188 131 76
188 132 97
188 134 37
188 135 12
188 137 85
188 139 89
188 140 51
188 141 96
188 142 92
188 144 54
188 145 9
188 146 87
188 147 61
188 148 54
188 153 8
188 156 75
188 158 3
188 159 55
188 160 65
188 161 90
188 162 45
188 163 38
188 166 44
188 167 55
188 168 32
188 169 67
188 170 19
188 173 16
188 174 34
188 177 56
188 179 79
188 180 75
188 185 99
188 186 39
188 187 33
189 0 80
189 1 69
189 2 11
189 3 42
189 4 69
189 5 33
189 6 87
189 7 80
189 8 96
189 9 22
189 10 66
189 11 82
189 13 42
189 14 37
189 15 11
189 16 38
189 17 56
189 18 80
189 19 68
189 20 18
189 21 3
189 22 37
189 23 78
189 24 45
189 25 83
189 26 67
189 27 86
189 28 87
189 29 2
189 31 24
189 33 20
189 34 27
189 35 3
189 37 25
189 38 98
189 39 67
189 40 72
189 42 3
189 43 48
189 44 31
189 45 72
189 46 60
189 47 11
189 48 46
189 49 81
189 50 38
189 51 77
189 53 75
189 54 33
189 55 29
189 56 36
189 57 22
189 59 3
189 60 68
189 61 95
189 63 88
189 64 80
189 65 48
189 68 19
189 70 51
189 71 83
189 72 39
189 73 87
189 74 65
189 76 6
189 77 48
189 78 69
189 79 41
189 81 49
189 82 100
189 87 25
189 89 75
189 91 26
189 92 38
189 93 11
189 94 18
189 95 40
189 96 19
189 97 83
189 98 99
189 99 41
189 101 76
189 102 15
189 104 15
189 106 43
189 107 53
189 108 48
189 109 69
189 110 18
189 111 33
189 112 54
189 113 43
189 114 62
189 118 92
189 120 59
189 123 58
189 124 57
189 126 88
189 127 36
189 129 90
189 130 79
189 131 99
189 132 59
189 134 19
189 135 96
189 136 59
189 137 56
189 138 2
189 139 22
189 140 40
189 141 29
189 142 23
189 144 63
189 145 72
189 146 83
189 147 12
189 148 73
189 149 6
189 152 36
189 153 88
189 156 87
189 158 66
189 159 59
189 162 72
189 163 98
189 164 3
189 166 66
189 167 7
189 168 55
189 169 43
189 170 2
189 173 89
189 177 42
189 179 79
189 180 51
189 185 5
189 186 85
189 187 26
189 188 12
190 0 84
190 1 53
190 2 47
190 3 83
190 4 11
190 5 36
190 6 32
190 7 25
190 8 100
190 9 46
190 10 36
190 11 35
190 12 29
190 13 83
190 14 40
190 15 4
190 16 45
190 17 93
190 18 87
190 19 12
190 20 65
190 21 26
190 22 22
190 23 52
190 24 60
190 25 97
190 26 88
190 27 81
190 28 53
190 29 63
190 30 83
190 31 80
190 32 52
190 33 83
190 34 47
190 35 7
190 36 49
190 37 95
190 38 30
190 39 66
190 40 82
190 41 12
190 42 86
190 43 80
190 44 9
190 45 9
190 46 39
190 47 24
190 48 56
190 49 77
190 50 74
190 51 26
190 52 51
190 53 61
190 54 58
190 55 90
190 56 79
190 57 30
190 58 69
190 59 38
190 60 47
190 61 93
190 62 76
190 63 53
190 64 75
190 65 96
190 66 60
190 67 94
190 68 48
190 69 51
190 70 33
190 71 62
190 72 41
190 73 57
190 74 7
190 75 52
190 76 29
190 78 12
190 79 3
190 81 42
190 82 63
190 83 32
190 84 12
190 85 41
190 86 33
190 87 17
190 88 33
190 89 96
190 90 85
190 91 95
190 92 88
190 93 15
190 94 39
190 95 81
190 96 58
190 97 67
190 98 52
190 99 62
190 101 28
190 102 14
190 104 56
190 105 14
190 106 41
190 107 51
190 108 34
190 109 30
190 110 10
190 111 44
190 113 68
190 114 23
190 116 10
190 118 32
190 120 10
190 123 9
190 124 50
190 126 43
190 127 88
190 129 87
190 130 68
190 131 11
190 132 46
190 133 59
190 134 25
190 135 2
190 136 30
190 137 58
190 140 13
190 141 77
190 142 21
190 143 76
190 144 78
190 145 68
190 146 83
190 147 50
190 148 52
190 150 8
190 153 8
190 156 64
190 157 71
190 158 14
190 159 94
190 162 17
190 163 61
190 166 4
190 168 47
190 169 48
190 170 11
190 172 8
190 173 33
190 177 37
190 180 14
190 185 100
190 186 25
190 188 39
190 189 15
191 0 44
191 1 82
191 2 40
191 3 77
191 4 69
191 5 33
191 6 17
191 7 84
191 8 98
191 9 84
191 10 61
191 11 19
191 13 66
191 14 43
191 15 85
191 16 58
191 17 77
191 18 36
191 19 8
191 20 56
191 21 56
191 22 17
191 23 22
191 24 58
191 25 78
191 26 15
191 27 5
191 28 30
191 29 5
191 30 1
191 31 52
191 32 19
191 33 72
191 35 11
191 37 15
191 38 86
191 39 70
191 40 81
191 41 70
191 42 55
191 43 71
191 44 25
191 45 85
191 46 27
191 48 93
191 49 10
191 50 49
191 51 97
191 52 25
191 53 63
191 54 26
191 55 13
191 56 58
191 57 47
191 58 18
191 59 89
191 60 64
191 61 84
191 63 87
191 65 18
191 66 25
191 68 26
191 71 25
191 72 97
191 73 60
191 74 100
191 75 35
191 78 7
191 79 71
191 82 97
191 84 28
191 87 30
191 89 2
191 91 82
191 92 69
191 93 72
191 94 71
191 95 6
191 96 74
191 97 55
191 98 90
191 99 30
191 101 78
191 102 92
191 104 55
191 105 73
191 106 34
191 107 39
191 108 55
191 109 45
191 110 97
191 111 71
191 113 41
191 114 12
191 115 16
191 116 59
191 118 30
191 120 2
191 122 98
191 123 10
191 124 68
191 126 19
191 127 90
191 129 6
191 131 13
191 132 27
191 134 43
191 135 8
191 137 87
191 138 58
191 140 80
191 141 31
191 142 76
191 143 24
191 144 42
191 145 67
191 146 60
191 147 77
191 148 48
191 150 28
191 153 95
191 155 30
191 156 30
191 158 17
191 159 86
191 160 94
191 162 32
191 163 19
191 166 96
191 169 3
191 170 53
191 172 75
191 173 79
191 174 9
191 177 63
191 179 20
191 180 51
191 183 43
191 185 53
191 186 31
191 188 89
191 189 73
191 190 3
192 0 49
192 1 85
192 2 52
192 3 59
192 4 30
192 5 65
192 6 29
192 7 29
192 8 76
192 9 59
192 10 12
192 11 21
192 12 50
192 13 60
192 14 88
192 15 68
192 16 46
192 17 66
192 18 83
192 19 81
192 20 83
192 21 53
192 23 19
192 24 85
192 25 17
192 26 28
192 27 73
192 28 92
192 29 96
192 30 15
192 31 34
192 32 53
192 33 13
192 34 59
192 35 36
192 36 47
192 37 50
192 38 35
192 39 71
192 40 100
192 41 76
192 42 8
192 43 37
192 44 28
192 45 38
192 46 85
192 47 7
192 48 44
192 49 10
192 50 21
192 51 58
192 52 45
192 53 26
192 54 60
192 55 84
192 56 90
192 57 77
192 60 87
192 61 54
192 63 88
192 65 1
192 66 73
192 68 20
192 69 97
192 71 66
192 73 36
192 74 65
192 77 66
192 78 85
192 79 16
192 82 89
192 85 61
192 86 41
192 87 40
192 89 16
192 91 87
192 92 35
192 93 4
192 94 17
192 95 59
192 96 85
192 97 38
192 98 47
192 99 41
192 101 42
192 102 4
192 103 94
192 104 2
192 105 27
192 106 98
192 107 5
192 108 89
192 109 62
192 110 48
192 111 16
192 113 95
192 114 54
192 116 4
192 118 51
192 120 8
192 123 22
192 124 57
192 126 17
192 127 61
192 129 85
192 131 1
192 132 21
192 134 57
192 135 68
192 136 47
192 137 12
192 140 52
192 141 29
192 142 77
192 144 37
192 145 53
192 146 88
192 147 41
192 148 81
192 153 1
192 156 95
192 158 26
192 159 1
192 162 92
192 163 34
192 169 78
192 170 64
192 173 20
192 177 52
192 180 83
192 185 90
192 186 94
192 188 24
192 189 62
192 190 28
192 191 86
193 0 15
193 1 36
193 2 78
193 3 90
193 4 11
193 5 24
193 6 59
193 7 89
193 8 13
193 9 13
193 10 8
193 11 33
193 13 13
193 14 6
193 15 31
193 16 51
193 17 18
193 18 66
193 19 38
193 20 37
193 21 78
193 22 58
193 23 97
193 24 37
193 25 59
193 26 46
193 27 53
193 28 46
193 29 13
193 30 19
193 31 54
193 33 90
193 34 75
193 35 77
193 37 18
193 38 59
193 39 26
193 40 72
193 41 61
193 42 26
193 43 76
193 44 17
193 45 83
193 46 59
193 47 70
193 48 77
193 49 27
193 50 53
193 51 79
193 52 37
193 53 25
193 54 13
193 55 69
193 56 17
193 57 37
193 60 97
193 61 83
193 63 58
193 64 55
193 65 46
193 66 17
193 68 46
193 69 52
193 71 17
193 72 3
193 73 3
193 74 61
193 78 93
193 79 14
193 81 67
193 82 81
193 87 84
193 89 88
193 90 34
193 91 31
193 92 40
193 93 50
193 94 33
193 95 23
193 96 67
193 97 71
193 98 38
193 99 6
193 100 62
193 101 99
193 102 9
193 103 21
193 104 1
193 106 82
193 107 53
193 108 78
193 109 56
193 110 76
193 111 87
193 113 91
193 114 44
193 118 97
193 120 74
193 122 36
193 123 25
193 124 68
193 127 31
193 128 73
193 129 62
193 131 3
193 132 89
193 133 90
193 134 16
193 135 82
193 137 68
193 140 4
193 141 93
193 142 65
193 144 5
193 145 74
193 146 63
193 147 76
193 148 71
193 150 38
193 152 77
193 153 53
193 156 65
193 157 67
193 158 30
193 159 77
193 162 63
193 163 95
193 164 89
193 166 46
193 169 25
193 170 44
193 172 71
193 173 97
193 175 52
193 177 15
193 179 84
193 180 91
193 183 57
193 185 12
193 186 23
193 188 44
193 189 83
193 190 67
193 191 43
193 192 58
194 0 90
194 10 56
194 42 32
194 162 6
195 38 34
196 132 40
196 163 64
197 0 14
197 2 34
197 3 34
198 56 3
199 15 10
199 103 6
