115
140
107
131
200
126
156
119
160
195
168
181
193
198
123
105
181
153
183
148
106
164
160
197
191
114
113
132
108
132
169
167
188
103
136
168
139
142
187
106
185
156
125
119
159
170
145
134
148
176
109
198
123
134
100
159
123
112
152
166
140
141
171
177
132
175
162
181
123
138
103
162
182
117
183
191
175
111
113
126
187
143
100
159
118
149
186
198
105
129
101
116
126
107
133
159
121
130
162
169
122
128
122
189
116
195
165
193
144
196
159
137
157
178
132
126
106
113
149
163
118
144
109
193
152
175
109
171
126
158
162
133
186
164
134
154
192
155
154
173
185
183
114
147
133
132
121
188
167
117
140
123
137
159
157
191
198
173
180
143
144
119
121
137
197
193
151
139
110
137
177
138
124
127
169
115
195
189
133
125
126
155
113
113
104
186
182
155
134
150
118
158
100
125
119
180
187
155
178
139
114
165
119
144
139
169
131
108
193
129
194
148
180
112
106
117
115
188
183
133
163
121
104
151
156
157
139
153
112
169
184
192
109
181
198
108
101
157
161
151
158
144
163
125
125
143
147
189
165
167
168
170
129
139
171
182
145
184
195
116
189
163
100
125
175
103
105
116
148
106
183
184
109
151
161
100
110
188
153
125
158
137
157
154
176
185
111
131
119
178
121
179
144
161
108
133
178
101
192
163
