58043
57605
50704
56438
53440
53630
50371
54851
53386
50926
51970
59488
56240
58360
55867
54321
51790
57933
51588
57022
51280
57724
59287
59753
56773
55992
57995
50373
51465
53767
55113
59187
53720
50383
55308
56906
51624
58165
50596
58794
57744
52606
58955
59705
59835
55387
52865
53854
53142
52947
51843
52767
56621
57985
58478
55385
52378
55796
52833
54926
52311
57063
50603
53306
52041
51176
51110
57400
56515
53149
58258
55285
59991
50302
52509
55566
59575
56056
59343
56316
53579
55353
58142
58126
59729
52202
57947
55703
58337
58600
57482
56887
55679
50546
59392
55378
51225
59023
50384
58331
56040
55209
56058
56180
57795
56725
58157
57264
52251
50689
58848
57132
58784
58060
58016
55313
56304
53463
52202
50613
56098
51191
58722
53379
57744
59759
57845
58760
59702
58464
58562
57273
50198
56151
59734
55169
52579
59722
56457
52961
50253
50407
59611
58183
52399
55268
56640
56285
54470
52098
55817
51621
50375
50880
52401
58566
57076
54579
53901
58205
54305
57110
53786
55288
55032
53545
54384
58385
55923
52143
55991
57801
54255
59683
55161
57074
56854
52928
58285
51822
55983
57692
52799
59065
58540
54693
51958
52642
54341
55053
56391
55915
54604
51344
56242
58161
51796
59901
54356
56930
50341
51531
55241
59043
54038
54271
59855
58286
51524
56557
57212
55964
55415
51102
52755
59349
54069
53030
55773
57656
54101
56834
51537
53203
52042
53337
52655
50542
52833
56524
53083
55067
58031
57482
50194
51322
58417
53662
59251
50798
56104
55466
57800
50628
54105
53269
58915
54515
53844
53059
57145
51399
58090
52989
52265
58143
59263
54986
53245
50319
59884
58970
51305
51720
50954
52963
55953
52937
51732
52925
56481
55673
55732
57848
56883
53926
54076
52050
52198
50015
57201
50966
55993
52633
58460
56034
52979
50472
53943
57694
54272
52547
51226
59016
51929
50566
54013
59772
53876
55512
