0 1 20

1 2 77

2 3 70

3 4 87

4 5 99

5 6 9

6 7 73

7 8 51

8 9 97

9 10 1

10 11 54

11 12 38

12 13 7

13 14 34

14 15 79

15 16 62

16 17 1

17 18 93

18 19 45

19 20 50

20 21 87

21 22 34

22 23 61

23 24 45

24 25 27

25 26 8

26 27 41

27 28 82

28 29 89

29 30 90

30 31 22

31 32 47

32 33 35

33 34 61

34 35 94

35 36 84

36 37 23

37 38 88

38 39 14

39 40 76

40 41 16

41 42 25

42 43 54

43 44 51

44 45 42

45 46 87

46 47 62

47 48 6

48 49 8

49 50 13

50 51 36

51 52 21

52 53 78

53 54 90

54 55 2

55 56 50

56 57 13

57 58 93

58 59 8

59 60 65

60 61 29

61 62 14

62 63 98

63 64 96

64 65 36

65 66 93

66 67 3

67 68 6

68 69 35

69 70 81

70 71 27

71 72 78

72 73 9

73 74 25

74 75 90

75 76 94

76 77 26

77 78 48

78 79 8

79 80 88

80 81 12

81 82 52

82 83 23

83 84 29

84 85 62

85 86 87

86 87 68

87 88 87

88 89 98

89 90 72

90 91 56

91 92 83

92 93 4

93 94 21

94 95 72

95 96 17

96 97 85

97 98 39

98 99 25

99 100 31

100 101 45

101 102 81

102 103 58

103 104 97

104 105 33

105 106 99

106 107 89

107 108 27

108 109 34

109 110 98

110 111 25

111 112 15

112 113 39

113 114 26

114 115 57

115 116 72

116 117 17

117 118 16

118 119 99

119 120 28

120 121 35

121 122 56

122 123 56

123 124 69

124 125 54

125 126 5

126 127 95

127 128 17

128 129 72

129 130 36

130 131 24

131 132 97

132 133 70

133 134 7

134 135 45

135 136 65

136 137 63

137 138 68

138 139 23

139 140 90

140 141 90

141 142 34

142 143 17

143 144 42

144 145 60

145 146 21

146 147 40

147 148 12

148 149 88

149 150 42

150 151 90

151 152 26

152 153 10

153 154 42

154 155 69

155 156 45

156 157 64

157 158 66

158 159 85

159 160 41

160 161 82

161 162 46

162 163 89

163 164 83

164 165 79

165 166 13

166 167 53

167 168 77

168 169 34

169 170 95

170 171 52

171 172 33

172 173 69

173 174 15

174 175 22

175 176 89

176 177 97

177 178 32

178 179 8

179 180 83

180 181 50

181 182 25

182 183 20

183 184 38

184 185 85

185 186 100

186 187 69

187 188 49

188 189 64

189 190 57

190 191 32

191 192 39

192 193 72

193 194 22

194 195 67

195 196 95

196 197 14

197 198 88

198 199 38

199 200 21

200 201 40

201 202 78

202 203 66

203 204 95

204 205 43

205 206 49

206 207 26

207 208 99

208 209 20

209 210 9

210 211 67

211 212 99

212 213 48

213 214 45

214 215 1

215 216 33

216 217 1

217 218 12

218 219 46

219 220 16

220 221 62

221 222 71

222 223 68

223 224 57

224 225 59

225 226 93

226 227 41

227 228 52

228 229 10

229 230 43

230 231 37

231 232 4

232 233 86

233 234 6

234 235 16

235 236 30

236 237 53

237 238 32

238 239 45

239 240 16

240 241 66

241 242 20

242 243 62

243 244 74

244 245 28

245 246 5

246 247 43

247 248 67

248 249 38

249 250 89

250 251 24

251 252 10

252 253 14

253 254 59

254 255 8

255 256 55

256 257 11

257 258 54

258 259 55

259 260 77

260 261 76

261 262 90

262 263 62

263 264 40

264 265 7

265 266 70

266 267 45

267 268 96

268 269 17

269 270 5

270 271 77

271 272 93

272 273 63

273 274 34

274 275 7

275 276 29

276 277 39

277 278 30

278 279 48

279 280 44

280 281 30

281 282 43

282 283 50

283 284 5

284 285 13

285 286 98

286 287 68

287 288 52

288 289 49

289 290 83

290 291 85

291 292 85

292 293 80

293 294 6

294 295 32

295 296 19

296 297 38

297 298 53

298 299 13

299 0 87

205 204 26

57 165 6

140 23 31

160 41 46

135 80 4

68 85 88

117 273 55

165 161 74

1 258 11

169 120 71

49 39 33

78 276 89

134 261 76

5 81 91

200 126 18

114 245 20

207 287 52

147 264 94

274 51 74

289 228 18

278 248 7

145 75 71

116 231 35

131 263 60

247 298 11

240 103 85

278 61 77

111 259 49

37 20 40

186 27 98

11 30 38

207 281 10

295 15 23

173 244 91

264 41 22

124 286 43

275 48 35

30 163 90

242 36 24

199 12 22

15 214 71

200 226 66

187 3 8

39 0 42

182 110 37

293 187 16

29 265 97

61 226 77

114 158 84

133 279 81

149 220 32

101 241 96

114 195 65

19 43 55

2 120 32

163 126 75

74 275 90

213 96 83

93 0 82

147 281 31

47 270 46

181 19 33

40 17 98

270 64 32

80 27 73

177 39 48

16 171 16

103 149 28

245 14 30

2 267 55

192 197 64

230 136 90

141 113 88

62 134 17

39 293 66

181 286 18

222 137 100

115 5 7

111 150 10

4 232 32

234 232 78

56 145 86

85 107 13

65 136 54

83 207 68

277 204 11

206 271 21

26 11 18

196 212 100

88 283 43

69 78 70

212 270 8

296 178 71

136 60 26

198 208 39

254 128 64

74 126 65

252 289 43

224 86 41

226 232 79

97 222 7

297 44 86

149 40 33

275 203 43

152 42 87

59 190 31

11 206 44

42 159 32

282 100 71

230 87 33

59 93 85

289 43 97

173 192 80

54 139 91

28 96 37

80 150 55

286 267 98

243 158 100

11 51 69

284 44 65

33 240 12

48 270 8

72 281 26

213 105 65

35 161 86

47 79 8

232 28 95

49 58 38

109 190 46

91 177 27

24 95 25

121 94 10

118 30 45

167 150 64

97 144 75

200 143 96

125 94 51

221 33 49

242 132 97

219 17 43

77 266 86

261 102 61

62 191 96

257 167 37

100 1 44

96 207 5

54 264 10

50 63 31

214 256 66

100 170 57

61 33 84

280 49 50

256 134 80

36 245 31

109 114 32

274 187 92

97 166 31

116 236 27

132 221 13

97 247 71

270 280 8

30 154 5

162 253 37

239 238 50

80 149 95

58 235 87

139 241 34

159 97 36

70 184 21

13 238 7

66 36 88

145 50 91

26 159 28

140 224 42

294 268 60

93 267 55

146 287 22

94 11 29

62 71 24

118 211 1

243 27 96

55 157 41

139 181 56

223 226 21

52 287 74

14 221 64

140 132 39

198 173 75

247 206 30

87 95 64

62 203 1

176 224 15

102 163 34

0 252 47

111 194 94

267 229 30

119 109 77

241 273 77

76 260 64

296 173 72

67 242 17

182 203 93

108 6 89

275 31 96

170 153 74

173 25 24

32 163 81

272 230 61

160 254 8

213 159 69

154 268 24

97 145 86

254 84 83

86 226 57

107 13 94

143 132 46

281 77 24

260 7 44

124 150 60

43 267 56

104 171 19

188 91 87

23 232 14

273 217 2

264 250 93

142 189 61

78 259 37

8 125 94

258 203 57

16 160 71

65 60 44

293 295 36

9 190 53

165 55 8

141 171 14

19 173 24

265 226 79

22 280 86

96 53 34

134 286 39

125 15 48

174 128 6

223 124 47

166 2 50

200 168 40

239 80 61

129 155 53

191 150 50

261 197 72

216 222 10

122 239 15

4 158 20

71 90 35

222 73 44

42 273 93

276 227 21

88 13 48

56 8 38

69 255 17

142 34 20

156 35 54

269 246 84

261 216 93

154 40 53

293 213 7

7 85 64

280 189 30

66 41 54

69 250 67

190 15 75

231 7 10

175 277 14

159 292 82

66 42 78

167 91 51

100 146 67

245 83 2

276 91 54

194 187 67

67 283 50

285 88 24

113 58 25

72 277 53

185 145 22

154 265 49

149 216 5

201 115 89

240 28 41

55 158 80

82 166 72

192 154 38

35 42 69

190 214 91

280 128 92

270 220 26

153 64 40

99 239 2

147 221 25

156 284 97

185 221 59

240 201 30

202 138 19

15 163 66

64 266 51

58 146 6

181 104 97

247 283 29

261 294 57

2 187 16

258 78 74

20 140 98

142 3 81

217 136 92

93 268 10

11 151 44

205 106 81

263 158 56

97 50 22

229 154 66

247 46 16

8 188 8

101 129 78

45 96 58

7 122 14

294 139 86

149 51 47

84 256 49

55 52 39

148 285 71

59 203 36

107 29 79

271 101 80

189 62 92

254 240 55

1 200 80

210 251 23

285 7 36

122 277 82

114 264 86

55 147 66

141 29 8

36 43 75

157 121 52

180 1 62

285 234 78

97 106 92

109 117 38

47 99 76

262 257 23

181 282 87

44 269 73

7 136 5

244 95 51

194 25 58

97 205 56

139 1 9

103 112 1

252 295 27

203 157 75

126 159 24

166 293 73

85 20 85

114 185 94

289 204 81

25 188 66

25 78 22

165 284 30

276 127 2

178 23 33

135 221 82

107 33 39

266 246 47

86 189 83

132 237 99

196 5 87

200 100 65

262 237 99

266 116 27

238 217 95

40 192 16

0 171 44

236 216 89

252 275 23

102 229 13

3 59 8

118 102 2

5 230 29

144 133 45

272 87 68

93 238 90

226 20 91

280 196 44

43 275 2

18 88 38

183 261 3

54 242 22

37 248 38

292 72 71

102 256 35

89 134 8

123 169 6

118 152 75

173 14 96

183 48 92

190 5 13

95 11 23

109 51 78

0 260 30

31 246 75

234 29 20

82 19 40

212 292 20

43 240 92

155 175 37

94 115 94

258 261 73

85 290 58

221 66 51

151 142 40

46 179 63

269 194 54

57 287 43

42 148 12

220 17 51

279 224 99

34 258 21

61 162 77

231 161 59

82 60 62

8 90 20

200 114 80

51 244 66

169 106 62

152 174 24

191 34 48

17 79 88

47 97 72

61 92 75

258 19 34

24 198 10

9 4 26

42 238 20

114 216 95

94 162 93

161 240 7

145 109 10

209 174 35

247 74 36

20 157 12

247 59 98

14 51 9

275 205 8

61 18 19

242 158 66

6 82 100

276 26 12

122 40 88

261 38 83

124 93 37

220 179 46

14 214 94

176 125 25

174 29 52

296 123 91

82 103 22

119 65 71

122 19 88

32 250 26

108 47 62

288 296 15

104 54 53

224 32 92

141 111 85

7 6 100

139 100 85

212 225 95

59 293 26

288 79 97

65 246 73

148 172 87

239 162 42

226 296 20

242 28 12

3 141 36

5 218 58

242 69 92

120 297 19

245 7 89

278 86 17

184 2 48

127 234 81

92 123 29

275 112 65

153 140 59

25 192 67

101 242 88

212 46 99

213 119 56

268 296 59

13 1 45

7 215 26

144 167 68

98 71 42

229 132 80

184 265 26

115 146 21

210 175 25

147 176 16

268 64 50

18 225 60

216 125 20

249 61 90

7 219 61

140 262 46

56 139 23

277 171 57

154 205 34

191 69 47

297 15 54

126 159 81

4 265 16

278 226 38

28 171 75

22 142 38

243 289 93

149 3 97

152 207 7

235 277 71

204 111 44

230 37 76

158 13 26

249 284 34

182 218 52

158 144 21

169 16 80

199 207 59

55 226 2

158 41 80

3 56 76

67 170 29

198 168 47

200 208 94

109 30 82

5 141 35

51 185 79

194 155 48

154 94 68

5 272 27

160 257 4

69 202 48

220 74 79

58 157 50

277 18 72

191 212 86

170 183 35

178 133 66

25 46 33

43 92 7

1 109 52

166 162 14

35 116 50

44 81 76

240 254 72

139 210 63

212 45 64

233 260 69

205 118 32

286 64 91

201 9 98

38 98 87

7 260 14

111 162 79

70 14 13

239 297 42

277 208 80

274 64 16

272 38 52

91 241 19

295 55 14

92 266 26

293 79 91

292 173 98

104 198 17

131 2 51

147 50 17

24 112 82

201 197 82

171 12 89

206 208 64

158 54 8

56 13 71

6 71 82

73 273 66

101 190 32

124 12 76

149 222 4

20 273 30

125 226 23

193 35 67

67 54 24

255 266 15

5 154 9

104 30 12

94 284 10

167 80 66

76 181 15

193 116 58

220 136 70

176 56 39

37 115 6

101 69 57

278 87 68

141 261 99

73 183 68

115 252 52

84 167 25

105 225 22

295 18 8

21 73 78

289 40 44

157 248 4

271 260 2

45 10 26

170 140 31

227 63 84

96 14 38

42 163 20

60 141 3

248 24 7

138 33 53

31 276 66

92 44 43

192 53 25

31 54 79

238 56 66

37 173 72

283 227 53

127 88 78

228 16 73

183 229 86

141 26 54

210 264 56

219 194 37

177 33 84

150 77 21

230 72 23

203 151 53

246 171 29

226 26 15

233 162 15

16 160 87

200 2 24

79 45 45

63 54 8

130 277 76

204 277 77

51 230 74

99 206 2

207 241 20

169 211 38

226 19 15

9 178 70

70 143 10

80 76 27

145 41 11

36 122 96

175 280 73

131 37 89

270 182 92

277 255 69

274 82 60

97 39 34

137 222 26

294 288 63

97 22 11

243 66 7

255 232 34

152 244 40

224 238 92

117 28 50

107 226 83

169 140 56

64 77 6

160 31 10

209 102 11

106 15 98

36 189 70

212 206 91

34 162 14

167 104 19

113 224 99

117 83 81

191 151 64

294 50 94

296 29 12

212 188 35

255 120 25

243 128 56

12 211 17

273 18 47

33 86 84

168 156 62

24 119 34

263 83 96

63 43 83

123 164 81

0 206 48

134 19 7

110 50 92

269 197 17

181 154 64

252 96 41

227 176 11

148 23 63

21 296 77

31 78 81

94 3 11

13 241 36

268 70 99

184 268 39

227 73 68

130 279 3

152 38 49

4 102 39

133 150 96

197 59 91

64 173 91

145 150 50

215 52 70

283 142 81

80 220 48

64 285 62

155 48 16

145 29 14

275 128 8

55 202 97

98 129 78

258 11 42

165 203 73

127 234 54

235 122 37

74 53 16

92 27 10

230 168 43

242 127 9

138 11 62

59 66 23

46 183 81

172 75 70

228 61 26

173 152 85

75 186 25

35 82 70

182 35 42

70 36 40

256 27 78

164 253 89

88 10 99

240 257 22

231 294 9

55 111 21

140 51 6

93 185 10

34 132 59

59 149 74

256 155 89

33 173 98

61 98 2

268 101 17

27 14 10

241 191 75

154 28 61

252 175 2

215 39 93

16 56 28

289 232 55

210 297 5

285 52 92

272 265 98

97 290 44

269 161 78

79 294 65

174 207 74

48 229 40

93 46 43

110 198 86

135 34 77

290 84 39

65 16 7

35 150 7

58 11 58

109 266 68

153 218 37

171 34 62

275 120 62

32 161 95

277 220 76

192 281 72

142 219 37

276 70 82

289 40 14

169 254 47

244 52 62

47 291 19

176 168 71

0 258 73

173 203 56

30 61 22

154 241 20

243 116 82

162 100 22

164 170 35

264 137 20

276 255 22

35 97 16

152 264 78

145 161 40

146 170 79

173 16 60

175 119 28

46 19 37

240 61 83

53 78 66

172 204 98

150 187 65

45 248 33

13 158 26

26 140 4

293 173 24

6 281 79

56 13 36

123 2 10

273 214 54

47 42 62

183 77 19

67 274 39

285 177 52

240 271 4

62 205 8

96 61 6

81 261 81

57 92 20

258 12 99

188 285 27

198 257 33

19 247 77

242 200 34

202 138 44

285 292 41

270 195 13

171 220 79

229 282 24

168 46 75

144 51 37

154 156 34

221 102 97

130 6 85

16 204 22

277 67 56

83 163 9

81 72 96

270 105 87

172 137 20

15 91 49

7 157 84

30 55 87

199 14 63

246 80 49

213 224 13

78 120 9

185 93 39

98 17 55

269 142 10

264 221 73

214 229 74

4 268 32

260 41 96

254 225 68

94 251 68

53 275 71

13 160 55

287 119 69

132 231 79

294 286 77

215 147 49

90 129 44

206 107 68

203 70 90

7 266 72

117 147 55

137 202 64

292 159 16

7 86 76

145 24 48

200 150 99

234 92 5

267 170 70

9 190 42

81 273 51

82 169 62

212 15 75

100 51 19

61 40 75

161 176 62

260 273 4

257 204 5

295 237 76

269 62 26

266 155 42

202 33 29

174 123 5

100 125 5

34 180 58

156 159 83

287 14 45

248 242 70

287 270 47

66 40 7

132 157 26

170 25 49

174 216 58

219 206 4

163 212 57

180 253 46

229 242 27

54 145 52

185 283 36

185 281 1

229 119 54

87 293 50

254 84 36

286 100 58

102 183 51

80 232 77

14 191 35

158 271 13

51 218 25

47 273 78

297 39 52

134 87 15

217 89 4

132 121 63

246 104 88

123 282 28

76 49 49

72 1 21

139 150 28

287 70 26

292 68 89

98 110 55

259 288 71

144 274 17

26 263 68

212 229 4

249 200 17

199 8 76

244 256 43

296 54 15

240 233 71

116 254 64

285 100 17

275 24 34

168 146 86

47 11 69

56 286 58

202 90 27

63 198 96

205 152 38

264 273 13

165 83 67

160 31 39

115 35 38

160 270 14

14 297 43

233 78 85

114 59 83

143 119 21

23 176 20

181 97 90

129 267 64

248 77 48

209 190 77

251 211 4

231 258 34

77 294 95

100 139 43

195 37 35

97 162 20

5 22 22

243 50 63

73 221 4

57 186 24

118 197 51

283 250 59

173 208 53

226 180 6

15 147 14

123 210 47

229 207 2

274 162 14

272 4 1

11 139 60

20 167 30

295 37 39

193 112 80

283 99 12

0 167 77

294 161 76

67 240 82

2 105 61

30 174 41

18 77 34

172 83 69

236 188 5

48 14 2

173 110 61

122 63 6

31 175 23

288 30 68

84 85 49

164 151 97

232 220 99

67 182 48

160 284 77

170 55 93

4 281 92

242 235 17

243 46 58

185 198 30

291 162 22

159 123 81

144 160 63

153 29 53

12 91 27

257 178 76

132 239 71

195 285 6

222 28 69

90 118 15

115 258 39

49 212 57

6 47 58

279 275 51

220 208 30

131 90 83

101 110 28

112 293 61

146 274 3

54 139 59

251 97 82

66 243 28

39 229 26

244 152 95

173 78 60

32 92 26

20 221 87

215 63 30

68 206 67

20 88 22

13 292 70

205 217 93

125 298 55

152 158 73

290 163 54

203 193 15

123 210 45

28 247 18

188 298 21

184 256 60

235 28 49

134 110 22

162 135 30

104 59 50

102 90 62

1 71 50

168 230 85

170 271 15

233 191 46

91 276 55

103 45 39

18 137 44

99 71 85

58 275 12

9 7 78

127 253 59

256 234 66

109 209 39

297 56 45

124 266 78

86 264 75

210 113 89

54 185 1

283 51 50

229 73 16

2 259 58

126 237 5

102 90 96

55 27 96

277 35 58

75 280 73

88 45 81

241 12 86

5 294 66

39 229 99

200 119 87

287 54 73

68 117 10

281 213 37

119 215 86

56 229 68

93 197 93

50 142 51

228 197 45

212 226 69

228 87 58

249 70 82

69 261 1

161 125 53

242 61 84

27 240 85

127 289 32

262 241 57

206 221 15

72 81 49

115 230 82

288 39 34

150 213 1

173 217 88

116 162 61

29 151 27

144 266 53

114 274 80

149 239 40

154 36 71

150 265 77

50 60 98

202 51 17

117 22 76

32 271 7

151 43 70

163 166 16

213 215 47

65 179 91

73 33 51

126 43 22

182 82 64

192 91 36

162 4 93

135 273 9

80 185 100

3 50 32

121 115 38

283 274 76

98 84 24

46 190 51

200 90 65

68 86 78

98 62 24

52 129 100

89 168 39

161 61 47

263 64 68

247 265 51

120 216 76

152 246 40

86 125 97

168 261 33

81 233 43

208 59 94

217 292 83

220 217 67

293 287 41

96 57 15

165 167 49

287 80 50

104 178 19

179 105 9

25 250 70

19 187 73

64 130 83

263 219 97

233 77 42

283 293 61

164 282 54

41 138 81

159 241 75

108 255 68

111 1 32

142 247 2

160 19 52

45 111 39

23 73 59

4 281 4

89 283 20

262 150 54

97 222 14

166 184 63

241 45 89

163 188 99

156 246 26

83 137 26

278 159 89

76 286 99

272 131 75

237 227 73

132 52 65

281 23 39

28 223 30

45 207 43

87 115 1

131 164 6

64 223 18

53 58 98

102 153 74

251 297 55

204 178 61

296 152 54

43 227 44

48 216 98

192 168 29

8 237 53

26 4 46

139 297 54

222 268 30

18 161 46

296 200 7

79 180 17

151 233 21

117 123 63

222 90 15

86 61 2

162 262 100

21 266 43

5 154 79

188 15 28

164 107 45

245 140 63

114 198 8

108 271 45

16 278 90

29 291 96

180 266 93

241 221 89

237 169 21

3 17 18

182 123 19

46 148 9

117 250 53

132 217 4

206 156 88

40 210 1

57 204 36

160 74 33

24 118 71

87 24 28

210 61 30

40 106 4

288 264 16

254 239 75

176 263 96

257 13 47

212 216 31

209 260 1

184 88 55

170 66 93

132 214 80

142 227 2

134 246 42

12 129 41

106 276 57

200 1 36

170 270 13

123 161 57

92 190 98

280 128 58

39 226 49

201 180 94

116 68 100

136 134 44

31 44 32

243 252 100

205 234 67

177 51 89

157 21 81

178 183 97

104 168 37

145 200 77

71 9 86

97 227 31

294 121 4

174 88 79

25 263 9

231 130 73

120 105 34

154 106 76

207 251 19

160 240 53

205 287 92

222 204 43

64 272 30

160 259 12

102 235 32

102 104 55

57 26 94

210 234 38

136 239 88

40 161 11

256 67 73

151 229 14

205 0 27

37 208 63

291 89 36

137 215 75

249 118 30

76 208 24

47 118 40

185 296 11

182 100 94

284 259 51

82 193 45

51 95 59

292 286 41

49 284 20

82 33 32

0 176 42

162 293 17

296 80 94

259 106 53

190 205 10

223 102 22

296 199 47

224 185 52

249 291 74

227 80 15

97 148 42

139 254 41

138 83 16

212 65 14

188 48 60

43 283 37

256 71 69

167 48 61

171 23 37

119 187 23

284 52 72

269 125 1

106 15 42

188 91 90

48 239 36

254 180 46

34 79 2

69 27 9

199 133 39

156 151 90

236 197 90

105 234 45

72 89 63

232 263 61

218 222 11

282 180 4

117 270 6

254 283 94

79 285 90

293 93 50

165 259 60

33 185 28

37 48 79

135 166 69

214 196 57

193 283 60

75 198 47

137 93 45

131 107 32

76 28 14

240 77 59

79 181 49

2 261 4

94 84 57

177 206 33

68 249 55

207 30 7

11 238 62

227 192 82

134 258 60

8 273 56

126 273 38

54 187 73

56 68 27

224 27 97

128 112 24

196 180 18

88 72 63

151 252 82

216 76 1

179 225 64

86 113 62

117 35 25

191 278 36

269 20 49

60 251 39

292 29 5

156 158 18

22 158 18

194 245 21

91 125 30

107 162 86

203 49 90

38 8 89

84 114 87

159 190 20

241 94 100

99 82 68

275 7 31

191 44 62

86 193 33

18 297 86

282 207 15

142 237 38

199 67 81

288 100 55

125 119 51

11 29 77

40 261 11

83 205 94

194 134 15

152 146 3

71 44 52

153 284 50

283 197 70

213 49 8

269 92 58

225 233 54

73 146 41

66 168 72

277 290 49

1 272 60

43 16 80

60 292 18

213 298 53

145 98 79

152 290 51

175 230 45

8 195 68

51 9 87

205 278 15

110 249 17

289 11 85

52 155 16

9 16 17

215 257 47

128 165 63

67 297 67

281 2 68

266 136 79

95 106 23

88 164 10

250 186 91

290 88 60

228 40 23

196 200 32

133 188 85

192 251 91

30 153 81

102 136 90

210 215 74

50 148 99

137 15 84

70 3 78

46 54 7

56 62 53

86 194 14

218 182 100

45 176 97

161 123 19

294 112 39

52 227 34

23 18 19

155 249 14

96 277 75

138 37 70

207 166 95

82 236 58

2 144 56

31 68 8

168 47 70

138 268 76

256 70 94

169 211 53

68 191 32

155 221 18

61 29 13

135 198 4

126 106 39

146 166 6

230 121 26

83 27 37

109 111 47

156 11 61

58 17 64

257 31 40

