118
177
134
126
140
124
181
111
155
161
109
164
177
185
105
195
122
174
104
127
115
129
180
189
108
200
155
130
134
182
108
161
103
153
174
134
103
176
168
190
137
175
178
170
124
123
191
152
138
141
165
194
140
195
174
119
134
133
183
141
154
184
133
136
126
121
107
144
177
106
162
163
180
117
107
185
155
140
125
131
166
166
132
173
164
162
176
159
133
173
184
124
177
141
190
143
178
119
179
153
137
110
185
108
113
170
167
150
169
108
126
127
140
137
113
164
106
142
169
127
180
198
130
178
180
103
121
176
135
195
186
153
196
132
162
155
198
117
196
118
111
120
102
195
100
155
195
181
105
147
185
189
176
187
154
169
174
165
147
121
121
193
101
186
168
104
148
170
176
182
106
193
100
137
118
131
124
102
149
188
171
161
183
200
100
199
153
131
119
167
165
148
128
172
140
181
103
105
195
147
