58040
58190
59159
59746
56510
58620
59594
52843
58551
56792
57594
57459
50719
52054
53448
50046
50776
50580
53877
52505
52967
54246
51646
56368
51862
53647
59543
55242
54978
56747
57040
56493
59224
55342
54948
51703
50747
56310
52814
58028
55332
54424
59115
55551
53016
55478
55585
58347
53046
50461
51167
59915
57320
55657
56747
50866
50936
56600
50302
54884
55185
52519
57512
55568
58185
51834
56076
58189
55720
58185
54684
53860
54397
55187
51362
57488
56700
58528
56866
56058
59798
54477
56246
56350
56599
59388
52180
53325
54907
59494
58838
53735
52900
51973
58520
52786
56259
56554
55212
58368
51288
52027
50076
53089
57428
52434
56863
52526
59334
50083
55549
52061
59308
58462
59686
53557
59785
52834
51454
59382
59003
59638
59353
53764
59176
50284
52049
50398
59334
54055
50530
53558
58127
51080
53819
50456
50038
55146
56170
58440
56613
52159
56878
58009
55878
53208
53016
56166
54496
54784
55699
54453
59255
50152
54951
50978
58254
54839
53483
53416
50347
54626
52123
56229
52118
53758
56274
57399
57437
58146
57335
59239
53003
53142
56635
51624
55893
51263
57152
57982
54869
50326
52226
59450
55775
55179
59933
52483
52364
51036
52684
51088
59377
53930
52817
58248
55617
56047
55058
56598
