1 0 31
2 1 48
3 0 25
3 1 77
4 0 93
4 1 20
4 3 90
5 4 77
6 0 69
6 3 32
7 0 57
7 1 4
7 2 55
7 3 74
7 4 22
7 6 19
8 1 77
8 2 84
8 3 90
8 4 92
8 6 73
8 7 70
9 0 50
9 3 34
9 4 45
9 5 2
9 6 81
9 7 32
9 8 85
10 6 40
11 6 23
12 0 20
12 1 97
12 2 37
12 3 6
12 4 14
12 6 29
12 7 62
12 8 32
12 9 92
12 11 71
13 0 50
13 1 71
13 2 67
13 3 95
13 4 50
13 5 61
13 6 96
13 7 36
13 8 77
13 9 43
13 12 25
14 0 91
14 1 15
14 2 26
14 3 34
14 4 31
14 5 5
14 6 8
14 7 90
14 8 26
14 9 21
14 12 92
14 13 99
15 0 85
15 3 16
15 6 64
15 8 81
15 9 100
15 11 97
15 12 94
16 0 61
16 1 86
16 2 69
16 3 93
16 4 1
16 5 67
16 6 97
16 7 40
16 8 76
16 9 59
16 11 93
16 12 38
16 13 90
16 14 49
16 15 78
17 7 37
18 0 14
18 1 17
18 3 42
18 4 90
18 14 1
19 0 55
19 1 99
19 2 83
19 3 92
19 4 57
19 5 68
19 6 1
19 7 11
19 8 63
19 9 55
19 12 77
19 13 20
19 14 32
19 15 89
19 16 3
19 17 63
19 18 10
20 9 91
21 0 26
21 4 72
21 9 62
21 14 5
21 18 84
21 20 78
22 0 2
22 1 64
22 2 69
22 3 53
22 4 14
22 6 33
22 8 93
22 9 41
22 10 63
22 11 92
22 12 99
22 14 74
22 15 28
22 16 77
22 18 60
22 19 89
22 20 53
22 21 14
23 22 74
24 0 74
24 1 63
24 2 19
24 3 61
24 4 81
24 5 97
24 6 31
24 7 61
24 8 27
24 9 67
24 12 91
24 13 77
24 14 55
24 15 7
24 16 89
24 17 88
24 18 7
24 19 72
24 21 42
24 22 90
25 2 2
26 16 54
27 0 55
27 1 1
27 2 7
27 3 81
27 4 56
27 6 57
27 7 45
27 8 93
27 10 43
27 13 13
27 14 9
27 17 26
27 22 78
27 24 75
28 1 5
28 2 8
28 3 84
28 9 67
29 25 52
30 22 26
31 21 60
32 7 46
32 14 34
33 0 51
33 1 81
33 2 95
33 3 65
33 4 56
33 5 47
33 6 90
33 7 48
33 8 67
33 9 86
33 10 50
33 11 10
33 12 61
33 13 25
33 14 2
33 15 7
33 16 39
33 17 81
33 18 36
33 19 40
33 20 70
33 21 62
33 22 82
33 23 73
33 24 39
33 25 13
33 27 39
33 30 10
33 31 88
33 32 37
34 7 84
34 14 50
34 32 78
35 0 77
35 1 35
35 2 40
35 3 86
35 4 96
35 6 56
35 7 61
35 8 94
35 9 80
35 10 43
35 11 75
35 12 42
35 13 46
35 14 31
35 15 66
35 16 80
35 17 91
35 19 6
35 22 66
35 24 57
35 27 3
35 31 35
35 33 60
36 0 32
36 12 20
36 16 53
36 21 39
36 33 42
37 0 50
37 1 19
37 2 92
37 3 19
37 4 66
37 5 94
37 6 77
37 7 74
37 8 44
37 10 64
37 12 11
37 13 83
37 14 46
37 15 82
37 16 10
37 18 64
37 19 87
37 21 14
37 22 17
37 24 7
37 27 40
37 28 58
37 31 77
37 33 34
37 35 11
37 36 18
38 5 44
38 37 88
39 0 68
39 1 45
39 2 33
39 3 14
39 4 98
39 5 66
39 6 82
39 7 32
39 8 14
39 9 3
39 11 2
39 12 95
39 13 78
39 14 56
39 15 100
39 16 36
39 17 64
39 18 26
39 19 27
39 21 51
39 22 94
39 24 57
39 27 48
39 28 11
39 32 76
39 33 61
39 34 92
39 35 63
39 36 71
39 37 22
39 38 2
40 0 45
40 1 24
40 2 36
40 3 92
40 4 25
40 5 65
40 6 97
40 7 75
40 8 7
40 9 34
40 10 61
40 11 81
40 12 14
40 13 77
40 14 7
40 15 45
40 16 93
40 18 12
40 19 27
40 20 75
40 21 12
40 22 35
40 24 92
40 27 49
40 28 40
40 30 91
40 31 28
40 33 28
40 35 25
40 36 46
40 37 11
40 38 15
40 39 62
41 0 72
41 1 14
41 2 88
41 5 32
41 14 5
41 40 26
42 0 49
42 1 1
42 3 13
42 4 68
42 5 14
42 6 40
42 8 30
42 9 69
42 16 49
42 19 32
43 28 90
44 30 100
45 0 92
45 6 3
45 12 64
46 21 68
47 0 57
48 4 77
48 37 65
49 21 89
49 31 93
49 46 43
50 31 91
50 35 82
51 13 1
51 16 90
51 24 28
51 27 61
51 37 92
51 40 95
52 16 61
52 26 12
53 0 41
53 1 97
53 2 82
53 3 7
53 4 42
53 5 26
53 6 39
53 7 59
53 8 20
53 9 76
53 11 53
53 12 42
53 13 37
53 14 55
53 15 22
53 16 5
53 17 36
53 19 39
53 20 75
53 22 52
53 24 57
53 27 22
53 32 78
53 33 76
53 35 56
53 37 16
53 39 27
53 40 20
53 41 95
53 42 71
54 0 14
54 3 87
54 6 94
54 10 50
54 15 44
54 24 96
54 28 30
54 37 38
54 43 86
55 33 2
56 0 72
56 1 63
56 2 68
56 3 35
56 4 7
56 5 99
56 6 90
56 7 30
56 8 73
56 9 9
56 10 8
56 12 33
56 13 58
56 14 4
56 17 65
56 18 38
56 19 59
56 20 58
56 21 21
56 22 87
56 24 96
56 25 65
56 27 27
56 30 2
56 31 43
56 33 47
56 35 92
56 37 55
56 39 59
56 40 30
56 41 7
56 42 9
56 44 55
56 45 16
56 46 35
56 49 31
56 50 40
56 53 79
57 0 87
57 1 50
57 4 72
57 7 6
57 9 63
57 12 44
57 20 98
57 21 41
57 36 82
57 37 62
57 48 72
57 56 9
58 47 89
59 0 62
59 1 89
59 2 71
59 3 93
59 4 15
59 5 86
59 6 74
59 7 97
59 8 99
59 9 19
59 10 80
59 11 4
59 12 20
59 13 13
59 14 10
59 15 69
59 16 31
59 17 22
59 18 99
59 19 50
59 21 23
59 22 95
59 24 54
59 27 24
59 28 49
59 31 51
59 32 99
59 33 53
59 34 55
59 35 9
59 37 99
59 39 22
59 40 30
59 42 87
59 46 55
59 49 13
59 50 42
59 53 44
59 55 59
59 56 50
60 47 65
60 58 71
61 0 20
61 1 53
61 2 82
61 3 56
61 4 10
61 5 42
61 6 82
61 7 96
61 8 15
61 9 17
61 10 94
61 11 95
61 12 27
61 13 22
61 14 67
61 15 97
61 16 99
61 17 5
61 18 50
61 19 9
61 21 59
61 22 60
61 24 3
61 27 36
61 31 74
61 32 56
61 33 61
61 34 48
61 35 4
61 36 6
61 37 72
61 39 72
61 40 81
61 41 39
61 42 96
61 45 95
61 46 77
61 49 45
61 50 73
61 51 12
61 53 69
61 54 31
61 56 71
61 57 5
61 59 18
62 9 98
62 19 17
63 0 17
63 1 6
63 2 19
63 3 7
63 4 44
63 5 50
63 6 45
63 7 23
63 8 5
63 9 49
63 10 55
63 11 47
63 12 88
63 13 73
63 14 38
63 15 34
63 16 30
63 17 74
63 18 52
63 19 69
63 20 24
63 21 16
63 22 73
63 24 48
63 27 97
63 28 61
63 31 7
63 32 83
63 33 98
63 35 94
63 36 89
63 37 3
63 39 1
63 40 96
63 42 80
63 51 37
63 53 84
63 54 57
63 55 27
63 56 73
63 59 84
63 61 91
64 13 37
65 0 24
65 1 52
65 2 48
65 3 42
65 4 61
65 5 87
65 6 57
65 7 66
65 8 21
65 9 92
65 11 29
65 12 69
65 13 44
65 14 44
65 15 18
65 16 61
65 17 50
65 18 19
65 19 42
65 22 34
65 24 46
65 27 10
65 32 71
65 33 99
65 34 31
65 35 43
65 36 83
65 37 25
65 38 69
65 39 7
65 40 60
65 41 24
65 42 41
65 45 89
65 51 85
65 52 53
65 53 63
65 54 96
65 56 67
65 57 89
65 59 54
65 61 49
65 63 90
66 22 5
67 53 3
68 13 20
69 0 9
69 1 56
69 2 13
69 3 88
69 4 29
69 5 100
69 6 67
69 7 14
69 8 68
69 9 30
69 12 64
69 13 22
69 14 90
69 15 38
69 16 60
69 17 67
69 18 30
69 19 3
69 21 65
69 22 60
69 23 7
69 24 31
69 27 64
69 31 69
69 32 71
69 33 30
69 35 60
69 36 91
69 37 88
69 39 51
69 40 21
69 42 68
69 45 46
69 50 96
69 51 68
69 53 23
69 56 51
69 57 2
69 59 89
69 61 2
69 62 41
69 63 92
69 65 4
70 18 41
70 22 24
71 0 81
71 1 98
71 2 8
71 3 9
71 4 52
71 5 16
71 6 36
71 7 19
71 8 55
71 9 45
71 10 55
71 11 27
71 12 37
71 13 100
71 14 18
71 15 89
71 16 93
71 17 3
71 18 33
71 19 19
71 20 61
71 21 95
71 22 16
71 24 16
71 25 34
71 26 66
71 27 95
71 28 70
71 29 23
71 32 20
71 33 89
71 34 4
71 35 91
71 36 68
71 37 10
71 38 76
71 39 82
71 40 83
71 41 41
71 42 18
71 43 52
71 48 63
71 49 19
71 51 17
71 52 87
71 53 4
71 54 15
71 56 8
71 57 8
71 59 92
71 61 12
71 62 52
71 63 90
71 65 2
71 69 5
72 56 1
73 8 40
73 13 99
73 21 37
73 24 27
73 51 46
73 53 88
73 54 67
73 61 36
73 65 58
74 58 54
75 0 77
75 1 16
75 2 39
75 3 12
75 4 90
75 5 13
75 6 39
75 7 71
75 8 69
75 9 81
75 10 32
75 11 86
75 12 67
75 13 44
75 14 32
75 15 88
75 16 30
75 17 58
75 18 54
75 19 85
75 20 87
75 21 89
75 22 90
75 23 39
75 24 6
75 27 83
75 28 95
75 31 77
75 32 5
75 33 97
75 34 78
75 35 89
75 36 72
75 37 16
75 38 24
75 39 77
75 40 5
75 41 43
75 42 51
75 43 21
75 48 59
75 50 28
75 51 93
75 53 30
75 54 1
75 56 8
75 57 41
75 59 28
75 61 5
75 62 76
75 63 32
75 65 41
75 66 16
75 68 32
75 69 29
75 71 17
75 73 3
76 0 11
76 1 46
76 3 23
76 4 8
76 5 96
76 14 68
76 24 52
76 65 74
76 71 14
77 21 50
77 46 19
78 9 92
78 16 82
78 19 53
78 22 86
78 27 15
78 37 100
78 40 90
79 0 64
79 1 68
79 2 96
79 3 72
79 4 8
79 5 54
79 6 19
79 7 76
79 8 66
79 9 97
79 10 83
79 11 63
79 12 13
79 13 61
79 14 81
79 15 33
79 16 70
79 17 72
79 18 78
79 19 56
79 20 100
79 21 30
79 22 81
79 23 71
79 24 33
79 25 8
79 27 76
79 28 25
79 31 5
79 32 36
79 33 68
79 35 56
79 36 17
79 37 46
79 38 75
79 39 48
79 40 13
79 42 96
79 43 15
79 45 22
79 48 2
79 51 50
79 53 9
79 54 46
79 56 36
79 57 24
79 59 32
79 61 32
79 63 14
79 65 12
79 69 74
79 71 27
79 73 83
79 75 98
79 76 18
79 78 1
80 41 31
81 0 24
82 54 37
83 1 6
83 7 88
83 34 20
84 0 46
84 1 45
84 2 52
84 3 69
84 4 89
84 5 38
84 6 14
84 7 4
84 8 47
84 9 79
84 10 96
84 13 71
84 14 23
84 15 76
84 16 48
84 17 94
84 19 92
84 21 54
84 22 98
84 24 27
84 26 60
84 27 50
84 28 91
84 30 64
84 31 33
84 33 2
84 34 83
84 35 87
84 37 90
84 38 67
84 39 60
84 40 21
84 41 36
84 42 69
84 44 54
84 49 20
84 52 49
84 53 53
84 54 32
84 56 39
84 59 41
84 61 42
84 62 85
84 63 59
84 65 52
84 69 45
84 71 78
84 75 46
84 78 74
84 79 12
84 80 34
85 4 53
85 29 54
85 71 60
85 79 3
85 84 2
86 4 33
87 53 12
88 0 9
88 1 89
88 2 94
88 3 63
88 4 42
88 5 15
88 6 86
88 7 42
88 8 86
88 9 32
88 10 92
88 11 15
88 12 88
88 13 10
88 14 3
88 15 74
88 20 52
88 21 42
88 22 32
88 28 44
88 30 5
88 32 56
88 35 24
88 37 86
88 40 5
88 43 12
88 44 78
88 47 30
88 54 21
88 56 93
88 63 29
88 69 61
88 71 95
88 75 86
89 36 84
90 47 26
91 0 97
91 1 58
91 2 35
91 3 76
91 4 71
91 5 81
91 6 89
91 7 88
91 8 80
91 9 67
91 10 95
91 11 51
91 12 95
91 13 4
91 14 63
91 15 51
91 16 76
91 17 57
91 18 83
91 19 1
91 20 30
91 21 58
91 22 25
91 23 98
91 24 71
91 26 28
91 27 49
91 28 75
91 30 85
91 31 46
91 32 23
91 33 75
91 34 49
91 35 29
91 36 6
91 37 13
91 38 27
91 39 24
91 40 11
91 41 99
91 42 28
91 45 14
91 47 25
91 51 11
91 52 5
91 53 32
91 56 45
91 57 31
91 59 68
91 61 24
91 62 43
91 63 38
91 65 95
91 69 12
91 70 4
91 71 3
91 75 64
91 78 91
91 79 28
91 84 92
91 85 61
91 88 70
92 15 29
92 54 22
93 0 45
93 1 51
93 2 30
93 3 34
93 4 85
93 5 53
93 6 57
93 7 26
93 8 29
93 9 85
93 12 11
93 13 57
93 14 47
93 15 30
93 16 23
93 18 26
93 19 46
93 20 88
93 21 55
93 22 68
93 24 6
93 25 18
93 27 90
93 32 79
93 33 31
93 34 85
93 35 73
93 36 54
93 37 4
93 38 99
93 39 73
93 40 43
93 48 95
93 51 72
93 53 96
93 54 37
93 56 4
93 57 32
93 59 83
93 61 10
93 63 5
93 65 8
93 69 31
93 71 14
93 73 6
93 75 4
93 79 68
93 81 14
93 84 79
93 85 79
93 88 55
93 89 96
93 91 10
94 58 100
95 17 36
96 0 44
96 1 8
96 2 43
96 3 23
96 4 84
96 5 41
96 6 98
96 7 44
96 8 38
96 9 23
96 10 81
96 11 81
96 12 1
96 13 1
96 14 59
96 15 13
96 16 21
96 17 83
96 18 48
96 19 64
96 20 97
96 21 38
96 22 10
96 24 26
96 25 24
96 27 93
96 28 82
96 30 4
96 31 64
96 32 98
96 33 61
96 34 1
96 35 13
96 36 63
96 37 77
96 39 70
96 40 80
96 41 23
96 42 95
96 43 94
96 45 86
96 46 46
96 47 3
96 48 40
96 50 13
96 51 13
96 53 92
96 54 60
96 55 47
96 56 26
96 57 94
96 59 33
96 61 36
96 62 42
96 63 66
96 65 31
96 66 25
96 67 29
96 68 88
96 69 38
96 71 83
96 73 4
96 75 40
96 76 26
96 77 90
96 78 4
96 79 51
96 81 8
96 83 30
96 84 74
96 87 96
96 88 95
96 91 69
96 93 76
97 0 5
97 1 100
97 2 25
97 3 68
97 4 44
97 5 29
97 6 61
97 7 81
97 8 79
97 9 32
97 10 45
97 11 21
97 12 55
97 13 94
97 14 50
97 15 37
97 16 23
97 17 5
97 18 71
97 19 26
97 20 95
97 21 35
97 22 7
97 24 48
97 26 2
97 27 92
97 28 90
97 30 79
97 32 86
97 33 6
97 35 11
97 37 54
97 38 31
97 39 15
97 40 15
97 41 73
97 42 28
97 48 76
97 51 24
97 52 76
97 53 9
97 54 39
97 56 95
97 57 4
97 59 59
97 61 79
97 63 36
97 65 36
97 68 46
97 69 16
97 71 36
97 73 28
97 75 95
97 76 34
97 79 64
97 84 69
97 85 21
97 86 100
97 88 66
97 91 70
97 93 43
97 96 54
98 63 49
99 47 21
99 58 58
100 37 76
100 39 54
100 69 29
101 32 84
102 0 63
102 1 23
102 2 23
102 3 52
102 4 50
102 5 3
102 6 97
102 7 7
102 8 4
102 9 62
102 10 32
102 11 14
102 12 55
102 13 10
102 14 87
102 15 15
102 16 32
102 17 36
102 18 76
102 19 60
102 20 15
102 21 34
102 22 4
102 24 58
102 25 20
102 27 83
102 28 77
102 30 3
102 31 88
102 33 14
102 34 30
102 35 76
102 36 79
102 37 95
102 39 79
102 40 82
102 41 76
102 42 59
102 44 59
102 46 66
102 49 48
102 50 39
102 51 60
102 53 55
102 54 35
102 56 27
102 57 16
102 59 22
102 61 83
102 63 67
102 65 63
102 66 81
102 69 54
102 71 98
102 73 4
102 75 40
102 77 41
102 78 32
102 79 89
102 84 55
102 85 7
102 88 68
102 89 65
102 91 56
102 93 17
102 96 73
102 97 10
103 0 58
103 1 72
103 2 44
103 3 64
103 4 34
103 5 79
103 6 35
103 7 68
103 8 74
103 9 74
103 10 96
103 11 50
103 12 39
103 13 79
103 14 35
103 15 52
103 16 78
103 17 66
103 18 42
103 19 67
103 20 11
103 21 30
103 22 59
103 24 1
103 25 25
103 27 97
103 28 57
103 29 100
103 30 4
103 31 3
103 32 50
103 33 80
103 35 18
103 36 50
103 37 23
103 38 15
103 39 23
103 40 65
103 41 59
103 42 62
103 43 89
103 44 90
103 45 4
103 46 11
103 49 62
103 50 27
103 51 94
103 53 47
103 54 41
103 56 36
103 57 36
103 59 35
103 61 48
103 63 46
103 65 46
103 68 99
103 69 26
103 71 56
103 73 63
103 75 67
103 76 87
103 79 12
103 80 78
103 84 77
103 85 71
103 88 81
103 89 24
103 91 45
103 93 89
103 96 81
103 97 19
103 98 97
103 102 1
104 0 68
104 1 58
104 2 86
104 3 33
104 4 4
104 5 90
104 6 73
104 7 23
104 8 39
104 9 66
104 10 68
104 11 39
104 12 95
104 13 67
104 14 98
104 15 26
104 16 96
104 17 62
104 18 14
104 19 1
104 20 61
104 21 44
104 22 50
104 24 5
104 25 29
104 27 27
104 28 37
104 30 51
104 31 59
104 32 39
104 33 54
104 34 67
104 35 96
104 36 29
104 37 62
104 38 80
104 39 84
104 40 65
104 41 87
104 42 42
104 43 22
104 44 18
104 45 69
104 48 6
104 49 52
104 50 67
104 51 96
104 53 2
104 54 36
104 56 57
104 57 1
104 59 11
104 61 19
104 62 13
104 63 95
104 65 17
104 69 38
104 71 50
104 72 15
104 73 15
104 75 54
104 78 11
104 79 65
104 80 1
104 83 75
104 84 23
104 85 99
104 86 83
104 87 9
104 88 37
104 91 23
104 93 91
104 96 70
104 97 11
104 100 96
104 102 70
104 103 26
105 79 16
106 0 19
106 1 11
106 2 51
106 3 70
106 4 67
106 5 64
106 6 32
106 7 56
106 8 95
106 9 16
106 10 31
106 11 12
106 12 53
106 13 79
106 14 24
106 15 46
106 16 74
106 17 46
106 19 73
106 20 27
106 22 18
106 24 5
106 26 1
106 30 25
106 31 24
106 32 99
106 33 42
106 35 7
106 37 2
106 40 9
106 44 73
106 47 41
106 52 36
106 56 8
106 57 85
106 61 78
106 63 85
106 71 50
106 75 75
106 78 23
106 79 94
106 84 92
106 86 27
106 88 48
106 91 38
106 93 11
106 96 44
106 97 86
106 102 13
106 103 43
106 104 13
107 24 81
108 0 91
108 1 28
108 2 57
108 3 36
108 4 2
108 5 18
108 6 46
108 7 28
108 8 45
108 9 99
108 10 21
108 11 18
108 12 62
108 13 89
108 14 20
108 15 90
108 16 8
108 17 49
108 18 12
108 19 49
108 20 1
108 21 31
108 22 36
108 24 16
108 28 64
108 29 29
108 30 67
108 31 3
108 33 59
108 34 100
108 35 87
108 36 45
108 37 16
108 39 18
108 40 59
108 42 35
108 43 82
108 46 27
108 48 80
108 49 80
108 51 94
108 53 68
108 54 83
108 55 25
108 56 75
108 57 64
108 59 26
108 61 26
108 62 72
108 63 93
108 65 59
108 67 94
108 68 70
108 69 61
108 71 80
108 72 20
108 73 35
108 75 99
108 76 95
108 77 76
108 79 8
108 82 69
108 83 53
108 84 36
108 85 100
108 88 70
108 91 47
108 92 14
108 93 26
108 95 9
108 96 61
108 97 48
108 100 50
108 102 82
108 103 70
108 104 3
108 106 17
109 65 54
110 64 77
111 95 28
112 0 24
112 1 40
112 2 40
112 3 98
112 4 14
112 5 86
112 6 84
112 7 17
112 8 33
112 9 77
112 10 75
112 11 91
112 12 39
112 13 84
112 14 71
112 15 64
112 16 92
112 17 23
112 18 67
112 19 61
112 20 49
112 21 25
112 22 24
112 24 71
112 25 45
112 26 11
112 27 10
112 28 10
112 29 12
112 30 47
112 31 30
112 32 30
112 33 64
112 35 42
112 36 84
112 37 5
112 38 17
112 39 58
112 40 21
112 41 32
112 43 25
112 44 39
112 45 91
112 46 9
112 47 78
112 49 47
112 50 100
112 53 39
112 54 27
112 56 72
112 57 31
112 59 45
112 61 57
112 62 7
112 63 51
112 65 55
112 68 39
112 69 58
112 71 50
112 75 16
112 77 51
112 78 54
112 79 99
112 80 48
112 84 57
112 85 97
112 88 46
112 91 16
112 93 27
112 96 98
112 97 69
112 102 99
112 103 67
112 104 58
112 106 39
112 108 71
113 104 67
114 83 17
115 100 37
116 30 37
117 55 7
118 21 26
118 46 67
118 49 28
119 38 78
120 0 5
120 1 24
120 2 9
120 3 62
120 4 39
120 5 70
120 6 89
120 7 1
120 8 78
120 9 24
120 10 46
120 11 34
120 12 46
120 13 83
120 14 98
120 15 83
120 16 47
120 17 72
120 18 41
120 19 36
120 20 13
120 21 43
120 22 18
120 23 98
120 24 58
120 25 54
120 26 51
120 27 70
120 28 34
120 29 28
120 30 34
120 31 43
120 32 26
120 33 18
120 34 71
120 35 89
120 36 65
120 37 72
120 38 7
120 39 65
120 40 92
120 41 48
120 42 41
120 43 16
120 44 98
120 46 53
120 47 9
120 48 80
120 49 45
120 50 64
120 51 92
120 53 2
120 54 91
120 55 77
120 56 95
120 57 99
120 59 75
120 61 62
120 62 15
120 63 62
120 65 65
120 67 79
120 69 98
120 71 21
120 72 97
120 75 70
120 76 47
120 78 89
120 79 14
120 83 42
120 84 25
120 85 64
120 88 27
120 90 43
120 91 30
120 92 36
120 93 53
120 96 75
120 97 63
120 100 15
120 102 45
120 103 76
120 104 26
120 105 29
120 106 23
120 108 6
120 112 55
120 114 53
120 116 19
121 0 6
121 1 21
121 2 31
121 3 84
121 4 21
121 5 4
121 6 39
121 7 13
121 8 40
121 9 56
121 11 76
121 12 66
121 13 20
121 14 80
121 16 55
121 18 39
121 19 12
121 20 54
121 21 23
121 22 31
121 24 77
121 25 52
121 27 99
121 28 53
121 31 18
121 32 32
121 33 67
121 34 82
121 35 25
121 36 88
121 37 32
121 38 22
121 39 81
121 40 66
121 42 74
121 45 26
121 50 75
121 53 50
121 54 18
121 56 96
121 57 89
121 59 86
121 61 88
121 63 26
121 65 99
121 69 86
121 71 51
121 73 20
121 75 26
121 78 58
121 79 63
121 83 77
121 84 83
121 88 86
121 91 64
121 93 38
121 96 62
121 97 45
121 98 6
121 100 31
121 101 99
121 102 49
121 103 86
121 104 30
121 106 7
121 108 88
121 112 52
121 113 59
121 115 9
121 120 6
122 0 43
122 1 65
122 2 59
122 3 48
122 4 27
122 5 46
122 6 57
122 7 46
122 8 63
122 9 60
122 10 2
122 11 10
122 12 2
122 13 5
122 14 59
122 15 95
122 16 63
122 17 27
122 18 81
122 19 76
122 20 18
122 21 61
122 22 6
122 23 45
122 24 3
122 25 48
122 26 99
122 27 15
122 29 89
122 30 82
122 31 71
122 32 55
122 33 85
122 34 47
122 35 30
122 36 87
122 37 58
122 38 32
122 39 2
122 40 71
122 41 95
122 42 81
122 43 57
122 44 12
122 45 72
122 46 90
122 47 75
122 48 71
122 49 60
122 50 15
122 51 13
122 52 46
122 53 92
122 55 27
122 56 36
122 57 57
122 59 94
122 60 83
122 61 54
122 62 36
122 63 26
122 65 5
122 66 19
122 69 67
122 70 20
122 71 48
122 73 62
122 75 32
122 76 19
122 77 46
122 78 14
122 79 3
122 84 44
122 85 71
122 88 91
122 91 72
122 93 53
122 95 28
122 96 89
122 97 4
122 100 75
122 102 32
122 103 60
122 104 22
122 106 6
122 108 43
122 111 9
122 112 83
122 113 5
122 115 49
122 118 80
122 120 32
122 121 53
123 51 74
124 0 19
124 1 2
124 2 100
124 3 81
124 4 73
124 5 40
124 6 17
124 7 90
124 8 41
124 9 66
124 10 34
124 11 58
124 12 13
124 13 42
124 14 62
124 15 28
124 16 82
124 17 7
124 18 18
124 19 52
124 20 94
124 21 46
124 22 11
124 24 50
124 26 48
124 27 66
124 28 47
124 30 57
124 31 33
124 32 58
124 33 3
124 34 17
124 35 21
124 36 21
124 37 19
124 38 93
124 39 35
124 40 4
124 41 95
124 42 33
124 43 8
124 45 86
124 47 67
124 48 44
124 50 13
124 51 94
124 52 81
124 53 100
124 54 99
124 55 45
124 56 29
124 57 44
124 59 48
124 61 18
124 62 89
124 63 86
124 65 79
124 69 30
124 71 88
124 75 34
124 77 59
124 78 55
124 79 93
124 80 2
124 83 4
124 84 41
124 86 37
124 88 61
124 91 90
124 92 1
124 93 60
124 96 6
124 97 39
124 100 8
124 102 44
124 103 14
124 104 46
124 106 7
124 108 80
124 112 66
124 114 96
124 119 39
124 120 93
124 121 16
124 122 43
125 0 12
125 1 45
125 2 57
125 3 2
125 4 63
125 5 41
125 6 35
125 7 37
125 8 28
125 9 83
125 10 12
125 11 100
125 12 69
125 13 7
125 14 76
125 15 71
125 16 45
125 17 60
125 18 8
125 19 76
125 20 43
125 21 35
125 22 28
125 24 9
125 25 40
125 26 65
125 27 29
125 28 71
125 29 18
125 30 27
125 31 10
125 32 55
125 33 61
125 34 80
125 35 13
125 36 8
125 37 64
125 38 37
125 39 54
125 40 21
125 41 11
125 42 20
125 43 83
125 44 48
125 45 72
125 46 57
125 48 48
125 49 53
125 51 40
125 52 62
125 53 17
125 54 98
125 55 88
125 56 36
125 57 34
125 59 79
125 61 37
125 62 29
125 63 23
125 65 64
125 66 8
125 69 8
125 71 59
125 72 94
125 73 10
125 75 85
125 79 100
125 83 94
125 84 87
125 85 6
125 87 6
125 88 38
125 91 49
125 92 22
125 93 74
125 95 64
125 96 96
125 97 6
125 98 51
125 101 76
125 102 84
125 103 75
125 104 77
125 106 53
125 108 94
125 112 76
125 113 17
125 114 69
125 116 75
125 120 100
125 121 17
125 122 60
125 124 34
126 0 20
126 1 88
126 2 27
126 3 25
126 4 21
126 5 84
126 6 53
126 7 95
126 8 6
126 9 56
126 10 31
126 11 49
126 12 20
126 13 94
126 14 78
126 15 90
126 16 49
126 17 56
126 18 34
126 19 28
126 20 9
126 21 28
126 22 27
126 23 51
126 24 15
126 25 92
126 27 90
126 28 33
126 30 15
126 31 96
126 32 88
126 33 12
126 34 74
126 35 10
126 36 58
126 37 15
126 38 59
126 39 43
126 40 95
126 41 3
126 42 34
126 44 13
126 45 75
126 46 99
126 48 15
126 49 97
126 50 96
126 51 14
126 52 92
126 53 55
126 54 96
126 55 66
126 56 79
126 57 39
126 59 99
126 61 4
126 62 69
126 63 3
126 65 47
126 69 65
126 70 20
126 71 56
126 72 15
126 73 4
126 75 26
126 76 72
126 77 33
126 79 94
126 80 34
126 81 6
126 83 51
126 84 81
126 85 8
126 88 68
126 89 3
126 91 10
126 92 99
126 93 2
126 96 44
126 97 97
126 100 44
126 101 89
126 102 35
126 103 77
126 104 95
126 105 12
126 106 36
126 108 86
126 109 33
126 112 39
126 114 3
126 120 11
126 121 89
126 122 99
126 124 86
126 125 28
127 102 26
128 86 55
129 0 40
129 1 19
129 2 94
129 3 87
129 4 75
129 5 22
129 6 80
129 7 69
129 8 15
129 9 81
129 10 16
129 11 70
129 12 19
129 13 90
129 14 25
129 15 10
129 16 35
129 17 55
129 18 66
129 19 78
129 20 49
129 21 12
129 22 18
129 24 8
129 26 99
129 27 94
129 28 99
129 30 43
129 31 91
129 32 9
129 33 24
129 35 48
129 36 56
129 37 6
129 39 88
129 40 23
129 41 48
129 42 40
129 44 35
129 45 67
129 48 62
129 51 86
129 52 1
129 53 20
129 54 41
129 56 33
129 59 54
129 61 78
129 62 52
129 63 47
129 65 57
129 67 98
129 68 20
129 69 10
129 71 10
129 73 76
129 75 7
129 76 4
129 78 63
129 79 66
129 80 55
129 82 13
129 84 16
129 85 49
129 87 36
129 88 43
129 89 63
129 91 63
129 92 71
129 93 13
129 96 62
129 97 58
129 98 63
129 101 80
129 102 69
129 103 72
129 104 38
129 106 96
129 108 33
129 112 97
129 120 20
129 121 35
129 122 22
129 124 53
129 125 38
129 126 66
130 2 13
131 79 97
131 97 29
131 105 38
131 121 45
132 88 15
132 96 59
133 90 8
134 37 48
134 40 87
134 51 34
134 123 59
135 0 10
135 1 21
135 2 76
135 3 81
135 4 69
135 5 56
135 6 3
135 7 64
135 8 84
135 9 32
135 14 86
135 15 33
135 19 72
135 34 51
135 35 55
135 39 9
135 40 59
135 41 84
135 56 98
135 61 1
135 65 12
135 69 21
135 71 51
135 75 41
135 79 49
135 84 81
135 93 11
135 98 26
135 103 4
135 104 32
135 108 84
135 112 88
135 120 50
135 121 79
135 122 59
135 125 1
135 126 98
135 129 37
136 0 96
136 1 37
136 2 86
136 3 11
136 4 44
136 6 20
136 7 23
136 8 55
136 12 54
136 20 11
136 21 76
136 22 69
136 30 26
136 31 21
136 34 67
136 40 63
136 44 84
136 49 58
136 61 48
136 69 43
136 78 31
136 97 1
136 102 98
136 106 36
136 121 72
136 122 16
136 124 59
136 125 16
136 129 51
137 0 45
137 1 43
137 2 43
137 3 64
137 4 3
137 5 34
137 6 37
137 7 81
137 8 18
137 9 71
137 10 5
137 11 97
137 12 48
137 13 46
137 14 13
137 15 28
137 16 1
137 17 20
137 18 34
137 19 23
137 20 100
137 21 64
137 22 35
137 24 82
137 25 52
137 27 68
137 28 38
137 29 53
137 30 68
137 31 57
137 32 78
137 33 30
137 34 37
137 35 28
137 36 2
137 37 10
137 38 13
137 39 32
137 40 58
137 41 94
137 42 92
137 43 41
137 45 67
137 46 72
137 48 34
137 49 83
137 50 33
137 51 72
137 52 17
137 53 56
137 54 75
137 56 2
137 57 22
137 59 21
137 61 82
137 62 11
137 63 41
137 65 63
137 67 47
137 68 57
137 69 11
137 71 36
137 72 4
137 73 8
137 75 56
137 76 91
137 79 1
137 80 89
137 84 63
137 85 59
137 86 63
137 88 89
137 91 21
137 93 83
137 96 38
137 97 20
137 98 89
137 102 83
137 103 75
137 104 99
137 105 83
137 106 97
137 108 94
137 112 59
137 118 63
137 119 61
137 120 46
137 121 56
137 122 73
137 124 41
137 125 2
137 126 62
137 129 31
137 131 4
137 132 96
137 135 62
137 136 14
138 22 81
138 30 40
138 122 4
139 71 23
140 34 25
141 0 85
141 1 37
141 2 8
141 3 23
141 4 87
141 5 47
141 6 19
141 7 48
141 8 53
141 9 53
141 10 88
141 11 40
141 12 19
141 13 64
141 14 52
141 15 99
141 16 57
141 17 49
141 18 19
141 19 40
141 20 14
141 21 53
141 22 61
141 24 55
141 25 64
141 26 3
141 27 74
141 28 43
141 29 92
141 30 63
141 31 95
141 32 18
141 33 38
141 34 9
141 35 2
141 36 67
141 37 69
141 38 89
141 39 45
141 40 1
141 41 99
141 42 79
141 43 49
141 45 46
141 46 29
141 49 37
141 51 77
141 53 3
141 54 1
141 56 99
141 57 49
141 59 21
141 61 33
141 63 65
141 65 27
141 69 33
141 71 12
141 72 66
141 73 42
141 75 73
141 76 22
141 78 5
141 79 91
141 80 95
141 84 89
141 85 5
141 88 100
141 91 88
141 93 45
141 96 71
141 97 36
141 100 75
141 102 96
141 103 42
141 104 53
141 106 77
141 108 49
141 112 52
141 113 80
141 118 38
141 120 53
141 121 54
141 122 91
141 124 91
141 125 7
141 126 78
141 129 75
141 131 58
141 134 91
141 135 51
141 136 66
141 137 97
141 138 58
142 84 6
142 104 94
143 79 9
143 105 69
143 120 87
144 0 64
144 1 49
144 2 46
144 3 73
144 4 11
144 5 56
144 6 35
144 7 16
144 8 78
144 9 23
144 10 38
144 11 42
144 12 35
144 13 44
144 14 16
144 15 96
144 16 20
144 17 67
144 18 28
144 19 51
144 20 59
144 21 43
144 22 25
144 24 65
144 27 17
144 28 1
144 30 24
144 32 86
144 33 97
144 34 53
144 35 86
144 36 96
144 37 40
144 38 83
144 39 17
144 40 84
144 41 88
144 42 57
144 43 94
144 44 5
144 45 25
144 46 12
144 47 2
144 49 64
144 51 80
144 52 66
144 53 26
144 54 89
144 55 17
144 56 89
144 57 25
144 59 74
144 61 3
144 63 18
144 65 58
144 68 37
144 69 86
144 71 82
144 73 18
144 75 67
144 78 9
144 79 18
144 80 88
144 84 74
144 85 76
144 88 4
144 89 73
144 91 60
144 93 67
144 96 46
144 97 39
144 98 99
144 100 12
144 102 4
144 103 97
144 104 9
144 106 39
144 108 63
144 112 97
144 115 94
144 117 36
144 120 90
144 121 24
144 122 12
144 124 98
144 125 27
144 126 74
144 129 56
144 132 57
144 134 74
144 135 10
144 136 47
144 137 4
144 141 50
145 19 43
146 69 67
147 102 53
147 127 87
148 0 95
148 1 100
148 2 42
148 3 71
148 4 50
148 5 66
148 6 39
148 7 67
148 8 96
148 9 77
148 10 63
148 11 63
148 12 28
148 13 27
148 14 70
148 15 54
148 16 18
148 17 22
148 18 9
148 19 52
148 20 2
148 21 38
148 22 20
148 23 8
148 24 29
148 25 29
148 26 29
148 27 31
148 28 15
148 29 76
148 30 18
148 31 86
148 32 84
148 33 58
148 34 18
148 35 51
148 36 9
148 37 69
148 38 11
148 39 11
148 40 46
148 41 53
148 42 13
148 43 4
148 44 100
148 45 39
148 48 90
148 49 40
148 50 54
148 51 52
148 52 73
148 53 2
148 54 12
148 55 35
148 56 72
148 57 6
148 59 61
148 61 100
148 63 99
148 64 58
148 65 6
148 69 45
148 71 83
148 73 92
148 75 85
148 76 12
148 78 25
148 79 30
148 83 65
148 84 31
148 85 66
148 86 11
148 88 85
148 89 42
148 91 46
148 93 87
148 95 73
148 96 12
148 97 40
148 100 97
148 101 77
148 102 88
148 103 22
148 104 73
148 105 85
148 106 90
148 108 30
148 109 86
148 111 12
148 112 64
148 115 82
148 117 38
148 118 72
148 119 93
148 120 4
148 121 27
148 122 79
148 124 50
148 125 94
148 126 47
148 128 2
148 129 11
148 132 71
148 135 8
148 136 28
148 137 75
148 138 45
148 141 58
148 142 51
148 143 27
148 144 55
149 72 33
149 108 76
150 14 75
150 18 87
151 62 55
152 0 72
152 1 37
152 2 10
152 3 75
152 4 54
152 5 38
152 6 56
152 7 25
152 8 14
152 9 35
152 10 68
152 11 79
152 12 53
152 13 36
152 14 9
152 15 22
152 16 1
152 17 29
152 18 81
152 19 91
152 21 79
152 22 84
152 23 84
152 24 42
152 27 76
152 28 6
152 30 53
152 33 79
152 35 38
152 36 58
152 37 80
152 40 32
152 42 38
152 43 77
152 51 10
152 52 13
152 54 96
152 56 36
152 59 57
152 61 5
152 63 33
152 65 29
152 69 99
152 71 97
152 72 46
152 79 13
152 84 75
152 86 72
152 88 57
152 91 99
152 93 68
152 96 29
152 97 33
152 102 64
152 103 85
152 104 56
152 106 29
152 108 8
152 112 59
152 113 71
152 120 85
152 121 39
152 122 49
152 124 26
152 125 4
152 126 92
152 128 76
152 129 33
152 135 52
152 136 64
152 137 71
152 138 74
152 141 17
152 144 43
152 148 32
153 150 35
154 0 2
154 1 31
154 2 63
154 3 44
154 4 9
154 5 15
154 6 73
154 7 27
154 8 84
154 9 98
154 10 31
154 11 47
154 12 46
154 13 47
154 14 46
154 15 6
154 16 12
154 17 75
154 18 2
154 19 30
154 20 75
154 21 50
154 22 45
154 23 84
154 24 82
154 25 99
154 26 9
154 27 19
154 28 93
154 30 87
154 31 69
154 32 55
154 33 82
154 34 83
154 35 32
154 36 78
154 37 78
154 38 75
154 39 22
154 40 78
154 41 57
154 42 66
154 43 60
154 44 69
154 45 46
154 46 23
154 47 41
154 48 68
154 49 41
154 50 38
154 51 62
154 52 69
154 53 62
154 54 30
154 56 77
154 57 95
154 58 90
154 59 87
154 61 63
154 62 84
154 63 43
154 65 77
154 66 15
154 68 3
154 69 19
154 71 96
154 72 64
154 73 85
154 74 87
154 75 38
154 78 81
154 79 45
154 80 75
154 83 59
154 84 68
154 86 51
154 87 11
154 88 37
154 91 31
154 93 20
154 94 45
154 96 44
154 97 56
154 98 62
154 101 65
154 102 63
154 103 47
154 104 57
154 106 91
154 108 86
154 112 11
154 113 11
154 114 47
154 120 52
154 121 34
154 122 54
154 123 26
154 124 82
154 125 2
154 126 27
154 129 51
154 132 70
154 134 12
154 135 37
154 136 74
154 137 68
154 141 77
154 144 43
154 145 46
154 148 12
154 149 92
154 152 28
155 24 27
155 107 70
156 135 7
157 38 5
157 40 57
157 97 59
157 119 40
157 124 29
158 22 10
158 120 4
159 0 17
159 1 59
159 2 87
159 3 12
159 4 42
159 5 24
159 6 71
159 7 80
159 8 6
159 9 43
159 10 7
159 11 90
159 12 26
159 13 29
159 14 10
159 15 94
159 16 49
159 17 54
159 18 66
159 19 63
159 20 37
159 21 69
159 22 45
159 23 79
159 24 16
159 25 57
159 26 5
159 27 4
159 28 38
159 29 50
159 30 59
159 31 38
159 32 75
159 33 34
159 34 30
159 35 52
159 36 57
159 37 35
159 38 19
159 39 70
159 40 62
159 41 84
159 42 69
159 43 20
159 44 93
159 46 98
159 48 25
159 49 6
159 50 97
159 51 54
159 52 83
159 53 50
159 54 43
159 55 19
159 56 18
159 57 75
159 59 36
159 61 41
159 63 97
159 65 69
159 69 41
159 71 25
159 72 5
159 73 22
159 75 4
159 76 33
159 77 63
159 78 86
159 79 81
159 83 2
159 84 81
159 85 69
159 86 86
159 88 86
159 89 38
159 91 17
159 92 69
159 93 64
159 96 5
159 97 45
159 102 54
159 103 65
159 104 80
159 105 31
159 106 32
159 107 77
159 108 4
159 109 96
159 112 75
159 113 14
159 114 24
159 116 72
159 117 3
159 118 94
159 119 12
159 120 1
159 121 10
159 122 56
159 123 55
159 124 20
159 125 95
159 126 28
159 128 52
159 129 27
159 131 100
159 132 80
159 134 95
159 135 79
159 136 79
159 137 47
159 138 42
159 141 13
159 143 45
159 144 40
159 148 13
159 149 23
159 150 28
159 152 42
159 153 75
159 154 77
159 155 77
159 157 24
159 158 15
160 148 79
161 0 85
161 1 85
161 2 39
161 3 71
161 4 31
161 5 95
161 6 46
161 7 62
161 8 100
161 9 58
161 10 81
161 11 75
161 12 73
161 13 25
161 14 96
161 15 45
161 16 71
161 17 18
161 18 45
161 19 66
161 20 40
161 21 51
161 22 48
161 24 100
161 26 19
161 27 20
161 28 37
161 31 56
161 32 51
161 33 42
161 34 53
161 35 18
161 36 47
161 37 80
161 39 13
161 40 97
161 41 39
161 42 90
161 46 83
161 47 3
161 48 52
161 49 90
161 51 98
161 52 5
161 53 6
161 54 83
161 56 59
161 57 20
161 59 60
161 61 39
161 63 54
161 65 6
161 67 77
161 69 47
161 70 21
161 71 19
161 73 66
161 75 33
161 76 46
161 77 73
161 78 74
161 79 53
161 84 15
161 86 37
161 88 80
161 91 65
161 93 56
161 95 76
161 96 58
161 97 49
161 98 15
161 100 53
161 102 88
161 103 62
161 104 31
161 106 41
161 108 12
161 112 98
161 120 37
161 121 56
161 122 58
161 124 8
161 125 59
161 126 11
161 128 59
161 129 71
161 131 95
161 132 48
161 135 96
161 136 74
161 137 41
161 141 87
161 144 98
161 148 18
161 152 19
161 154 85
161 159 8
162 0 79
162 1 37
162 2 94
162 3 26
162 4 81
162 5 46
162 6 41
162 7 99
162 8 69
162 9 38
162 10 30
162 11 100
162 12 28
162 13 73
162 14 18
162 15 96
162 16 92
162 17 8
162 18 37
162 19 13
162 20 18
162 21 81
162 22 43
162 24 99
162 26 14
162 27 62
162 28 40
162 30 91
162 31 88
162 32 23
162 33 37
162 34 39
162 35 88
162 36 64
162 37 77
162 38 5
162 39 60
162 40 64
162 41 59
162 42 7
162 43 22
162 44 70
162 46 99
162 47 14
162 49 24
162 50 94
162 51 97
162 52 57
162 53 34
162 54 33
162 55 11
162 56 8
162 58 32
162 59 22
162 61 99
162 62 65
162 63 62
162 64 53
162 65 70
162 68 52
162 69 95
162 71 17
162 73 65
162 75 7
162 78 27
162 79 68
162 80 90
162 81 65
162 83 28
162 84 93
162 85 16
162 88 47
162 91 55
162 92 36
162 93 45
162 96 4
162 97 30
162 98 27
162 99 100
162 100 33
162 101 18
162 102 72
162 103 92
162 104 21
162 106 25
162 108 21
162 112 6
162 115 52
162 118 54
162 120 55
162 121 88
162 122 40
162 124 74
162 125 27
162 126 20
162 129 23
162 131 40
162 132 29
162 135 35
162 136 83
162 137 11
162 140 62
162 141 25
162 144 70
162 148 51
162 150 87
162 152 52
162 153 5
162 154 89
162 156 42
162 157 23
162 158 57
162 159 58
162 161 1
163 0 42
163 1 11
163 2 16
163 3 68
163 4 94
163 5 92
163 6 72
163 7 54
163 9 83
163 14 100
163 15 32
163 16 80
163 19 9
163 40 86
163 41 56
163 53 45
163 61 7
163 62 86
163 73 28
163 96 28
163 106 32
163 121 83
163 124 6
163 125 6
163 137 46
163 159 98
164 0 9
164 1 7
164 2 27
164 3 25
164 4 63
164 5 39
164 6 41
164 7 85
164 8 32
164 9 93
164 10 63
164 11 93
164 12 80
164 13 88
164 14 57
164 15 4
164 16 26
164 17 12
164 18 83
164 19 54
164 20 30
164 21 17
164 22 22
164 24 47
164 25 20
164 26 26
164 27 12
164 28 98
164 29 21
164 30 82
164 31 19
164 32 9
164 33 82
164 34 29
164 35 91
164 36 21
164 37 34
164 38 89
164 39 32
164 40 73
164 41 6
164 42 45
164 44 95
164 45 12
164 46 95
164 47 78
164 48 35
164 49 93
164 50 43
164 51 16
164 52 93
164 53 14
164 54 56
164 55 23
164 56 43
164 57 14
164 59 87
164 61 52
164 62 41
164 63 16
164 65 89
164 69 89
164 71 4
164 73 45
164 75 17
164 76 88
164 77 38
164 78 90
164 79 1
164 80 81
164 83 52
164 84 43
164 85 64
164 88 20
164 89 88
164 90 17
164 91 82
164 92 99
164 93 38
164 95 42
164 96 2
164 97 13
164 98 32
164 102 60
164 103 63
164 104 80
164 105 43
164 106 14
164 108 51
164 111 39
164 112 33
164 117 73
164 119 69
164 120 77
164 121 59
164 122 9
164 123 65
164 124 83
164 125 30
164 126 26
164 129 2
164 131 82
164 133 57
164 134 39
164 135 90
164 136 73
164 137 7
164 140 3
164 141 56
164 144 71
164 148 91
164 151 97
164 152 71
164 154 55
164 156 73
164 157 53
164 159 83
164 160 74
164 161 73
164 162 79
164 163 89
165 124 48
165 125 9
165 129 40
165 161 25
166 0 15
166 1 16
166 2 78
166 3 58
166 4 22
166 5 8
166 6 95
166 7 29
166 8 8
166 9 6
166 10 35
166 11 79
166 12 62
166 13 71
166 14 57
166 15 6
166 16 24
166 17 58
166 18 37
166 19 41
166 20 2
166 21 10
166 22 59
166 23 74
166 24 89
166 25 91
166 27 49
166 28 63
166 29 81
166 30 9
166 31 22
166 32 30
166 33 3
166 34 9
166 35 3
166 36 31
166 37 37
166 38 37
166 39 100
166 40 76
166 41 20
166 42 84
166 43 91
166 44 10
166 46 8
166 51 9
166 53 5
166 54 18
166 55 17
166 56 18
166 57 6
166 59 89
166 61 1
166 63 37
166 65 9
166 69 49
166 70 63
166 71 21
166 73 96
166 75 85
166 76 18
166 78 54
166 79 19
166 80 41
166 83 68
166 84 44
166 85 53
166 88 22
166 89 38
166 91 45
166 93 89
166 96 71
166 97 38
166 98 26
166 100 11
166 102 84
166 103 57
166 104 24
166 105 45
166 106 99
166 107 80
166 108 27
166 112 45
166 117 52
166 119 34
166 120 33
166 121 85
166 122 84
166 124 31
166 125 17
166 126 77
166 129 85
166 134 70
166 135 11
166 136 58
166 137 73
166 138 28
166 141 61
166 144 54
166 146 80
166 148 51
166 150 86
166 152 2
166 154 62
166 155 56
166 156 57
166 157 98
166 159 48
166 160 61
166 161 37
166 162 82
166 163 5
166 164 42
166 165 93
167 0 84
167 1 41
167 2 57
167 3 90
167 4 90
167 5 80
167 6 8
167 7 82
167 8 72
167 9 6
167 10 75
167 11 66
167 12 45
167 13 43
167 14 87
167 15 27
167 16 94
167 17 26
167 18 7
167 19 80
167 20 54
167 21 36
167 22 39
167 23 24
167 24 30
167 25 65
167 26 23
167 27 1
167 28 20
167 29 60
167 30 33
167 31 36
167 32 36
167 33 87
167 34 70
167 35 35
167 36 56
167 37 36
167 38 48
167 39 40
167 40 15
167 41 30
167 42 67
167 43 84
167 44 61
167 45 66
167 46 5
167 47 27
167 48 24
167 49 15
167 50 98
167 51 52
167 52 13
167 53 72
167 54 51
167 55 6
167 56 73
167 57 8
167 58 70
167 59 9
167 61 86
167 62 97
167 63 96
167 65 75
167 66 78
167 67 93
167 69 3
167 70 65
167 71 47
167 73 79
167 75 33
167 76 99
167 78 39
167 79 14
167 80 65
167 83 59
167 84 36
167 85 99
167 88 82
167 89 100
167 91 62
167 93 60
167 95 86
167 96 14
167 97 43
167 101 50
167 102 11
167 103 29
167 104 59
167 106 43
167 108 59
167 112 30
167 118 83
167 120 88
167 121 33
167 122 76
167 124 60
167 125 20
167 126 28
167 129 11
167 135 48
167 136 69
167 137 17
167 140 61
167 141 42
167 144 100
167 148 43
167 152 21
167 154 80
167 156 7
167 159 58
167 160 74
167 161 70
167 162 21
167 163 39
167 164 2
167 166 1
168 0 93
168 1 97
168 2 92
168 3 33
168 4 18
168 5 57
168 6 65
168 7 92
168 8 46
168 9 96
168 10 12
168 11 74
168 12 22
168 13 30
168 14 93
168 15 13
168 16 18
168 17 37
168 18 21
168 19 31
168 20 88
168 21 90
168 22 50
168 24 40
168 26 70
168 27 70
168 28 66
168 29 21
168 30 47
168 31 75
168 32 82
168 33 39
168 34 29
168 35 97
168 36 40
168 37 54
168 38 56
168 39 89
168 40 22
168 41 42
168 42 40
168 43 46
168 44 87
168 46 58
168 47 98
168 48 9
168 49 3
168 50 74
168 51 49
168 52 57
168 53 93
168 54 56
168 55 84
168 56 11
168 57 83
168 58 100
168 59 5
168 61 54
168 62 86
168 63 90
168 65 53
168 68 59
168 69 54
168 71 79
168 73 82
168 75 98
168 76 78
168 77 41
168 78 17
168 79 47
168 80 85
168 83 80
168 84 26
168 85 57
168 86 47
168 88 99
168 90 32
168 91 75
168 93 34
168 95 91
168 96 2
168 97 88
168 99 15
168 100 35
168 101 71
168 102 41
168 103 26
168 104 60
168 105 68
168 106 17
168 108 90
168 111 84
168 112 22
168 115 44
168 116 40
168 119 29
168 120 70
168 121 58
168 122 23
168 124 98
168 125 77
168 126 87
168 127 39
168 129 57
168 131 40
168 132 12
168 135 43
168 136 73
168 137 51
168 138 89
168 141 19
168 143 40
168 144 30
168 147 82
168 148 15
168 152 37
168 154 38
168 156 31
168 157 79
168 159 7
168 161 31
168 162 52
168 163 1
168 164 5
168 165 78
168 166 73
168 167 7
169 101 74
170 0 62
170 1 76
170 2 10
170 3 42
170 4 40
170 5 22
170 6 47
170 7 68
170 8 44
170 9 11
170 10 35
170 11 70
170 12 20
170 13 97
170 14 72
170 15 61
170 16 18
170 17 55
170 18 16
170 19 90
170 20 47
170 21 38
170 22 29
170 23 1
170 24 12
170 25 17
170 26 16
170 27 37
170 28 9
170 29 12
170 30 56
170 31 78
170 32 11
170 33 99
170 34 17
170 35 58
170 36 19
170 37 26
170 38 97
170 39 34
170 40 25
170 41 64
170 42 28
170 43 2
170 44 64
170 45 54
170 46 10
170 47 84
170 48 29
170 49 67
170 50 84
170 51 38
170 52 41
170 53 71
170 54 72
170 55 27
170 56 71
170 57 93
170 59 79
170 61 32
170 62 61
170 63 44
170 65 28
170 66 31
170 68 69
170 69 41
170 71 32
170 72 76
170 73 64
170 75 28
170 76 2
170 77 90
170 78 98
170 79 76
170 80 84
170 84 36
170 85 88
170 86 96
170 88 40
170 91 5
170 93 63
170 96 40
170 97 93
170 98 7
170 102 84
170 103 55
170 104 83
170 105 80
170 106 77
170 108 96
170 109 58
170 112 15
170 113 42
170 118 63
170 119 59
170 120 91
170 121 40
170 122 33
170 124 32
170 125 60
170 126 85
170 129 72
170 131 96
170 132 32
170 134 90
170 135 87
170 136 51
170 137 27
170 141 61
170 143 78
170 144 53
170 148 12
170 149 30
170 152 54
170 154 89
170 157 59
170 159 51
170 161 66
170 162 95
170 163 50
170 164 34
170 166 87
170 167 42
170 168 36
171 0 77
171 1 75
171 2 26
171 3 64
171 4 44
171 5 64
171 6 38
171 7 41
171 8 46
171 9 67
171 10 98
171 11 68
171 12 30
171 13 28
171 14 48
171 15 1
171 16 2
171 17 22
171 18 13
171 19 73
171 20 5
171 21 74
171 22 25
171 23 94
171 24 74
171 25 27
171 26 41
171 27 55
171 28 70
171 30 59
171 31 19
171 32 19
171 33 8
171 34 20
171 35 47
171 36 11
171 37 64
171 38 87
171 39 23
171 40 27
171 41 61
171 42 34
171 43 100
171 44 53
171 46 37
171 47 37
171 48 63
171 49 88
171 50 47
171 51 33
171 52 27
171 53 73
171 54 3
171 55 40
171 56 73
171 57 93
171 59 90
171 61 37
171 62 59
171 63 81
171 65 16
171 69 94
171 71 36
171 73 3
171 75 76
171 76 16
171 78 56
171 79 4
171 80 42
171 83 6
171 84 88
171 86 12
171 88 23
171 89 42
171 90 49
171 91 89
171 92 6
171 93 66
171 96 41
171 97 98
171 98 38
171 100 42
171 102 27
171 103 79
171 104 98
171 106 24
171 108 66
171 112 43
171 114 92
171 118 8
171 120 58
171 121 85
171 122 60
171 124 32
171 125 87
171 126 28
171 127 66
171 129 64
171 135 55
171 136 19
171 137 82
171 141 30
171 142 56
171 144 22
171 148 23
171 152 77
171 154 22
171 158 26
171 159 85
171 161 44
171 162 26
171 163 36
171 164 17
171 165 75
171 166 44
171 167 89
171 168 79
171 170 2
172 0 80
172 1 62
172 2 64
172 3 31
172 4 78
172 5 34
172 6 14
172 7 17
172 8 8
172 9 34
172 10 24
172 11 7
172 12 80
172 13 88
172 14 72
172 15 100
172 16 67
172 17 34
172 18 25
172 19 44
172 20 7
172 21 95
172 22 28
172 23 75
172 24 54
172 25 36
172 27 28
172 28 39
172 29 26
172 30 80
172 31 72
172 32 71
172 33 3
172 34 19
172 35 81
172 36 4
172 37 57
172 38 78
172 39 18
172 40 82
172 41 83
172 42 76
172 43 10
172 44 13
172 45 37
172 47 73
172 48 84
172 49 70
172 50 75
172 51 29
172 52 24
172 53 5
172 54 71
172 56 58
172 57 49
172 59 48
172 61 7
172 62 14
172 63 24
172 65 69
172 68 91
172 69 91
172 71 44
172 75 84
172 76 68
172 78 89
172 79 29
172 83 4
172 84 41
172 85 26
172 88 39
172 91 85
172 93 15
172 96 39
172 97 46
172 98 70
172 100 25
172 101 7
172 102 46
172 103 24
172 104 80
172 106 95
172 107 9
172 108 94
172 112 76
172 114 61
172 115 20
172 116 77
172 120 47
172 121 76
172 122 52
172 123 26
172 124 9
172 125 21
172 126 70
172 129 51
172 131 36
172 132 64
172 135 15
172 136 29
172 137 54
172 140 66
172 141 49
172 142 82
172 144 63
172 148 24
172 152 71
172 154 22
172 155 29
172 156 14
172 159 90
172 160 100
172 161 58
172 162 42
172 163 99
172 164 64
172 165 99
172 166 82
172 167 87
172 168 33
172 170 52
172 171 63
173 0 56
173 19 100
173 22 47
173 36 22
173 39 2
173 45 60
173 96 80
173 105 24
173 120 10
173 148 25
173 160 59
173 171 57
174 0 7
174 1 19
174 2 63
174 3 83
174 4 9
174 5 10
174 6 1
174 7 49
174 8 95
174 9 91
174 10 11
174 11 15
174 12 96
174 13 39
174 14 81
174 15 96
174 16 77
174 17 100
174 18 13
174 19 78
174 20 50
174 21 43
174 22 42
174 23 17
174 24 31
174 25 55
174 26 3
174 27 74
174 28 15
174 30 37
174 31 89
174 32 96
174 33 56
174 34 89
174 35 42
174 36 15
174 37 73
174 38 77
174 39 17
174 40 17
174 41 80
174 42 42
174 43 60
174 45 8
174 46 80
174 47 75
174 48 49
174 49 17
174 50 54
174 51 10
174 52 72
174 53 59
174 54 48
174 55 52
174 56 61
174 57 76
174 59 21
174 61 87
174 63 59
174 65 86
174 66 86
174 69 39
174 71 52
174 73 82
174 75 42
174 76 30
174 78 8
174 79 11
174 80 54
174 84 65
174 85 88
174 86 8
174 87 24
174 88 65
174 89 21
174 91 88
174 93 93
174 96 45
174 97 2
174 98 50
174 101 90
174 102 21
174 103 52
174 104 67
174 106 71
174 108 56
174 109 50
174 112 26
174 113 74
174 117 71
174 118 21
174 119 37
174 120 95
174 121 63
174 122 60
174 124 76
174 125 48
174 126 78
174 127 39
174 128 60
174 129 45
174 132 33
174 135 37
174 136 21
174 137 66
174 138 13
174 139 78
174 140 64
174 141 15
174 144 20
174 148 65
174 152 93
174 154 95
174 157 40
174 159 57
174 161 67
174 162 73
174 163 52
174 164 47
174 165 39
174 166 56
174 167 6
174 168 47
174 169 78
174 170 65
174 171 47
174 172 19
174 173 26
175 100 89
175 148 55
175 160 1
176 0 13
176 1 89
176 2 1
176 3 49
176 4 46
176 5 82
176 6 74
176 7 64
176 8 98
176 9 22
176 10 6
176 11 15
176 12 61
176 13 64
176 14 33
176 15 50
176 16 21
176 17 16
176 18 60
176 19 34
176 20 92
176 21 24
176 22 16
176 23 76
176 24 11
176 25 16
176 26 73
176 27 65
176 28 70
176 29 21
176 30 4
176 31 18
176 32 83
176 33 7
176 34 81
176 35 47
176 37 15
176 38 34
176 39 23
176 40 96
176 41 53
176 42 33
176 43 38
176 45 37
176 46 60
176 47 20
176 49 92
176 50 17
176 51 68
176 52 68
176 53 46
176 54 75
176 55 13
176 56 69
176 57 9
176 59 36
176 61 77
176 63 78
176 65 66
176 66 21
176 67 11
176 69 70
176 70 97
176 71 12
176 72 30
176 75 46
176 76 50
176 77 92
176 78 15
176 79 36
176 80 15
176 83 78
176 84 27
176 85 92
176 87 24
176 88 16
176 91 80
176 92 27
176 93 61
176 96 59
176 97 20
176 102 97
176 103 3
176 104 66
176 105 15
176 106 75
176 108 1
176 109 68
176 112 65
176 113 50
176 117 60
176 118 28
176 120 17
176 121 1
176 122 43
176 123 28
176 124 65
176 125 62
176 126 67
176 128 37
176 129 17
176 131 93
176 134 81
176 135 5
176 136 48
176 137 75
176 138 87
176 139 85
176 141 34
176 142 93
176 143 73
176 144 31
176 146 83
176 147 12
176 148 36
176 149 4
176 150 61
176 152 43
176 154 25
176 158 75
176 159 29
176 160 41
176 161 43
176 162 83
176 163 86
176 164 6
176 166 19
176 167 84
176 168 60
176 170 48
176 171 21
176 172 14
176 173 60
176 174 28
177 96 10
178 0 40
178 1 56
178 2 88
178 3 82
178 4 70
178 5 16
178 6 17
178 7 84
178 8 61
178 9 93
178 10 77
178 11 94
178 12 31
178 13 36
178 14 86
178 15 73
178 16 63
178 17 80
178 18 7
178 19 76
178 20 68
178 21 2
178 22 67
178 23 74
178 24 87
178 25 40
178 27 38
178 28 21
178 29 64
178 30 25
178 31 4
178 32 46
178 33 22
178 34 29
178 35 13
178 36 49
178 37 5
178 38 58
178 39 12
178 40 99
178 41 83
178 42 55
178 43 76
178 44 24
178 45 53
178 47 4
178 48 12
178 49 65
178 50 1
178 51 75
178 52 36
178 53 2
178 54 60
178 55 5
178 56 28
178 57 55
178 59 61
178 61 41
178 62 87
178 63 88
178 65 55
178 67 73
178 68 37
178 69 4
178 71 39
178 73 71
178 75 15
178 76 79
178 77 64
178 78 91
178 79 40
178 80 54
178 81 86
178 83 97
178 84 92
178 85 30
178 87 15
178 88 4
178 89 49
178 91 35
178 92 2
178 93 47
178 96 37
178 97 86
178 98 68
178 102 99
178 103 45
178 104 32
178 106 44
178 108 70
178 112 31
178 119 33
178 120 19
178 121 30
178 122 67
178 123 34
178 124 95
178 125 36
178 126 38
178 129 1
178 132 70
178 134 16
178 135 30
178 136 99
178 137 28
178 141 100
178 143 60
178 144 68
178 148 29
178 152 100
178 154 43
178 157 26
178 159 10
178 161 54
178 162 77
178 163 81
178 164 77
178 165 7
178 166 76
178 167 62
178 168 90
178 170 53
178 171 21
178 172 1
178 173 17
178 174 17
178 176 73
178 177 77
179 0 69
179 1 61
179 2 54
179 3 47
179 4 79
179 5 19
179 6 87
179 7 87
179 8 65
179 9 48
179 10 13
179 11 62
179 12 74
179 13 87
179 14 44
179 15 44
179 16 32
179 17 16
179 18 91
179 19 51
179 20 28
179 21 41
179 22 33
179 24 35
179 25 20
179 26 35
179 27 6
179 28 65
179 29 37
179 30 22
179 31 4
179 33 95
179 35 83
179 36 70
179 37 28
179 38 79
179 39 4
179 40 2
179 41 8
179 42 15
179 43 22
179 44 81
179 45 89
179 46 100
179 49 33
179 50 18
179 52 20
179 53 26
179 54 22
179 56 40
179 59 47
179 62 71
179 63 54
179 65 51
179 66 86
179 67 58
179 68 30
179 69 12
179 71 28
179 75 91
179 76 31
179 79 96
179 81 86
179 84 41
179 85 65
179 86 43
179 88 93
179 91 90
179 93 95
179 96 53
179 97 95
179 99 39
179 102 15
179 103 92
179 104 14
179 105 19
179 106 96
179 108 16
179 112 11
179 114 54
179 120 63
179 121 50
179 122 47
179 124 57
179 125 23
179 126 65
179 128 46
179 129 99
179 131 11
179 135 44
179 136 33
179 137 8
179 141 96
179 143 16
179 144 68
179 148 27
179 152 37
179 154 45
179 156 20
179 159 12
179 160 13
179 161 32
179 162 23
179 163 69
179 164 1
179 165 41
179 166 9
179 167 91
179 168 58
179 170 86
179 171 83
179 172 97
179 173 32
179 174 23
179 176 67
179 177 7
179 178 73
180 106 56
180 154 72
181 0 99
181 1 59
181 2 74
181 3 92
181 4 45
181 5 48
181 6 40
181 7 36
181 8 14
181 9 63
181 10 75
181 11 49
181 12 54
181 13 40
181 14 93
181 15 58
181 16 4
181 17 23
181 18 26
181 19 10
181 20 6
181 21 68
181 22 77
181 24 55
181 25 59
181 26 19
181 27 11
181 28 38
181 31 100
181 33 2
181 34 51
181 35 25
181 36 66
181 37 93
181 38 49
181 39 64
181 40 16
181 41 18
181 42 95
181 43 40
181 44 68
181 45 93
181 48 1
181 49 23
181 51 23
181 53 81
181 54 14
181 56 8
181 57 90
181 59 23
181 61 33
181 62 8
181 63 8
181 65 19
181 67 57
181 68 41
181 69 40
181 70 76
181 71 32
181 72 65
181 73 49
181 75 53
181 76 50
181 77 98
181 78 56
181 79 26
181 84 23
181 87 66
181 88 44
181 89 83
181 91 5
181 92 41
181 93 40
181 96 47
181 97 37
181 98 76
181 100 91
181 102 22
181 103 24
181 104 98
181 105 62
181 106 72
181 108 33
181 109 39
181 112 50
181 120 94
181 121 16
181 122 7
181 123 14
181 124 88
181 125 67
181 126 92
181 129 90
181 131 21
181 132 43
181 134 2
181 135 49
181 136 31
181 137 84
181 141 42
181 142 59
181 144 48
181 148 1
181 152 86
181 154 1
181 156 60
181 159 29
181 160 82
181 161 81
181 162 78
181 163 69
181 164 91
181 165 4
181 166 27
181 167 27
181 168 39
181 170 46
181 171 9
181 172 78
181 173 47
181 174 54
181 175 13
181 176 97
181 177 96
181 178 31
181 179 35
182 179 48
183 65 60
183 96 64
183 132 83
184 0 15
184 1 100
184 2 81
184 3 45
184 4 82
184 5 71
184 6 13
184 7 75
184 8 29
184 9 11
184 10 83
184 11 44
184 12 60
184 13 49
184 14 5
184 15 74
184 16 80
184 17 14
184 18 75
184 19 91
184 20 18
184 21 59
184 22 58
184 24 72
184 26 41
184 27 14
184 28 77
184 29 83
184 30 81
184 31 91
184 32 85
184 33 93
184 34 29
184 35 36
184 36 83
184 37 88
184 38 77
184 39 2
184 40 83
184 41 20
184 42 36
184 44 98
184 46 6
184 47 16
184 48 85
184 49 30
184 50 66
184 51 4
184 52 11
184 53 83
184 54 26
184 55 69
184 56 29
184 57 20
184 59 12
184 61 69
184 62 13
184 63 41
184 65 26
184 68 79
184 69 67
184 71 92
184 72 3
184 73 99
184 75 73
184 78 15
184 79 8
184 80 69
184 83 93
184 84 28
184 85 32
184 86 24
184 88 52
184 89 41
184 91 94
184 93 39
184 96 8
184 97 56
184 99 100
184 100 78
184 102 7
184 103 59
184 104 33
184 105 43
184 106 74
184 108 28
184 112 51
184 117 61
184 120 70
184 121 38
184 122 85
184 123 83
184 124 24
184 125 79
184 126 55
184 128 78
184 129 14
184 131 66
184 132 31
184 134 45
184 135 46
184 136 11
184 137 85
184 138 89
184 141 75
184 142 4
184 144 30
184 148 71
184 151 38
184 152 98
184 154 10
184 159 94
184 160 63
184 161 37
184 162 22
184 163 25
184 164 46
184 166 4
184 167 25
184 168 55
184 170 96
184 171 4
184 172 47
184 173 13
184 174 65
184 175 30
184 176 88
184 178 86
184 179 27
184 181 25
185 126 96
186 149 77
187 42 68
187 179 15
188 50 21
188 131 95
188 164 50
188 184 31
189 9 52
189 159 97
190 135 23
191 0 73
191 1 24
191 4 32
192 45 30
193 110 73
194 183 87
195 44 82
196 0 59
196 1 37
196 2 41
196 3 26
196 4 30
196 5 58
196 6 12
196 7 87
196 8 11
196 9 55
196 10 3
196 11 3
196 12 83
196 13 21
196 14 26
196 15 30
196 16 86
196 17 22
196 18 48
196 19 95
196 20 16
196 21 3
196 22 74
196 23 79
196 24 21
196 25 68
196 26 72
196 27 10
196 28 18
196 29 39
196 30 89
196 31 58
196 32 23
196 33 70
196 34 38
196 35 52
196 36 98
196 37 52
196 38 90
196 39 3
196 40 82
196 41 92
196 42 81
196 43 19
196 44 100
196 45 62
196 46 95
196 48 21
196 49 7
196 51 47
196 52 51
196 53 84
196 54 70
196 55 69
196 56 14
196 57 60
196 59 41
196 61 79
196 62 64
196 63 23
196 65 74
196 67 63
196 69 70
196 71 50
196 72 35
196 73 98
196 75 6
196 76 70
196 77 72
196 78 14
196 79 15
196 81 64
196 83 11
196 84 99
196 85 100
196 86 10
196 87 93
196 88 47
196 91 64
196 92 83
196 93 10
196 95 55
196 96 64
196 97 41
196 100 70
196 101 27
196 102 73
196 103 54
196 104 31
196 105 93
196 106 22
196 108 67
196 111 19
196 112 2
196 113 27
196 114 23
196 118 20
196 120 56
196 121 80
196 122 43
196 123 97
196 124 36
196 125 100
196 126 46
196 127 58
196 128 41
196 129 62
196 131 87
196 132 6
196 134 54
196 135 96
196 136 28
196 137 75
196 138 44
196 140 12
196 141 21
196 144 24
196 147 11
196 148 18
196 149 80
196 152 51
196 154 82
196 157 88
196 159 47
196 161 38
196 162 32
196 163 15
196 164 65
196 165 98
196 166 100
196 167 95
196 168 37
196 170 33
196 171 5
196 172 55
196 174 77
196 176 18
196 178 70
196 179 60
196 181 67
196 184 94
196 188 71
196 189 29
197 0 21
197 1 25
197 2 90
197 3 36
197 4 95
197 5 95
197 6 88
197 7 62
197 8 45
197 9 67
197 10 13
197 11 53
197 12 16
197 13 21
197 14 87
197 15 84
197 16 60
197 17 29
197 18 59
197 19 66
197 20 82
197 21 64
197 22 86
197 23 6
197 24 25
197 25 37
197 26 51
197 27 99
197 28 45
197 29 82
197 30 34
197 31 20
197 32 37
197 33 91
197 34 60
197 35 35
197 36 63
197 37 3
197 38 18
197 39 40
197 40 6
197 41 47
197 42 66
197 43 54
197 44 25
197 45 26
197 46 79
197 47 36
197 48 6
197 49 94
197 50 76
197 51 85
197 52 89
197 53 31
197 54 72
197 55 59
197 56 54
197 57 28
197 59 89
197 61 19
197 62 1
197 63 37
197 65 24
197 68 14
197 69 44
197 71 98
197 72 51
197 73 71
197 75 7
197 76 32
197 77 54
197 78 79
197 79 10
197 80 97
197 81 49
197 83 86
197 84 37
197 85 96
197 88 2
197 89 97
197 91 31
197 93 93
197 96 83
197 97 64
197 98 67
197 99 29
197 101 7
197 102 29
197 103 27
197 104 39
197 105 40
197 106 8
197 108 59
197 112 49
197 114 63
197 118 26
197 119 11
197 120 9
197 121 49
197 122 31
197 124 66
197 125 68
197 126 8
197 129 33
197 131 20
197 134 23
197 135 33
197 136 76
197 137 49
197 141 34
197 143 45
197 144 26
197 145 93
197 146 41
197 148 6
197 152 18
197 154 84
197 156 42
197 157 80
197 158 1
197 159 92
197 160 63
197 161 12
197 162 75
197 163 91
197 164 94
197 165 68
197 166 42
197 167 47
197 168 97
197 170 3
197 171 50
197 172 95
197 173 87
197 174 39
197 175 32
197 176 70
197 178 40
197 179 58
197 181 13
197 184 76
197 185 58
197 188 52
197 190 7
197 192 59
197 195 41
197 196 31
198 120 70
198 171 85
198 173 42
199 0 22
199 1 52
199 2 100
199 3 93
199 4 23
199 6 44
199 10 97
199 11 18
199 12 43
199 19 87
199 27 46
199 35 43
199 39 56
199 54 5
199 59 89
199 97 8
199 129 13
199 167 66
199 184 79
