54332
52699
53137
57040
50855
51059
57312
54332
53149
52539
58986
50393
55479
57055
51065
51027
51830
53111
51379
57168
53776
52776
55498
57914
51781
55948
52891
52833
57214
55432
51986
57707
50807
50415
50049
56314
54968
56359
50514
50359
50110
52874
52544
50609
59494
57289
55276
54791
52004
51118
57221
58881
54382
50508
51836
53323
58614
50644
53665
56440
58281
53876
58340
53118
58738
56041
57961
53212
59176
55935
51829
54776
53933
56686
59351
55462
55435
50248
57036
51084
50726
58531
52908
53468
51616
57929
57951
57546
54011
54886
53438
51052
57556
57516
57840
59184
52189
52363
51575
52761
59347
52360
59963
53154
53898
55035
54365
59647
56494
57090
57783
55915
51510
59246
56300
54846
57575
54076
54624
52021
53396
58476
59745
52111
54897
57666
57541
54406
59365
52441
56425
58396
53614
58616
51454
57934
54633
50240
55296
58962
51948
56144
53516
53843
59808
56813
56569
55669
59336
57280
50770
56107
51639
59356
50593
56288
50798
57877
55490
57466
58141
52266
57886
54024
56990
50317
53273
53806
52449
54479
56211
50900
57723
56866
54173
54384
50750
58827
59424
52942
54977
56674
57767
55312
57891
55488
55356
59429
59716
53779
51766
59915
53108
59317
54511
53164
58289
51509
54029
50943
50435
58490
50633
59189
55282
58042
51504
57238
57548
56514
57556
55948
59723
50548
58178
56032
52903
59898
57972
52787
53406
54979
53442
52378
58811
53485
59839
54700
51018
54706
52971
59030
52002
59888
52318
52485
51962
59718
50359
53999
54724
57595
55424
54264
52555
50917
57675
54025
53385
56802
55611
54631
53790
53448
56719
56567
59567
56794
54051
56359
57912
53775
58792
55973
59618
54257
51543
57620
51551
59685
58663
53847
50770
56971
58841
57841
54178
55384
54243
54229
57399
54754
54872
52825
51685
50099
50304
57219
51783
54188
50182
56023
59203
55282
58241
53867
57832
57426
51758
59618
50798
50029
57746
52919
51721
58940
52766
50932
56828
55852
54058
56357
59841
50796
50942
54403
55745
54654
56835
54322
56565
58032
51112
59105
51735
54211
59883
52695
56388
54629
51003
56179
58995
52228
54294
50244
56235
59136
56892
56489
58821
57060
50957
59303
52158
58501
53467
56691
57470
53263
58745
58417
51354
59415
57172
57551
52607
59294
56035
56154
55662
52402
50740
50880
57811
56766
53852
57466
52478
51008
55716
57590
59754
55419
53466
52462
57127
50000
50593
55063
57527
54653
51217
56799
53953
59943
52768
51793
53686
58940
54405
51907
58172
58718
51154
56047
54044
53164
55323
59523
