130
130
195
135
175
163
156
187
194
149
143
133
186
122
118
193
160
153
189
116
115
184
117
197
103
177
122
154
102
105
185
153
136
158
130
190
115
139
148
118
133
123
164
100
114
188
199
170
116
184
133
131
179
136
105
114
164
159
184
108
194
111
161
157
117
168
121
110
153
150
108
150
188
183
140
195
133
107
116
132
122
196
199
133
165
163
154
153
149
154
193
165
157
197
149
145
150
193
104
156
162
168
168
182
161
190
147
197
184
196
100
184
185
135
172
102
107
166
178
173
188
164
152
190
100
152
129
144
150
183
163
161
190
151
109
109
173
131
116
117
133
128
104
122
147
195
115
167
163
126
108
115
106
136
179
145
144
181
173
172
113
144
147
190
155
107
101
106
100
100
141
129
118
103
137
132
176
148
161
144
193
106
194
109
169
159
177
142
170
179
166
122
133
136
140
198
194
165
131
177
135
140
117
200
119
168
144
191
116
160
174
167
157
187
121
108
104
140
183
121
119
108
153
124
133
182
126
163
115
169
166
111
157
169
101
193
157
193
184
150
151
116
108
107
111
134
144
161
184
182
100
184
154
123
130
182
137
154
194
108
180
125
158
185
144
106
149
120
112
144
101
114
170
195
133
184
135
111
164
104
106
168
114
171
167
160
103
120
139
151
199
158
151
196
189
149
111
124
135
188
130
168
103
116
170
154
106
135
139
139
157
187
170
176
181
174
156
139
182
150
133
115
160
188
105
138
146
164
141
125
184
177
122
195
179
100
147
120
196
191
200
106
188
167
190
147
199
174
169
144
139
191
198
133
173
162
155
165
157
196
190
190
188
100
164
197
105
194
142
195
103
164
156
104
166
115
127
130
129
172
162
158
139
178
110
153
148
144
198
109
145
181
111
114
151
189
100
199
191
107
