54232
58037
57881
54354
52601
52765
58608
52227
59285
54665
55286
59897
52474
50053
55297
58556
51608
53308
58608
57865
59566
56012
54111
51630
51896
57822
53892
51794
54876
55436
51495
54130
51716
59946
59691
53680
56184
54425
54879
54559
54655
57119
52628
53929
50240
59895
50847
55435
54245
55656
55308
56647
52137
51015
55932
56142
52100
56400
54665
57582
58677
55608
58774
51231
54780
59263
57301
55488
50296
55603
57668
52520
56398
55196
58916
56635
54217
59868
51110
53881
59132
51305
56180
55729
51281
53783
53410
53247
55987
54846
54007
59004
50681
56732
53913
56093
56494
56879
51614
59089
59385
51049
59225
57687
57248
54583
58856
54700
56934
58121
59253
53606
57448
56297
52118
51139
53462
55103
52336
57065
57034
57877
56156
54564
53068
52665
55774
59292
56897
57582
54006
59976
52900
55766
59972
53081
56584
50815
52549
57108
56081
56953
52662
54591
59058
52970
57578
59351
57152
54795
50940
53463
59254
51673
55093
51012
50022
56349
55535
59181
58289
52073
52767
57775
54522
50448
54090
56660
56129
57886
59035
54665
50577
50177
53410
56355
51645
51063
58432
53728
52059
50547
52447
52190
58419
50102
59874
54800
50269
53907
54715
59594
57406
55984
54447
52785
55642
56851
59077
55867
58811
56344
53719
54910
53651
54117
51052
50242
57701
58485
57895
54039
54820
51334
54128
56645
56571
56249
54559
58879
54092
59983
52541
51415
54042
50714
56517
50133
58069
55805
56716
59803
54610
55842
52495
59073
55941
51309
54985
59873
56261
50585
57125
53733
58484
53878
53675
51770
51791
56989
52111
57390
55775
50954
59073
59018
59774
58477
54063
53441
56479
53954
55320
50658
59458
59196
53619
59789
55952
57472
54079
57735
54822
56888
59834
54627
57539
58370
50821
51207
57587
59001
59960
58177
50600
52640
53163
54640
52763
58877
51852
50908
54744
56706
50914
59669
56421
55670
52678
56882
50157
52964
51405
52020
56763
53697
57315
58132
50677
50284
54331
57003
53780
53014
59919
52824
55681
54815
56014
59476
59200
52584
55048
50924
53734
57256
57078
51072
50007
58273
54063
59780
50843
58166
53332
52614
53231
51502
58479
58484
57139
58054
57189
57401
53244
55522
57665
50403
50896
53067
59644
52694
50791
54545
58773
54484
52154
58177
55652
58216
58973
53528
55902
59567
59913
54928
59677
57291
59535
58325
59726
55625
57055
57836
58648
55860
56807
52018
57063
57875
54446
57813
58621
53103
50573
54769
54117
57417
51745
50498
57778
54908
54043
58836
53988
51356
51252
54417
54123
57384
