131
162
172
109
109
123
194
101
177
200
124
166
180
177
163
103
186
179
168
189
158
176
152
130
100
166
141
119
174
197
112
181
137
155
105
142
107
181
164
119
124
151
193
110
149
129
137
196
143
144
182
134
114
120
168
182
138
118
184
104
123
104
174
148
181
146
127
126
170
153
150
105
100
190
116
115
103
109
145
123
159
199
124
160
115
129
128
106
200
174
132
134
103
194
127
172
126
148
199
181
126
161
110
100
196
171
197
141
191
106
188
181
182
185
175
182
158
196
118
145
111
134
120
163
164
172
149
181
161
117
183
118
195
180
150
125
114
129
189
121
148
146
171
192
135
170
138
121
180
104
199
101
107
194
166
123
171
192
133
177
152
116
140
187
153
178
147
154
184
170
136
176
115
183
148
103
141
183
102
192
118
144
159
161
196
127
115
117
187
147
177
178
135
135
175
182
125
143
138
189
187
189
127
157
144
189
136
131
186
108
189
181
119
169
174
187
193
191
106
193
149
144
199
161
188
124
200
100
146
128
172
189
199
178
143
143
149
126
153
113
106
121
173
200
161
127
198
199
140
165
186
129
107
106
133
191
193
173
112
183
175
110
125
136
186
136
124
169
196
182
198
110
168
141
127
106
113
147
134
171
167
112
186
153
135
101
126
152
175
169
111
166
183
158
154
199
116
110
103
112
140
139
153
107
160
109
105
157
187
144
141
191
194
145
186
159
132
129
141
196
129
195
133
107
149
111
137
179
128
133
167
181
130
168
178
104
185
138
195
110
166
133
140
125
175
106
154
155
104
104
112
138
131
112
128
124
140
117
190
125
136
147
165
196
115
190
116
144
132
180
138
115
199
160
162
151
186
132
123
105
194
163
161
197
131
125
187
155
176
194
144
177
108
151
148
142
116
145
162
183
