1 0 84
2 1 44
3 0 11
3 1 4
4 0 75
4 1 63
4 3 37
5 4 19
6 0 36
6 3 30
7 0 61
7 1 26
7 2 40
7 3 68
7 4 41
7 6 29
8 1 51
8 2 92
8 3 72
8 4 21
8 6 97
8 7 64
9 0 46
9 3 80
9 4 43
9 5 54
9 6 12
9 7 18
9 8 22
10 6 18
11 6 96
12 0 74
12 1 95
12 2 40
12 3 89
12 4 52
12 6 65
12 7 5
12 8 22
12 9 48
12 11 64
13 0 2
13 1 14
13 2 81
13 3 46
13 4 15
13 5 88
13 6 30
13 7 26
13 8 86
13 9 67
13 12 80
14 0 87
14 1 39
14 2 15
14 3 84
14 4 57
14 5 37
14 6 16
14 7 91
14 8 18
14 9 23
14 12 11
14 13 49
15 0 21
15 3 66
15 6 46
15 8 22
15 9 80
15 11 99
15 12 100
16 0 10
16 1 81
16 2 67
16 3 38
16 4 27
16 5 52
16 6 52
16 7 6
16 8 41
16 9 72
16 11 40
16 12 8
16 13 98
16 14 89
16 15 24
17 7 73
18 0 81
18 1 84
18 3 63
18 4 72
18 14 74
19 0 70
19 1 7
19 2 94
19 3 8
19 4 89
19 5 20
19 6 10
19 7 83
19 8 46
19 9 97
19 12 50
19 13 61
19 14 11
19 15 12
19 16 16
19 17 6
19 18 99
20 9 66
21 0 28
21 4 85
21 9 90
21 14 90
21 18 17
21 20 99
22 0 14
22 1 61
22 2 32
22 3 68
22 4 31
22 6 39
22 8 43
22 9 26
22 10 34
22 11 55
22 12 57
22 14 89
22 15 10
22 16 79
22 18 80
22 19 2
22 20 27
22 21 66
23 22 92
24 0 88
24 1 91
24 2 19
24 3 2
24 4 94
24 5 86
24 6 49
24 7 68
24 8 66
24 9 4
24 12 23
24 13 31
24 14 20
24 15 57
24 16 85
24 17 60
24 18 69
24 19 69
24 21 79
24 22 64
25 2 67
26 16 94
27 0 42
27 1 74
27 2 1
27 3 75
27 4 25
27 6 11
27 7 22
27 8 50
27 10 75
27 13 87
27 14 81
27 17 2
27 22 8
27 24 19
28 1 85
28 2 12
28 3 23
28 9 86
29 25 13
30 22 5
31 21 77
32 7 50
32 14 61
33 0 51
33 1 20
33 2 77
33 3 61
33 4 35
33 5 76
33 6 94
33 7 86
33 8 30
33 9 23
33 10 56
33 11 15
33 12 6
33 13 18
33 14 60
33 15 49
33 16 65
33 17 96
33 18 75
33 19 7
33 20 10
33 21 21
33 22 35
33 23 80
33 24 69
33 25 78
33 27 19
33 30 39
33 31 1
33 32 83
34 7 27
34 14 4
34 32 70
35 0 5
35 1 42
35 2 91
35 3 32
35 4 71
35 6 22
35 7 22
35 8 32
35 9 27
35 10 38
35 11 21
35 12 14
35 13 11
35 14 68
35 15 49
35 16 51
35 17 85
35 19 86
35 22 6
35 24 1
35 27 8
35 31 78
35 33 53
36 0 80
36 12 69
36 16 7
36 21 77
36 33 44
37 0 81
37 1 35
37 2 2
37 3 85
37 4 75
37 5 49
37 6 52
37 7 26
37 8 99
37 10 12
37 12 12
37 13 62
37 14 33
37 15 36
37 16 89
37 18 52
37 19 2
37 21 37
37 22 71
37 24 99
37 27 75
37 28 41
37 31 75
37 33 81
37 35 12
37 36 68
38 5 37
38 37 27
39 0 51
39 1 51
39 2 42
39 3 41
39 4 11
39 5 73
39 6 43
39 7 37
39 8 40
39 9 88
39 11 79
39 12 47
39 13 15
39 14 94
39 15 19
39 16 86
39 17 21
39 18 32
39 19 75
39 21 49
39 22 67
39 24 41
39 27 35
39 28 99
39 32 53
39 33 47
39 34 71
39 35 34
39 36 9
39 37 45
39 38 76
40 0 18
40 1 43
40 2 58
40 3 89
40 4 72
40 5 32
40 6 90
40 7 23
40 8 79
40 9 30
40 10 49
40 11 53
40 12 32
40 13 17
40 14 70
40 15 12
40 16 58
40 18 14
40 19 39
40 20 54
40 21 46
40 22 48
40 24 62
40 27 49
40 28 13
40 30 25
40 31 59
40 33 86
40 35 56
40 36 14
40 37 49
40 38 53
40 39 55
41 0 98
41 1 98
41 2 12
41 5 18
41 14 26
41 40 53
42 0 7
42 1 71
42 3 10
42 4 54
42 5 39
42 6 41
42 8 4
42 9 76
42 16 11
42 19 72
43 28 99
44 30 21
45 0 47
45 6 99
45 12 71
46 21 79
47 0 65
48 4 1
48 37 80
49 21 56
49 31 69
49 46 77
50 31 8
50 35 25
51 13 5
51 16 76
51 24 6
51 27 3
51 37 48
51 40 8
52 16 14
52 26 77
53 0 48
53 1 99
53 2 77
53 3 51
53 4 17
53 5 30
53 6 77
53 7 31
53 8 58
53 9 21
53 11 87
53 12 6
53 13 87
53 14 97
53 15 47
53 16 8
53 17 70
53 19 52
53 20 94
53 22 41
53 24 30
53 27 58
53 32 85
53 33 64
53 35 11
53 37 15
53 39 68
53 40 49
53 41 70
53 42 13
54 0 57
54 3 29
54 6 86
54 10 18
54 15 46
54 24 86
54 28 4
54 37 17
54 43 34
55 33 81
56 0 63
56 1 62
56 2 96
56 3 41
56 4 73
56 5 68
56 6 58
56 7 3
56 8 14
56 9 36
56 10 72
56 12 35
56 13 25
56 14 27
56 17 50
56 18 19
56 19 91
56 20 69
56 21 26
56 22 88
56 24 74
56 25 81
56 27 71
56 30 19
56 31 45
56 33 53
56 35 51
56 37 65
56 39 50
56 40 92
56 41 69
56 42 63
56 44 15
56 45 94
56 46 38
56 49 17
56 50 72
56 53 56
57 0 15
57 1 49
57 4 59
57 7 41
57 9 52
57 12 75
57 20 88
57 21 36
57 36 23
57 37 54
57 48 94
57 56 51
58 47 89
59 0 99
59 1 57
59 2 13
59 3 56
59 4 72
59 5 53
59 6 31
59 7 57
59 8 73
59 9 96
59 10 40
59 11 56
59 12 82
59 13 54
59 14 45
59 15 59
59 16 31
59 17 78
59 18 43
59 19 37
59 21 59
59 22 10
59 24 61
59 27 97
59 28 16
59 31 86
59 32 35
59 33 38
59 34 17
59 35 24
59 37 74
59 39 89
59 40 20
59 42 27
59 46 84
59 49 95
59 50 43
59 53 86
59 55 61
59 56 81
60 47 39
60 58 62
61 0 60
61 1 17
61 2 92
61 3 98
61 4 14
61 5 71
61 6 78
61 7 69
61 8 67
61 9 94
61 10 41
61 11 31
61 12 98
61 13 28
61 14 80
61 15 51
61 16 16
61 17 3
61 18 46
61 19 7
61 21 72
61 22 69
61 24 93
61 27 7
61 31 85
61 32 1
61 33 96
61 34 34
61 35 29
61 36 19
61 37 85
61 39 19
61 40 28
61 41 71
61 42 32
61 45 67
61 46 68
61 49 84
61 50 22
61 51 65
61 53 39
61 54 1
61 56 100
61 57 96
61 59 86
62 9 13
62 19 69
63 0 71
63 1 16
63 2 31
63 3 78
63 4 83
63 5 49
63 6 63
63 7 63
63 8 19
63 9 59
63 10 64
63 11 33
63 12 47
63 13 22
63 14 35
63 15 13
63 16 37
63 17 89
63 18 55
63 19 22
63 20 64
63 21 39
63 22 36
63 24 19
63 27 60
63 28 83
63 31 27
63 32 50
63 33 28
63 35 29
63 36 10
63 37 19
63 39 40
63 40 65
63 42 75
63 51 80
63 53 98
63 54 85
63 55 38
63 56 89
63 59 12
63 61 8
64 13 4
65 0 60
65 1 37
65 2 14
65 3 91
65 4 4
65 5 23
65 6 49
65 7 41
65 8 89
65 9 78
65 11 82
65 12 74
65 13 98
65 14 42
65 15 96
65 16 20
65 17 92
65 18 67
65 19 87
65 22 5
65 24 84
65 27 34
65 32 13
65 33 96
65 34 15
65 35 72
65 36 92
65 37 50
65 38 55
65 39 26
65 40 38
65 41 80
65 42 49
65 45 68
65 51 42
65 52 55
65 53 3
65 54 84
65 56 7
65 57 7
65 59 57
65 61 95
65 63 61
66 22 44
67 53 23
68 13 24
69 0 31
69 1 85
69 2 59
69 3 38
69 4 90
69 5 60
69 6 100
69 7 92
69 8 12
69 9 48
69 12 35
69 13 19
69 14 12
69 15 39
69 16 78
69 17 3
69 18 63
69 19 68
69 21 34
69 22 8
69 23 5
69 24 84
69 27 27
69 31 8
69 32 1
69 33 51
69 35 89
69 36 96
69 37 17
69 39 47
69 40 82
69 42 41
69 45 30
69 50 10
69 51 33
69 53 66
69 56 31
69 57 25
69 59 48
69 61 67
69 62 42
69 63 29
69 65 70
70 18 65
70 22 3
71 0 93
71 1 43
71 2 85
71 3 2
71 4 60
71 5 98
71 6 81
71 7 90
71 8 61
71 9 59
71 10 50
71 11 52
71 12 39
71 13 43
71 14 14
71 15 87
71 16 7
71 17 46
71 18 77
71 19 25
71 20 88
71 21 57
71 22 2
71 24 67
71 25 60
71 26 33
71 27 49
71 28 37
71 29 82
71 32 90
71 33 3
71 34 86
71 35 60
71 36 97
71 37 15
71 38 23
71 39 50
71 40 80
71 41 40
71 42 40
71 43 85
71 48 87
71 49 8
71 51 99
71 52 91
71 53 27
71 54 15
71 56 59
71 57 18
71 59 9
71 61 89
71 62 92
71 63 7
71 65 30
71 69 61
72 56 40
73 8 92
73 13 4
73 21 5
73 24 53
73 51 92
73 53 58
73 54 41
73 61 75
73 65 58
74 58 9
75 0 100
75 1 67
75 2 22
75 3 38
75 4 96
75 5 88
75 6 34
75 7 45
75 8 83
75 9 72
75 10 34
75 11 75
75 12 2
75 13 75
75 14 92
75 15 72
75 16 5
75 17 54
75 18 21
75 19 68
75 20 30
75 21 33
75 22 21
75 23 55
75 24 53
75 27 22
75 28 88
75 31 36
75 32 10
75 33 97
75 34 80
75 35 76
75 36 29
75 37 18
75 38 36
75 39 8
75 40 41
75 41 90
75 42 50
75 43 67
75 48 77
75 50 3
75 51 11
75 53 83
75 54 95
75 56 11
75 57 29
75 59 85
75 61 100
75 62 24
75 63 79
75 65 62
75 66 98
75 68 4
75 69 39
75 71 28
75 73 4
76 0 64
76 1 61
76 3 78
76 4 24
76 5 14
76 14 82
76 24 50
76 65 40
76 71 4
77 21 92
77 46 1
78 9 48
78 16 96
78 19 26
78 22 63
78 27 24
78 37 32
78 40 18
79 0 76
79 1 84
79 2 13
79 3 65
79 4 33
79 5 81
79 6 33
79 7 95
79 8 95
79 9 32
79 10 5
79 11 96
79 12 46
79 13 80
79 14 74
79 15 66
79 16 72
79 17 33
79 18 30
79 19 14
79 20 60
79 21 62
79 22 88
79 23 53
79 24 71
79 25 65
79 27 97
79 28 88
79 31 56
79 32 38
79 33 67
79 35 52
79 36 77
79 37 74
79 38 65
79 39 12
79 40 59
79 42 60
79 43 63
79 45 3
79 48 83
79 51 17
79 53 78
79 54 12
79 56 87
79 57 69
79 59 63
79 61 36
79 63 89
79 65 57
79 69 90
79 71 54
79 73 99
79 75 78
79 76 40
79 78 83
80 41 94
81 0 36
82 54 7
83 1 73
83 7 87
83 34 75
84 0 93
84 1 39
84 2 37
84 3 11
84 4 9
84 5 54
84 6 35
84 7 24
84 8 97
84 9 13
84 10 41
84 13 57
84 14 73
84 15 87
84 16 44
84 17 44
84 19 10
84 21 77
84 22 50
84 24 33
84 26 50
84 27 29
84 28 58
84 30 42
84 31 57
84 33 17
84 34 67
84 35 14
84 37 82
84 38 24
84 39 98
84 40 22
84 41 17
84 42 37
84 44 76
84 49 34
84 52 9
84 53 8
84 54 61
84 56 25
84 59 45
84 61 12
84 62 93
84 63 3
84 65 64
84 69 36
84 71 51
84 75 21
84 78 29
84 79 52
84 80 33
85 4 11
85 29 86
85 71 81
85 79 26
85 84 36
86 4 45
87 53 7
88 0 73
88 1 14
88 2 30
88 3 98
88 4 80
88 5 26
88 6 29
88 7 4
88 8 51
88 9 27
88 10 65
88 11 6
88 12 30
88 13 47
88 14 70
88 15 77
88 20 72
88 21 86
88 22 43
88 28 56
88 30 52
88 32 39
88 35 13
88 37 44
88 40 15
88 43 39
88 44 78
88 47 47
88 54 8
88 56 57
88 63 27
88 69 89
88 71 39
88 75 81
89 36 9
90 47 25
91 0 4
91 1 71
91 2 2
91 3 9
91 4 58
91 5 92
91 6 100
91 7 65
91 8 15
91 9 19
91 10 68
91 11 64
91 12 61
91 13 100
91 14 62
91 15 30
91 16 83
91 17 11
91 18 46
91 19 79
91 20 74
91 21 35
91 22 33
91 23 31
91 24 81
91 26 76
91 27 85
91 28 1
91 30 62
91 31 19
91 32 15
91 33 66
91 34 73
91 35 98
91 36 88
91 37 7
91 38 59
91 39 38
91 40 57
91 41 16
91 42 53
91 45 20
91 47 73
91 51 59
91 52 85
91 53 13
91 56 45
91 57 91
91 59 25
91 61 59
91 62 81
91 63 100
91 65 92
91 69 79
91 70 34
91 71 86
91 75 2
91 78 92
91 79 9
91 84 19
91 85 93
91 88 39
92 15 65
92 54 89
93 0 41
93 1 70
93 2 17
93 3 58
93 4 46
93 5 95
93 6 72
93 7 29
93 8 95
93 9 80
93 12 74
93 13 78
93 14 85
93 15 24
93 16 49
93 18 94
93 19 96
93 20 19
93 21 28
93 22 69
93 24 55
93 25 73
93 27 46
93 32 2
93 33 24
93 34 14
93 35 22
93 36 94
93 37 45
93 38 25
93 39 9
93 40 50
93 48 2
93 51 49
93 53 54
93 54 74
93 56 85
93 57 91
93 59 81
93 61 8
93 63 15
93 65 76
93 69 9
93 71 66
93 73 6
93 75 81
93 79 32
93 81 69
93 84 60
93 85 58
93 88 62
93 89 20
93 91 90
94 58 54
95 17 78
96 0 5
96 1 78
96 2 74
96 3 70
96 4 4
96 5 34
96 6 59
96 7 91
96 8 41
96 9 91
96 10 74
96 11 82
96 12 59
96 13 97
96 14 74
96 15 70
96 16 78
96 17 63
96 18 81
96 19 70
96 20 8
96 21 20
96 22 63
96 24 8
96 25 65
96 27 21
96 28 52
96 30 24
96 31 89
96 32 31
96 33 83
96 34 38
96 35 78
96 36 77
96 37 90
96 39 39
96 40 71
96 41 96
96 42 76
96 43 94
96 45 54
96 46 99
96 47 39
96 48 36
96 50 87
96 51 85
96 53 39
96 54 85
96 55 72
96 56 69
96 57 3
96 59 50
96 61 19
96 62 44
96 63 15
96 65 65
96 66 10
96 67 40
96 68 12
96 69 1
96 71 54
96 73 75
96 75 40
96 76 10
96 77 28
96 78 100
96 79 72
96 81 56
96 83 27
96 84 92
96 87 1
96 88 66
96 91 43
96 93 87
97 0 91
97 1 73
97 2 31
97 3 41
97 4 44
97 5 7
97 6 80
97 7 10
97 8 86
97 9 20
97 10 69
97 11 99
97 12 82
97 13 58
97 14 70
97 15 65
97 16 30
97 17 21
97 18 42
97 19 8
97 20 48
97 21 53
97 22 74
97 24 88
97 26 86
97 27 86
97 28 89
97 30 35
97 32 70
97 33 49
97 35 72
97 37 5
97 38 91
97 39 13
97 40 97
97 41 39
97 42 52
97 48 96
97 51 90
97 52 21
97 53 27
97 54 76
97 56 66
97 57 95
97 59 22
97 61 46
97 63 20
97 65 96
97 68 68
97 69 75
97 71 60
97 73 49
97 75 100
97 76 19
97 79 56
97 84 34
97 85 40
97 86 72
97 88 72
97 91 14
97 93 63
97 96 96
98 63 4
99 47 75
99 58 55
