51841
52565
51192
50219
58598
58253
53575
55754
53835
53466
54898
55957
51257
52035
58884
50934
59352
56802
57595
54675
58291
56869
57798
57862
53254
56641
50565
57460
52676
51250
59144
52654
58312
58165
58521
55592
55132
54869
56951
56934
50739
59748
59090
53648
52188
55562
50948
50314
59058
57414
56708
51892
57318
55972
56831
58292
52082
52400
56689
55736
57276
55926
56797
54405
56074
51091
51444
54833
52530
52820
59406
58721
54348
51309
55999
55649
58699
59824
50483
53179
52347
57939
50324
57949
56726
54340
51880
57832
54088
56622
54868
55048
56811
56479
51606
58115
55332
55341
54031
52563
53074
58049
57592
54319
59586
57889
53254
58469
52269
56436
54196
56882
56595
53194
55392
58637
58188
54550
53450
59741
55924
50726
53962
58194
50703
56515
53831
56726
59544
50782
55801
52384
59677
58052
57365
54027
50253
50378
53436
56218
58524
51474
50040
50587
54389
54470
51530
55398
58276
51549
55346
54506
52752
51218
55551
53044
58554
54325
52733
58732
53898
53972
57608
54642
54791
59355
54226
55573
59191
54452
55543
51210
58747
50454
51093
53870
57714
52189
59830
58478
54567
57904
54345
53648
55998
51097
56978
54719
55230
51346
54592
57810
59900
56688
59884
57801
50150
51675
51380
52305
