168
196
187
128
148
133
197
148
174
188
169
141
182
139
178
194
134
143
152
161
114
148
162
181
176
120
185
176
129
112
180
138
200
126
103
145
127
190
174
106
126
143
138
136
178
169
193
110
143
172
150
124
186
142
163
190
193
132
187
114
167
121
132
190
111
176
149
143
147
139
190
137
107
128
139
173
185
167
162
156
105
154
155
175
145
129
199
127
146
162
164
195
159
180
134
176
178
107
198
122
121
167
196
122
193
168
141
189
104
172
152
129
167
105
158
150
171
138
161
157
163
180
196
137
167
132
190
131
152
167
170
199
164
162
114
121
155
158
157
138
163
190
194
194
194
146
198
103
190
165
125
194
148
149
178
179
110
187
199
177
119
108
198
144
199
140
108
149
174
158
106
110
117
185
132
145
101
126
139
122
151
125
111
139
116
150
146
127
198
128
197
184
133
153
195
106
113
121
132
140
112
104
136
173
165
139
192
168
138
130
123
117
109
101
183
122
190
124
175
174
200
105
128
128
137
198
117
167
161
151
196
159
191
136
113
121
141
178
160
137
155
114
169
156
161
142
191
199
176
106
200
105
169
105
100
180
178
146
164
194
197
151
109
142
173
113
107
168
103
123
135
139
166
116
160
100
118
125
167
112
137
177
158
107
196
138
146
160
100
110
194
192
105
150
132
133
187
185
108
161
178
147
171
152
107
192
121
100
140
184
139
159
141
112
129
192
118
196
150
107
127
141
156
148
157
123
150
182
199
110
129
127
112
185
136
117
180
130
159
168
173
158
184
143
142
123
116
120
139
195
110
167
194
174
162
160
152
197
177
184
169
101
102
158
110
119
178
194
165
117
117
187
103
147
159
179
148
191
117
146
102
167
112
192
182
100
130
157
186
146
131
149
121
102
127
116
108
176
123
195
