128
173
180
165
116
198
167
175
117
143
161
108
175
108
151
199
177
138
179
152
182
132
148
148
166
194
185
103
155
161
192
170
185
165
131
180
118
156
129
145
134
189
160
123
111
155
169
157
139
126
123
200
128
152
146
141
129
184
135
125
106
171
175
152
125
169
112
112
179
114
190
195
166
133
166
183
186
105
161
198
171
187
182
137
102
106
102
149
135
172
139
151
143
119
150
130
125
150
170
109
135
125
174
148
107
196
106
174
131
140
158
134
126
166
144
132
146
126
153
176
199
138
199
131
103
120
143
155
125
102
174
186
127
171
120
117
188
149
155
159
170
136
166
161
135
153
185
156
165
160
111
169
144
100
155
142
149
103
127
198
111
101
120
192
188
115
136
150
144
125
164
198
130
151
145
167
155
196
143
171
132
139
134
112
170
176
104
136
121
183
153
174
200
120
103
161
182
129
134
161
