59719
56914
50915
51249
59044
58451
50323
52867
50305
54076
50004
56464
53804
53099
55429
56539
51517
56902
58790
54749
53037
52082
51530
52340
51595
57047
59482
57053
57911
58947
50333
57545
51074
59646
53721
53635
55143
52888
57919
58371
54476
57760
55535
58723
52585
57756
50856
54483
54010
54488
51337
51052
56287
58618
58618
51261
50915
51661
55014
55652
51535
56321
53340
57868
55278
55240
54404
53347
53528
52635
55956
51886
50499
58277
55334
58224
55961
57667
56609
56155
56837
54155
52498
52709
52605
57430
59713
50855
57014
52469
50048
56550
50863
53117
52277
52802
52284
59081
56414
54575
52329
56389
51050
56776
55907
50027
56803
54505
51691
50813
55711
58108
53295
56310
52967
59751
57766
57508
53002
54145
56948
59039
50108
56339
57908
50950
59028
55441
54197
57621
53959
57938
58489
59690
53523
50952
57678
50188
57621
58368
59206
50295
58883
59884
51236
54840
53681
58635
50828
54694
50285
59310
54437
57176
50288
52003
56286
52696
59060
59442
51639
59700
59197
54661
53247
55790
56223
50098
56292
54837
58157
58135
57071
56676
59117
55121
56278
59069
59319
54943
51391
56426
54880
51735
52270
50623
58018
54808
50570
52688
59450
50513
56987
50693
58388
56189
58087
51877
53291
55893
