152
134
178
174
115
155
146
130
170
140
167
112
125
149
123
189
118
200
142
108
161
171
152
119
144
190
109
157
120
164
126
114
100
136
113
101
163
154
145
154
185
133
162
137
179
103
149
134
199
191
118
192
171
108
132
100
116
120
198
102
189
119
190
154
135
167
115
152
169
176
138
197
129
102
119
124
189
140
118
164
170
138
157
190
198
174
155
172
140
132
179
115
197
131
180
177
165
163
185
168
124
123
115
153
164
163
116
124
137
181
150
116
162
161
166
137
110
182
177
170
161
119
186
160
187
163
178
154
177
115
188
140
156
182
139
129
111
152
125
105
109
185
146
142
191
139
161
146
161
135
184
114
102
116
160
175
142
113
108
114
105
121
125
179
100
192
105
164
194
157
106
117
114
129
126
119
109
198
126
168
126
161
114
200
145
182
166
190
199
183
172
118
128
132
178
147
105
157
179
101
108
142
193
173
138
195
190
117
189
135
174
124
176
151
118
122
110
155
110
170
197
126
152
165
187
185
189
107
196
176
171
103
186
132
145
158
107
150
157
125
142
163
139
169
139
156
198
141
133
125
110
119
176
147
183
135
110
195
162
115
179
172
195
199
189
150
191
161
197
145
145
164
118
167
172
169
112
105
161
192
159
144
109
159
128
199
164
145
131
161
131
125
168
167
104
159
176
170
108
144
