51229
50047
56198
50522
55410
52712
57295
59207
52185
59053
56162
58575
54220
50330
50959
50222
55621
55064
51510
55808
58978
51099
50804
52328
58869
52941
51463
51877
57503
59913
50028
51985
50497
53472
52287
50662
54975
50806
53737
56338
53099
57255
58333
55361
54385
55315
54351
59244
53599
58395
51630
52548
57037
58860
58787
57580
59374
56363
56430
50979
51143
56025
57993
59500
55748
55590
56599
50532
56064
50988
56120
52464
56337
56767
54176
50139
57367
59045
50038
58262
53134
58092
57817
51307
56654
51527
56860
57740
58927
56405
52703
58675
58104
54342
59536
50712
57418
58259
53140
52001
56033
52918
57212
50588
51021
59305
57386
58451
55425
54123
51395
51221
59055
59831
58201
54572
54695
52675
56355
50938
51002
54135
50904
54405
59960
52334
53939
53291
55089
56847
50388
56895
55841
57059
56909
58181
55028
58290
57826
55601
56059
52513
51267
53599
52099
55512
55066
51300
56909
59163
54248
58890
59111
50681
56857
58703
58838
56625
59702
56951
54829
51470
58746
58964
52089
59382
51883
54606
51508
52547
55079
59696
58114
55072
52365
52332
59915
56647
58193
54754
50900
53998
57463
50395
58166
59266
52890
55062
59155
56705
52256
57074
56933
58679
57603
52141
59561
57053
52589
53981
50972
57434
56824
55357
51259
54267
54819
58419
53836
50145
55669
57102
51558
57507
51380
57156
52614
51449
52147
50251
52775
54366
50879
56056
53656
52953
56187
55864
57604
53968
58527
55108
58077
55893
52527
50066
51253
58692
56494
58554
50036
55142
57199
58395
58599
54326
58780
57330
52380
56609
58750
56373
53799
55792
59069
55521
51276
57475
52249
59175
51488
50157
50739
53348
55088
54547
51018
56935
57372
57939
55908
56440
50928
58460
54840
54402
55304
56353
56840
58697
56298
50820
59855
56291
53224
56473
56411
50766
55720
55520
53256
56378
59353
57535
51766
55723
50575
58437
51068
57840
