168
175
100
133
172
143
121
124
152
197
175
153
169
139
125
152
101
190
148
172
150
103
125
198
198
121
161
154
182
117
181
114
100
131
102
197
116
127
144
153
119
163
111
182
158
181
119
111
174
182
149
157
108
111
147
158
102
110
142
143
121
168
198
118
117
107
123
111
197
104
184
194
133
139
195
175
107
170
118
166
110
179
132
188
184
173
194
140
121
188
162
124
114
136
113
137
160
150
140
143
197
172
176
146
197
190
123
166
146
137
143
183
100
153
129
166
119
141
154
180
162
145
149
193
125
173
121
170
126
169
168
116
108
136
196
170
175
182
124
130
164
163
190
106
171
182
159
150
118
111
121
193
124
142
132
173
175
107
108
132
116
145
124
138
152
200
154
153
195
129
112
181
157
183
152
152
174
194
142
107
124
109
195
179
103
186
199
123
130
173
127
110
128
161
116
112
125
184
140
179
180
166
158
151
155
124
165
192
145
148
103
145
115
166
145
163
156
154
137
177
151
169
160
123
174
182
190
108
110
153
120
199
107
155
145
181
122
151
144
142
183
198
178
126
156
190
126
192
161
164
147
125
173
141
105
192
125
103
175
182
137
112
108
105
189
188
198
137
155
141
112
107
147
105
156
144
194
186
197
162
132
108
137
177
135
109
164
186
121
175
193
130
180
109
105
132
157
126
170
187
