52523
57224
58386
50874
59717
51513
59220
51087
53969
50878
51547
56745
50300
55839
50713
57587
54257
53485
56710
56348
51995
57349
52638
58881
56452
53259
56364
50152
55156
51270
50510
55277
54620
57805
56757
52666
54573
50038
54405
54813
50787
53099
53430
58107
57216
56172
55467
52840
53583
53816
59132
50796
52531
52079
50884
59639
57080
58435
52298
53713
54620
51507
56453
57489
51858
52546
54042
51280
56356
59765
59807
56053
51154
51361
52213
58188
57053
55598
52607
57125
57851
50176
56834
58257
50663
54584
52499
52589
50940
51639
51524
55720
52828
55278
51228
55056
56070
58247
53478
53926
59003
55617
54632
50338
58958
52691
54366
50578
58532
55201
57738
55610
50696
59654
52233
57230
57488
50056
51705
53634
55397
58641
55069
58791
55358
55529
52743
50899
52236
52602
50140
50400
58425
51252
59959
54903
53899
59095
59906
54019
51626
59667
55967
59819
51565
54589
54646
54121
57440
56662
52863
52884
54612
52746
50367
51389
54334
57097
59683
50871
56683
59592
52866
58357
54801
59694
55582
54179
51022
55873
53828
52946
52237
57351
51967
51960
58595
56831
53274
54392
53148
54666
55704
58105
51963
58508
51753
55158
54604
51225
56205
58580
57489
51092
57303
56591
57567
52970
55128
59797
55503
58667
52055
51014
59409
57809
55339
57132
56130
58419
57383
50758
54864
56917
57152
58889
52717
58624
54457
53467
56280
53494
56343
52984
52193
54040
57613
51213
53207
59225
51120
58069
58494
50992
54469
50303
54986
58332
55255
57822
50681
50259
53537
56563
57184
53612
57874
53425
55947
52179
52886
51745
52490
56596
54900
54195
51926
50357
50620
50138
55028
58875
53943
50251
51389
50717
50934
51292
52986
53349
55190
54504
56004
52478
50339
52390
56284
56516
59802
57943
55564
53890
51925
54912
57339
58838
59592
52905
59095
50010
53301
55339
57348
54664
53774
51073
53603
51849
53490
59623
