188
103
106
133
124
144
183
141
131
131
154
160
159
135
134
149
131
129
129
183
104
198
117
122
170
186
113
112
140
165
110
186
193
147
114
153
123
119
178
153
197
134
192
161
145
133
189
128
167
107
116
200
161
119
194
145
197
179
158
101
122
128
100
188
165
146
154
192
133
197
163
130
194
193
134
150
175
171
140
116
200
130
138
105
154
196
195
130
153
159
115
190
151
155
105
125
148
171
153
136
154
190
154
144
101
142
103
130
118
174
124
182
100
131
179
166
184
193
104
173
140
161
182
200
108
164
144
194
148
154
116
125
172
128
195
126
171
151
155
200
130
142
122
110
151
185
108
174
110
160
176
178
185
154
139
165
106
174
135
129
187
105
153
168
133
125
138
117
127
195
174
157
187
177
133
172
126
154
125
190
176
103
114
148
167
171
191
173
184
147
154
182
125
148
195
176
116
147
162
183
123
117
158
108
102
177
127
140
122
193
106
159
170
171
118
175
138
173
151
140
115
140
168
141
144
190
134
165
148
139
100
123
183
171
153
169
113
155
175
182
152
177
118
179
100
182
153
114
118
195
192
199
121
139
106
167
105
140
112
128
176
111
112
160
160
156
167
171
179
161
133
165
156
133
157
147
140
171
192
113
128
144
186
116
184
112
169
126
130
156
124
135
103
132
200
104
167
187
169
132
183
177
190
143
176
169
198
145
186
130
110
161
133
145
113
122
130
184
106
196
160
146
170
154
156
106
200
131
194
118
198
170
157
197
177
113
116
183
196
155
158
106
149
159
185
144
163
153
129
159
147
192
170
110
131
183
130
135
102
128
192
180
137
180
163
200
190
123
108
178
175
186
194
102
133
152
120
114
138
138
160
148
152
144
142
191
158
141
154
102
104
131
154
181
129
146
117
139
146
120
