133
144
121
118
104
156
139
182
170
122
153
161
151
196
116
141
200
142
197
154
186
150
154
153
140
108
183
178
150
110
161
124
165
173
143
153
197
138
153
144
102
111
173
138
171
189
159
119
159
105
106
114
113
186
140
189
162
116
189
168
199
135
162
166
159
109
101
136
150
188
154
144
137
170
163
124
145
178
192
106
154
189
181
156
180
183
187
161
120
145
160
155
182
146
137
186
149
193
141
144
107
123
138
125
114
168
152
196
156
130
122
199
127
164
195
148
183
102
103
151
123
187
122
120
129
199
106
172
151
119
144
182
132
145
151
157
146
112
119
173
172
140
139
155
170
117
195
158
158
100
123
163
100
139
112
159
147
178
139
153
178
152
184
143
186
171
111
173
188
125
180
195
140
131
195
102
128
118
191
151
185
117
157
184
162
147
180
191
118
137
199
141
175
175
184
153
101
128
153
153
106
141
188
160
194
113
153
153
181
196
149
170
143
200
177
186
178
187
171
197
195
167
147
196
127
125
187
188
173
183
110
200
134
183
200
157
113
154
162
160
125
153
162
185
187
109
186
165
107
162
106
141
101
150
176
186
178
121
120
140
102
150
142
162
152
113
186
111
179
167
117
133
104
132
166
124
181
123
151
200
146
107
166
107
172
169
121
183
126
166
160
194
189
109
101
185
101
160
127
152
