51720
53565
58766
53180
51244
58242
52277
51663
53074
55059
53404
54597
50142
59609
51875
59903
52708
56770
53026
55930
59032
50878
55942
57250
50436
56462
51563
51865
57052
58383
52942
58312
53630
50083
52632
54529
55083
53088
55164
50589
50983
52496
53348
54876
56780
50563
58381
51416
55369
53684
58204
58276
59622
56372
52880
58393
59276
52931
59918
50529
55894
52271
52745
51865
55684
50781
58904
59590
56584
53206
52023
52772
54728
58102
54970
52487
50143
51805
57506
56387
54515
59095
54929
56128
55775
54300
50006
50064
51230
58378
56452
57141
55383
55971
50725
52075
59768
55337
59871
51743
57166
51538
52264
52596
50068
52886
54970
52088
52331
58414
50027
58261
54057
53365
50782
52725
50417
52999
52225
53621
55018
57694
56059
59776
51669
59506
56778
53313
50203
56505
53109
50911
52411
53612
50998
55052
59672
53477
53902
56161
59277
58252
50706
58556
56171
56040
56499
50602
53013
57103
53943
56138
55608
59605
52681
52329
50628
51039
50302
54164
51139
52432
56255
59240
59670
56429
58228
55805
59735
56467
52303
53703
53656
50901
56566
53051
55400
51116
55996
50718
57551
56438
56741
52846
50321
50588
57536
53806
53791
52514
58523
54661
58855
55140
58898
56670
50703
52772
50789
57690
51967
51620
54321
54215
52935
51914
56098
54239
55932
51466
52318
57280
53199
59367
57032
52313
55629
55232
53014
57004
59878
58083
53421
56020
53972
54837
55003
59427
55871
56724
58571
52313
52355
57456
55115
50570
59885
50789
58881
58859
54601
54588
50180
55924
56322
54658
59357
50508
58522
55529
54282
59865
52442
54183
59859
52857
50349
54788
52176
57561
55182
50719
54008
53104
50220
54094
59201
58934
56194
50304
56069
55087
50813
54378
56353
58476
57739
54661
55456
52738
58123
51496
58420
58275
52354
57841
58213
53160
50160
55191
54980
51025
56629
53757
59658
57841
55189
55774
50119
52693
