191
119
109
187
110
147
142
104
120
184
157
136
200
102
161
136
171
166
153
141
110
131
156
125
142
165
185
158
183
101
199
151
199
108
173
188
164
160
178
171
186
194
172
155
172
190
131
155
159
176
194
114
177
145
158
161
134
101
158
196
115
193
119
186
180
163
179
192
164
190
111
103
111
126
174
137
161
109
115
120
197
191
127
141
198
128
179
162
169
191
125
186
174
192
182
108
181
141
154
150
142
116
142
162
165
124
154
144
172
148
126
155
134
159
168
161
153
184
180
188
106
109
170
154
177
178
127
102
191
136
186
137
198
178
150
109
186
168
161
136
183
120
198
162
149
105
190
108
159
187
128
183
118
144
129
107
151
166
103
165
172
109
171
177
131
128
104
114
164
132
157
155
164
164
127
171
110
100
183
189
114
159
159
157
200
164
104
198
177
130
127
117
166
164
132
155
100
115
130
112
