127
200
119
151
178
185
152
111
138
165
170
139
193
140
168
193
102
197
189
184
200
168
173
148
161
163
110
108
180
125
188
150
153
140
185
189
178
164
100
174
148
154
159
122
145
152
199
195
166
182
157
166
108
164
136
196
166
147
186
109
196
198
172
148
102
128
102
134
154
181
113
121
150
166
165
102
187
156
149
200
122
118
119
152
199
148
105
131
117
124
138
147
123
146
198
173
147
130
108
109
158
108
156
192
100
115
198
193
159
122
126
189
130
175
156
155
179
183
116
100
134
174
112
191
126
199
147
157
120
118
102
122
118
178
174
111
200
199
169
116
123
143
152
167
112
191
140
165
118
196
116
103
134
117
169
114
102
176
110
134
180
187
131
153
118
176
154
113
137
128
129
200
195
103
117
112
126
160
137
173
130
146
124
186
164
148
106
169
101
167
130
108
182
130
112
177
194
156
199
198
