57270
54802
53094
59525
56298
51224
57851
54965
50828
53980
56895
56605
53481
55805
52609
51593
58196
53915
53558
56903
59050
52352
52010
50395
54829
51686
50647
59199
56413
51870
58715
52823
55078
59970
58132
54960
55631
57576
58058
51326
53511
59245
51582
53426
58127
53190
57107
52942
56938
58142
53918
59811
56332
52948
53430
59564
59238
57724
58620
59680
55047
52244
59572
51104
58392
54308
59035
59305
54291
56983
54457
57709
55987
51211
53920
54155
56093
53812
51348
57115
58029
56881
52222
59452
51510
57154
57937
59793
57527
58406
58992
51905
53893
51148
51398
54042
57512
53550
50472
55781
57501
58395
57495
57124
54118
51463
58974
51927
58327
52107
55977
59361
54569
58405
55665
53522
52196
50735
54920
59736
53265
51357
53094
52858
57644
53922
51460
56272
59956
55435
58357
59932
58453
55730
57113
54871
55939
58401
53632
50192
50520
54912
51020
54626
50242
51983
51212
56588
51296
50784
59614
56520
58786
57748
50656
53684
58349
58143
50786
57744
57368
52811
52303
59694
59445
55071
53862
51824
59835
59472
51943
51658
54745
56876
59011
57415
57580
51911
53370
52994
51597
54487
55446
51320
51002
58635
50481
51787
59781
50749
54308
55132
53659
51188
54282
51793
55251
59266
58087
56038
