166
111
195
148
188
121
104
140
123
185
120
174
139
118
175
107
189
196
194
141
102
199
134
171
136
103
186
166
177
155
189
191
101
107
124
113
170
140
189
118
143
101
169
147
112
190
192
107
104
144
160
131
168
121
152
157
144
113
121
113
132
123
153
157
144
132
156
187
185
110
131
141
169
170
145
142
181
154
193
106
137
198
170
189
125
173
120
154
123
144
180
131
162
144
192
166
166
136
152
104
