52055
56104
50102
53608
58500
50135
53442
51760
58518
55743
57725
59067
50603
50211
59050
58173
50858
58555
52445
56586
54766
58164
52407
55705
58296
58625
50575
55827
58424
51987
50207
56017
59710
57322
57364
50056
52911
57454
50766
57799
51998
54524
58491
51791
59745
59063
53179
56407
56826
56288
51012
56631
59438
52280
52324
59124
51007
58931
59444
53375
50169
52072
50251
54740
50761
53094
51072
58415
57746
50579
54612
52488
53824
58061
53024
53507
53567
58780
54960
59924
59576
54923
55848
50413
57912
57458
57131
57551
56257
59741
50932
53992
57918
54698
56730
53866
59154
52691
50267
56218
