0 1 8
0 2 23
0 3 78
0 4 32
0 5 44
0 6 98
0 7 73
0 8 46
0 9 98
0 10 31
0 11 54
0 12 27
0 13 51
0 14 9
0 15 8
0 16 42
0 17 27
0 18 2
0 19 50
0 20 53
0 21 68
0 22 87
0 23 81
0 24 34
0 25 39
0 26 40
0 27 7
0 28 68
0 29 29
0 30 68
0 31 91
0 32 70
0 33 22
0 34 35
0 35 46
0 36 93
0 37 94
0 38 27
0 39 3
0 40 76
0 41 61
0 42 26
0 43 96
0 44 86
0 45 24
0 46 18
0 47 55
0 48 80
0 49 91
0 50 94
0 51 14
0 52 45
0 53 53
0 55 39
0 57 76
0 58 36
0 59 67
0 60 20
0 62 47
0 63 11
0 66 21
0 68 49
0 69 50
0 70 62
0 71 38
0 72 96
0 73 48
0 74 35
0 75 37
0 77 28
0 79 84
0 83 45
0 84 77
0 86 96
0 87 32
0 88 18
0 90 58
0 92 15
0 93 28
0 94 9
0 95 46
0 96 55
0 99 36
0 101 32
0 103 66
0 105 29
0 106 38
0 109 93
0 110 46
0 111 44
0 112 72
0 113 42
0 114 42
0 116 99
0 117 91
0 118 80
0 123 19
0 124 35
0 126 75
0 128 31
0 129 43
0 130 51
0 131 43
0 132 63
0 135 64
0 137 66
0 138 53
0 139 26
0 140 42
0 142 41
0 145 1
0 146 67
0 148 10
0 149 44
0 151 71
0 154 79
0 155 53
0 157 69
0 162 70
0 165 74
0 167 96
0 174 49
0 177 69
0 178 96
0 180 6
0 183 16
0 185 31
0 186 65
0 189 60
0 192 56
0 195 24
0 196 87
0 197 97
0 199 15
1 32 95
1 33 45
1 37 85
1 39 66
1 44 48
1 49 67
1 55 85
1 61 84
1 63 14
1 73 54
1 74 31
1 80 4
1 85 47
1 95 10
1 117 75
1 130 80
1 140 49
1 162 41
1 167 14
1 194 69
1 198 35
2 30 51
2 31 33
2 32 40
2 33 31
2 34 79
2 35 17
2 36 96
2 37 42
2 38 26
2 39 45
2 40 52
2 41 78
2 42 87
2 43 80
2 45 46
2 46 53
2 47 12
2 48 47
2 50 80
2 51 78
2 52 50
2 56 89
2 59 20
2 60 68
2 61 88
2 63 81
2 65 27
2 68 94
2 69 24
2 71 5
2 77 38
2 78 88
2 81 39
2 83 28
2 85 24
2 87 48
2 90 18
2 91 80
2 96 40
2 99 72
2 100 85
2 106 15
2 112 79
2 115 66
2 117 65
2 118 7
2 121 50
2 129 36
2 138 48
2 144 82
2 146 48
2 147 43
2 149 95
2 150 60
2 159 74
2 160 73
2 161 5
2 162 83
2 170 76
2 172 77
2 182 52
2 186 1
2 191 18
2 198 43
3 30 40
3 32 47
3 33 94
3 34 6
3 35 22
3 37 55
3 39 82
3 40 61
3 42 41
3 44 83
3 45 59
3 47 95
3 50 19
3 52 13
3 54 82
3 56 24
3 57 59
3 59 66
3 61 45
3 63 14
3 69 80
3 70 23
3 80 55
3 84 58
3 88 42
3 95 17
3 98 2
3 102 79
3 105 69
3 106 86
3 117 49
3 129 4
3 130 23
3 133 54
3 134 56
3 135 80
3 145 53
3 164 98
3 165 49
3 167 28
3 174 27
3 183 17
3 191 53
3 197 88
4 30 99
4 31 91
4 32 63
4 33 20
4 34 63
4 35 45
4 36 91
4 37 72
4 38 97
4 39 85
4 40 59
4 43 17
4 44 17
4 46 67
4 47 40
4 50 81
4 57 95
4 61 55
4 66 35
4 69 17
4 70 71
4 71 4
4 74 47
4 75 29
4 76 39
4 83 81
4 84 53
4 86 5
4 93 83
4 94 1
4 102 64
4 117 37
4 125 87
4 126 7
4 135 64
4 136 15
4 138 100
4 139 3
4 141 52
4 147 53
4 150 33
4 161 70
5 30 10
5 31 43
5 32 57
5 33 14
5 34 22
5 36 34
5 37 2
5 38 60
5 40 30
5 41 95
5 42 4
5 43 100
5 44 98
5 48 25
5 50 56
5 53 2
5 54 8
5 55 84
5 59 35
5 62 93
5 64 25
5 65 46
5 68 11
5 69 78
5 70 78
5 72 87
5 74 36
5 76 61
5 81 19
5 86 88
5 92 92
5 98 3
5 101 87
5 103 28
5 107 40
5 110 28
5 115 55
5 121 13
5 122 46
5 127 92
5 131 70
5 134 4
5 147 22
5 150 68
5 156 33
5 165 8
5 171 74
5 182 37
5 193 19
5 196 42
6 30 70
6 31 19
6 32 53
6 34 53
6 35 20
6 36 54
6 41 66
6 42 32
6 45 51
6 46 74
6 47 69
6 48 17
6 53 58
6 54 20
6 62 78
6 73 36
6 74 40
6 79 38
6 96 96
6 97 21
6 98 98
6 103 92
6 105 21
6 112 83
6 122 48
6 138 11
6 149 80
6 154 37
6 174 13
6 185 24
6 192 83
6 194 46
6 197 24
7 30 28
7 31 95
7 32 51
7 33 83
7 34 93
7 35 6
7 36 39
7 38 1
7 39 66
7 40 18
7 41 60
7 42 54
7 44 76
7 46 54
7 47 7
7 49 52
7 50 75
7 51 25
7 56 95
7 57 1
7 58 61
7 60 75
7 62 29
7 63 45
7 65 68
7 66 88
7 69 72
7 71 39
7 72 66
7 75 1
7 78 15
7 80 15
7 83 98
7 87 4
7 90 96
7 95 28
7 98 43
7 99 27
7 101 60
7 103 61
7 104 4
7 105 15
7 108 99
7 116 21
7 119 82
7 120 73
7 124 64
7 125 27
7 127 77
7 130 19
7 133 19
7 140 82
7 145 31
7 151 10
7 155 25
7 158 13
7 163 60
7 172 68
7 189 10
7 197 45
8 30 90
8 31 39
8 32 47
8 33 67
8 34 45
8 35 2
8 36 11
8 37 27
8 38 69
8 39 76
8 40 82
8 41 94
8 42 63
8 43 68
8 45 25
8 46 50
8 47 79
8 52 78
8 53 15
8 54 57
8 56 83
8 57 31
8 58 59
8 60 49
8 72 29
8 75 32
8 77 52
8 79 4
8 82 63
8 86 57
8 89 26
8 90 99
8 93 85
8 97 38
8 111 43
8 116 68
8 117 90
8 122 13
8 126 84
8 128 10
8 135 10
8 141 64
8 144 65
8 146 29
8 174 32
8 182 28
8 183 76
8 189 90
8 194 55
9 30 21
9 31 46
9 32 30
9 33 90
9 34 55
9 35 6
9 36 72
9 37 56
9 38 52
9 39 33
9 40 74
9 43 4
9 48 6
9 49 76
9 50 59
9 51 57
9 52 59
9 53 90
9 56 63
9 59 60
9 64 72
9 66 34
9 71 25
9 72 99
9 73 73
9 78 12
9 84 98
9 106 6
9 114 38
9 129 74
9 134 17
9 136 38
9 142 36
9 147 37
9 150 61
9 158 88
9 161 57
9 165 33
9 173 63
9 178 89
9 180 70
9 184 65
9 197 44
9 199 33
10 30 18
10 31 6
10 32 62
10 33 25
10 34 43
10 35 97
10 36 64
10 37 41
10 38 91
10 41 17
10 42 60
10 43 30
10 44 23
10 45 90
10 46 21
10 47 17
10 48 93
10 49 78
10 50 84
10 51 14
10 52 42
10 53 97
10 57 94
10 58 54
10 59 30
10 64 5
10 72 68
10 85 94
10 86 72
10 103 36
10 108 69
10 115 74
10 118 27
10 126 53
10 128 89
10 144 10
10 146 28
10 151 11
10 154 28
10 156 15
10 169 85
10 176 17
10 179 100
10 180 6
11 30 70
11 31 5
11 32 20
11 33 95
11 34 7
11 35 10
11 36 64
11 37 51
11 39 97
11 41 12
11 44 97
11 45 22
11 47 40
11 48 77
11 49 91
11 54 94
11 55 24
11 56 47
11 58 70
11 61 1
11 63 24
11 64 100
11 65 2
11 66 5
11 67 7
11 68 39
11 70 86
11 71 54
11 72 63
11 73 90
11 77 98
11 80 83
11 86 52
11 89 61
11 90 44
11 91 40
11 92 88
11 97 84
11 99 76
11 103 87
11 104 11
11 105 88
11 108 70
11 112 72
11 113 90
11 118 10
11 122 14
11 124 30
11 125 48
11 126 49
11 127 34
11 130 51
11 133 47
11 136 84
11 142 17
11 145 24
11 147 41
11 166 67
11 172 26
11 174 38
11 178 6
11 179 78
11 187 40
11 188 20
11 189 69
11 191 48
11 193 43
11 196 11
12 30 38
12 31 22
12 32 54
12 33 94
12 34 69
12 36 32
12 37 12
12 38 90
12 41 65
12 42 53
12 43 19
12 45 4
12 48 91
12 49 80
12 51 75
12 52 6
12 57 42
12 58 83
12 59 57
12 62 1
12 65 65
12 67 68
12 68 78
12 70 17
12 75 48
12 85 35
12 86 45
12 88 96
12 89 56
12 92 49
12 94 5
12 96 66
12 97 75
12 101 75
12 106 68
12 108 11
12 110 26
12 112 84
12 115 91
12 116 92
12 126 75
12 129 16
12 132 85
12 135 55
12 140 88
12 154 29
12 164 52
12 168 75
12 175 47
12 189 3
13 30 90
13 31 52
13 32 30
13 33 80
13 34 62
13 35 74
13 36 45
13 37 11
13 38 7
13 40 84
13 41 96
13 42 24
13 44 43
13 45 81
13 50 57
13 51 50
13 53 34
13 54 17
13 56 81
13 57 74
13 60 1
13 62 81
13 65 86
13 66 70
13 73 45
13 75 97
13 76 50
13 78 26
13 80 29
13 81 24
13 83 88
13 84 15
13 88 42
13 89 54
13 91 97
13 96 40
13 109 40
13 110 36
13 114 85
13 116 47
13 117 73
13 118 28
13 123 8
13 125 1
13 128 22
13 133 48
13 134 65
13 137 28
13 145 100
13 149 45
13 165 9
13 180 93
13 181 40
13 182 18
13 184 1
13 186 64
13 188 48
13 190 65
13 196 27
14 30 29
14 31 100
14 32 48
14 33 7
14 34 97
14 35 59
14 36 35
14 38 97
14 39 72
14 40 95
14 42 85
14 44 10
14 45 37
14 46 99
14 47 99
14 48 99
14 52 63
14 53 49
14 54 51
14 61 79
14 63 72
14 68 73
14 72 43
14 73 79
14 77 72
14 79 34
14 90 28
14 93 55
14 94 93
14 99 34
14 102 55
14 104 77
14 115 25
14 117 1
14 118 44
14 122 53
14 126 90
14 129 3
14 136 81
14 137 30
14 139 49
14 140 3
14 141 36
14 144 99
14 150 38
14 159 9
14 168 99
14 178 63
14 192 12
14 194 8
14 195 89
14 197 41
15 30 86
15 31 51
15 32 23
15 34 4
15 35 35
15 36 56
15 38 57
15 39 96
15 41 81
15 42 66
15 43 96
15 44 90
15 46 100
15 47 81
15 48 29
15 49 74
15 55 20
15 57 90
15 58 49
15 59 88
15 67 56
15 85 100
15 91 66
15 94 17
15 95 11
15 120 34
15 127 65
15 132 40
15 152 93
15 153 84
15 158 92
15 169 99
15 173 95
15 183 94
15 188 93
16 30 23
16 31 97
16 32 12
16 34 5
16 35 71
16 36 92
16 37 37
16 38 28
16 40 88
16 41 33
16 42 47
16 44 46
16 47 45
16 48 96
16 53 23
16 54 61
16 56 76
16 60 36
16 68 23
16 69 38
16 77 37
16 79 91
16 89 78
16 94 83
16 97 24
16 108 14
16 115 33
16 133 25
16 143 8
16 147 38
16 154 83
16 159 22
16 164 50
16 175 57
16 177 62
16 194 23
16 195 26
16 196 58
17 30 69
17 31 94
17 32 4
17 33 85
17 34 25
17 35 10
17 36 49
17 37 21
17 39 95
17 40 42
17 42 54
17 43 65
17 44 34
17 47 39
17 49 95
17 50 26
17 51 42
17 52 35
17 53 90
17 55 21
17 56 7
17 58 87
17 63 94
17 64 70
17 66 68
17 67 42
17 68 27
17 77 71
17 79 92
17 83 52
17 90 17
17 95 53
17 96 32
17 100 37
17 102 14
17 106 49
17 107 86
17 115 99
17 119 87
17 128 79
17 134 19
17 137 83
17 142 75
17 146 13
17 147 33
17 161 51
17 163 30
17 170 37
17 172 63
17 175 9
17 176 62
17 187 40
17 195 40
17 198 8
18 30 15
18 31 24
18 32 39
18 34 80
18 35 32
18 37 69
18 39 58
18 40 70
18 42 71
18 43 8
18 44 95
18 46 17
18 51 74
18 52 3
18 55 78
18 58 10
18 60 25
18 67 11
18 73 70
18 79 97
18 82 7
18 89 90
18 92 53
18 93 21
18 95 94
18 99 26
18 103 12
18 104 97
18 107 80
18 109 57
18 110 17
18 111 37
18 119 6
18 124 47
18 132 82
18 147 28
18 149 86
18 152 59
18 154 64
18 157 73
18 173 19
18 188 52
19 30 79
19 31 83
19 32 87
19 33 12
19 34 81
19 35 61
19 37 66
19 38 99
19 39 97
19 42 15
19 46 37
19 48 50
19 50 11
19 60 64
19 61 39
19 62 34
19 64 92
19 71 97
19 79 98
19 82 49
19 86 7
19 88 48
19 90 8
19 99 91
19 105 56
19 106 2
19 110 25
19 120 87
19 130 94
19 134 13
19 135 60
19 138 38
19 139 63
19 154 49
19 158 43
19 167 48
19 169 56
19 199 4
20 30 15
20 31 32
20 32 18
20 33 36
20 35 71
20 36 96
20 37 82
20 39 92
20 41 64
20 42 59
20 43 5
20 45 94
20 46 75
20 52 87
20 54 43
20 64 38
20 66 31
20 67 12
20 80 1
20 89 61
20 91 13
20 95 33
20 117 6
20 118 1
20 119 61
20 135 99
20 138 41
20 139 97
20 163 34
20 178 54
20 187 53
21 30 62
21 31 44
21 33 67
21 34 47
21 35 93
21 36 44
21 37 47
21 39 59
21 40 59
21 45 55
21 46 23
21 48 100
21 51 25
21 54 39
21 56 53
21 58 54
21 66 23
21 67 83
21 69 4
21 75 13
21 76 37
21 77 30
21 88 75
21 95 38
21 125 28
21 127 44
21 135 87
21 139 57
21 147 71
21 154 100
21 166 66
21 168 49
21 193 90
22 30 46
22 31 8
22 32 85
22 33 18
22 34 77
22 35 91
22 36 40
22 38 91
22 39 93
22 40 8
22 41 27
22 42 78
22 43 93
22 44 2
22 45 74
22 46 14
22 47 72
22 48 11
22 49 83
22 55 30
22 58 50
22 59 39
22 60 28
22 61 92
22 64 56
22 65 44
22 66 94
22 67 13
22 72 79
22 74 28
22 75 7
22 76 1
22 78 38
22 81 3
22 84 13
22 86 44
22 89 72
22 90 52
22 91 67
22 94 25
22 96 80
22 104 38
22 105 6
22 107 11
22 111 67
22 119 66
22 124 18
22 128 40
22 133 67
22 135 17
22 137 98
22 138 50
22 139 12
22 143 21
22 144 57
22 150 30
22 159 98
22 161 13
22 165 39
22 171 79
22 174 71
22 175 28
22 179 34
22 185 96
23 30 46
23 31 41
23 32 94
23 33 16
23 34 8
23 36 71
23 37 46
23 38 74
23 41 2
23 42 89
23 43 54
23 53 14
23 54 73
23 55 79
23 56 81
23 60 86
23 62 35
23 63 31
23 65 72
23 69 46
23 74 84
23 75 62
23 77 92
23 78 25
23 81 30
23 85 88
23 86 82
23 87 70
23 89 33
23 90 86
23 91 4
23 92 45
23 93 80
23 101 52
23 107 11
23 109 20
23 110 27
23 111 32
23 112 4
23 116 73
23 121 60
23 127 96
23 134 12
23 142 16
23 146 43
23 159 6
23 166 24
23 167 7
23 169 67
23 172 44
23 174 42
23 178 80
23 180 90
23 187 23
23 193 27
24 30 48
24 31 58
24 32 52
24 33 10
24 35 84
24 36 62
24 38 17
24 40 36
24 42 2
24 43 87
24 45 51
24 48 32
24 51 36
24 53 84
24 58 30
24 59 95
24 60 78
24 63 70
24 64 69
24 65 49
24 66 9
24 67 26
24 72 55
24 79 6
24 80 80
24 84 8
24 90 91
24 92 98
24 93 1
24 98 42
24 101 81
24 102 50
24 104 5
24 120 60
24 124 69
24 125 53
24 129 60
24 130 78
24 132 96
24 148 77
24 151 64
24 155 14
24 158 7
24 159 28
24 161 68
24 184 16
24 189 26
24 191 15
24 192 84
24 194 64
25 30 4
25 31 23
25 32 33
25 33 84
25 34 68
25 38 89
25 39 16
25 40 28
25 41 65
25 43 76
25 47 70
25 51 27
25 53 74
25 54 5
25 55 88
25 57 73
25 59 42
25 62 39
25 63 15
25 66 99
25 68 27
25 77 66
25 82 39
25 91 22
25 99 6
25 102 47
25 105 71
25 116 11
25 118 7
25 124 99
25 131 6
25 133 29
25 138 94
25 139 25
25 142 81
25 147 1
25 157 26
25 171 74
25 173 35
25 175 73
25 179 83
25 183 62
25 190 62
25 191 17
26 30 27
26 31 56
26 33 45
26 34 31
26 35 86
26 36 98
26 45 1
26 51 78
26 54 100
26 59 4
26 61 57
26 69 14
26 73 19
26 74 16
26 78 81
26 82 36
26 87 8
26 101 3
26 107 42
26 109 14
26 120 58
26 122 22
26 127 25
26 146 81
26 159 89
26 163 51
26 174 70
26 175 52
26 193 17
26 195 13
26 196 16
27 30 42
27 31 7
27 33 6
27 35 58
27 37 12
27 38 19
27 39 63
27 41 55
27 46 13
27 49 82
27 57 18
27 73 88
27 77 98
27 82 12
27 86 84
27 87 34
27 89 52
27 107 42
27 109 52
27 113 39
27 114 58
27 123 42
27 128 10
27 134 46
27 154 66
27 179 76
27 180 78
27 184 31
27 186 11
28 30 35
28 31 4
28 32 40
28 33 71
28 34 16
28 37 83
28 38 64
28 40 99
28 41 41
28 44 85
28 45 92
28 49 22
28 51 83
28 52 53
28 55 24
28 60 74
28 64 25
28 67 82
28 76 79
28 97 48
28 100 56
28 101 9
28 106 2
28 108 73
28 112 63
28 113 24
28 115 40
28 124 86
28 129 79
28 140 58
28 141 75
28 143 14
28 147 93
28 152 78
28 157 70
28 158 29
28 169 92
28 176 64
28 190 29
28 191 3
28 192 34
28 196 34
29 30 6
29 31 96
29 32 87
29 33 93
29 35 16
29 36 27
29 37 56
29 38 33
29 39 51
29 40 15
29 41 82
29 42 4
29 43 39
29 44 67
29 45 15
29 50 16
29 52 39
29 53 64
29 54 5
29 55 11
29 56 31
29 59 39
29 61 64
29 64 67
29 71 6
29 72 97
29 79 99
29 81 93
29 93 54
29 94 30
29 98 31
29 107 38
29 114 84
29 117 46
29 118 14
29 119 31
29 120 33
29 122 82
29 128 94
29 131 87
29 132 24
29 133 19
29 134 74
29 146 34
29 147 9
29 155 7
29 157 54
29 164 86
29 170 66
29 181 45
29 183 21
29 194 66
29 195 33
30 31 54
30 32 56
30 33 53
30 34 59
30 35 69
30 36 16
30 37 1
30 38 42
30 39 58
30 40 100
30 41 77
30 42 33
30 43 50
30 44 79
30 47 12
30 48 21
30 49 73
30 51 47
30 53 95
30 56 52
30 57 27
30 58 60
30 60 73
30 61 72
30 62 78
30 64 80
30 65 53
30 66 71
30 67 54
30 69 81
30 70 91
30 71 89
30 72 40
30 74 33
30 78 50
30 79 83
30 80 26
30 81 52
30 82 69
30 84 26
30 85 79
30 87 18
30 90 39
30 93 77
30 94 84
30 96 64
30 97 82
30 98 8
30 99 64
30 100 59
30 103 34
30 104 5
30 106 7
30 108 40
30 110 17
30 117 58
30 118 68
30 120 66
30 121 31
30 122 16
30 124 25
30 125 5
30 127 85
30 135 58
30 136 92
30 138 82
30 141 57
30 144 80
30 145 22
30 149 36
30 150 50
30 151 58
30 152 11
30 153 72
30 154 54
30 155 88
30 163 92
30 166 50
30 167 41
30 170 88
30 177 26
30 186 32
30 190 38
30 193 22
30 194 26
30 195 30
30 196 59
30 197 73
30 198 44
31 32 89
31 33 24
31 34 48
31 35 89
31 36 70
31 37 5
31 38 14
31 39 74
31 40 51
31 41 79
31 42 44
31 43 30
31 44 44
31 45 17
31 46 19
31 47 37
31 48 63
31 49 82
31 50 68
31 51 44
31 52 64
31 53 72
31 54 75
31 56 61
31 57 46
31 58 11
31 59 86
31 60 51
31 61 58
31 62 64
31 63 89
31 65 29
31 68 42
31 69 11
31 70 71
31 71 77
31 73 20
31 80 9
31 81 9
31 82 79
31 83 94
31 86 62
31 87 38
31 88 58
31 89 5
31 90 21
31 91 62
31 94 32
31 95 94
31 98 30
31 100 77
31 105 63
31 109 99
31 110 49
31 114 94
31 116 43
31 118 46
31 120 58
31 124 24
31 127 84
31 128 7
31 129 6
31 130 28
31 135 73
31 137 64
31 140 31
31 141 92
31 145 23
31 147 1
31 150 52
31 152 82
31 154 18
31 155 77
31 165 71
31 168 70
31 170 32
31 173 13
31 176 32
31 177 6
31 180 97
31 185 74
31 187 31
31 189 65
31 190 12
31 196 37
31 197 8
31 199 35
32 33 73
32 34 4
32 35 22
32 36 100
32 37 41
32 38 84
32 39 81
32 40 98
32 41 85
32 42 82
32 45 23
32 46 46
32 47 44
32 50 85
32 52 77
32 53 20
32 54 43
32 55 68
32 56 77
32 57 24
32 59 55
32 60 40
32 61 83
32 66 88
32 67 42
32 69 43
32 71 58
32 74 90
32 75 91
32 78 60
32 80 35
32 81 30
32 82 69
32 83 27
32 86 29
32 87 1
32 89 48
32 92 58
32 94 39
32 95 84
32 98 18
32 99 23
32 101 80
32 103 48
32 107 86
32 112 99
32 113 30
32 122 40
32 123 74
32 124 94
32 125 70
32 134 83
32 136 74
32 140 50
32 142 88
32 144 64
32 148 45
32 152 7
32 153 61
32 155 52
32 159 5
32 160 76
32 164 44
32 169 24
32 171 55
32 176 6
32 179 11
32 180 3
32 183 13
32 187 17
32 188 54
32 190 24
32 193 29
32 196 81
33 34 62
33 35 46
33 36 45
33 37 54
33 38 64
33 39 32
33 40 66
33 41 30
33 43 25
33 44 56
33 45 27
33 46 75
33 47 93
33 48 19
33 49 59
33 50 44
33 51 65
33 52 65
33 54 38
33 55 97
33 57 32
33 58 27
33 59 77
33 60 40
33 61 23
33 62 57
33 63 72
33 66 15
33 68 46
33 72 62
33 73 95
33 75 98
33 78 71
33 79 28
33 80 88
33 81 49
33 82 92
33 83 12
33 84 63
33 85 52
33 86 94
33 87 98
33 88 56
33 90 55
33 91 31
33 94 22
33 95 86
33 99 32
33 100 72
33 103 63
33 104 36
33 108 86
33 113 67
33 114 46
33 115 76
33 116 50
33 118 20
33 125 81
33 126 26
33 127 11
33 135 51
33 138 96
33 141 39
33 147 47
33 150 60
33 152 34
33 155 47
33 156 78
33 157 92
33 158 26
33 160 87
33 162 15
33 166 57
33 168 26
33 175 83
33 181 68
33 182 36
33 183 11
33 184 59
33 187 46
33 189 37
33 199 24
34 35 94
34 36 55
34 37 63
34 38 14
34 39 73
34 40 78
34 41 90
34 42 93
34 43 46
34 44 32
34 45 63
34 46 36
34 47 79
34 48 60
34 49 6
34 50 74
34 51 83
34 52 6
34 53 38
34 55 68
34 56 27
34 57 82
34 58 42
34 59 80
34 60 9
34 61 44
34 63 99
34 64 83
34 65 50
34 66 55
34 69 56
34 70 19
34 71 18
34 74 29
34 76 34
34 77 60
34 78 65
34 79 56
34 82 90
34 83 81
34 84 96
34 85 72
34 86 100
34 88 22
34 90 22
34 92 40
34 94 45
34 95 78
34 96 77
34 98 46
34 100 24
34 102 23
34 103 9
34 106 94
34 107 55
34 110 45
34 111 100
34 114 31
34 115 79
34 117 52
34 119 51
34 121 31
34 122 41
34 123 28
34 125 92
34 127 67
34 129 64
34 130 80
34 132 91
34 133 41
34 136 83
34 137 17
34 138 40
34 140 48
34 142 96
34 143 41
34 147 19
34 149 44
34 151 64
34 154 24
34 155 19
34 156 77
34 161 36
34 165 21
34 171 43
34 173 4
34 183 78
34 186 71
34 189 93
34 193 75
34 199 2
35 36 24
35 37 30
35 38 18
35 39 65
35 40 59
35 41 36
35 42 92
35 43 49
35 45 26
35 46 11
35 47 55
35 48 33
35 50 27
35 52 100
35 54 75
35 55 17
35 56 47
35 57 31
35 61 38
35 62 18
35 64 66
35 65 34
35 68 54
35 73 38
35 74 21
35 75 87
35 79 42
35 81 56
35 85 96
35 86 48
35 88 81
35 89 26
35 90 52
35 92 39
35 93 67
35 95 5
35 96 15
35 97 12
35 98 42
35 101 76
35 102 90
35 105 9
35 108 19
35 110 91
35 111 99
35 112 60
35 113 85
35 115 90
35 117 69
35 118 47
35 119 38
35 120 72
35 122 10
35 123 77
35 125 30
35 126 49
35 128 75
35 130 27
35 133 43
35 135 64
35 137 81
35 141 28
35 142 22
35 148 78
35 149 83
35 150 3
35 151 87
35 159 55
35 160 73
35 162 47
35 164 21
35 165 73
35 168 23
35 173 80
35 181 7
35 184 90
35 186 6
35 189 20
35 192 74
35 196 87
35 197 50
35 198 79
36 37 77
36 38 61
36 39 29
36 40 79
36 41 35
36 42 26
36 43 90
36 44 93
36 45 100
36 46 98
36 47 11
36 48 41
36 49 78
36 50 33
36 51 56
36 52 55
36 53 1
36 54 9
36 55 62
36 57 71
36 58 28
36 60 33
36 61 36
36 62 32
36 67 97
36 68 6
36 69 75
36 72 18
36 76 6
36 78 12
36 79 69
36 80 32
36 81 2
36 82 72
36 85 89
36 86 97
36 87 60
36 89 72
36 91 64
36 94 2
36 104 2
36 108 29
36 117 9
36 122 12
36 123 53
36 126 100
36 128 39
36 130 83
36 131 82
36 137 63
36 142 29
36 143 13
36 144 40
36 147 98
36 148 12
36 151 13
36 152 51
36 154 70
36 155 96
36 159 57
36 165 27
36 166 23
36 167 80
36 168 78
36 169 17
36 170 13
36 171 89
36 174 80
36 176 52
36 178 42
36 179 13
36 181 7
36 182 79
36 186 22
36 188 89
36 193 81
36 194 15
36 199 47
37 38 12
37 39 6
37 40 26
37 41 64
37 42 52
37 43 12
37 44 96
37 45 18
37 46 87
37 47 57
37 48 33
37 49 87
37 51 4
37 52 15
37 53 60
37 55 83
37 57 58
37 60 69
37 62 25
37 63 98
37 64 61
37 65 57
37 66 99
37 67 28
37 70 15
37 71 61
37 74 32
37 77 34
37 80 85
37 81 70
37 85 16
37 90 91
37 91 13
37 92 23
37 93 18
37 94 92
37 95 77
37 98 48
37 105 13
37 107 31
37 111 10
37 112 69
37 114 63
37 116 25
37 117 77
37 118 17
37 120 76
37 124 5
37 125 44
37 130 31
37 135 92
37 136 56
37 137 16
37 138 49
37 139 45
37 143 67
37 144 37
37 145 96
37 149 55
37 151 41
37 152 20
37 157 70
37 160 15
37 163 25
37 164 99
37 165 53
37 166 31
37 167 11
37 168 50
37 181 44
37 192 92
37 199 44
38 39 31
38 40 53
38 41 37
38 42 94
38 43 57
38 44 55
38 45 7
38 46 35
38 47 3
38 48 75
38 49 64
38 50 63
38 51 38
38 56 85
38 57 8
38 58 97
38 59 29
38 62 3
38 65 70
38 68 9
38 69 76
38 70 73
38 75 51
38 76 80
38 79 23
38 83 98
38 85 84
38 86 28
38 87 21
38 88 77
38 90 76
38 93 39
38 94 16
38 97 12
38 99 94
38 103 63
38 106 78
38 107 27
38 109 51
38 110 91
38 113 44
38 116 83
38 118 58
38 119 13
38 125 67
38 127 92
38 128 56
38 129 43
38 131 70
38 132 45
38 133 9
38 138 94
38 140 42
38 145 22
38 148 76
38 154 44
38 159 44
38 161 90
38 174 98
38 179 14
38 183 54
38 184 59
38 186 32
38 189 93
38 198 90
39 40 16
39 41 43
39 43 34
39 44 55
39 45 48
39 46 65
39 47 64
39 48 86
39 49 83
39 50 21
39 51 57
39 52 88
39 53 14
39 54 58
39 55 60
39 56 37
39 61 71
39 62 34
39 63 62
39 64 99
39 67 100
39 70 95
39 73 91
39 74 55
39 75 38
39 76 35
39 80 4
39 82 98
39 83 16
39 84 2
39 87 34
39 88 5
39 89 36
39 92 49
39 98 3
39 99 59
39 102 2
39 103 1
39 104 2
39 107 19
39 110 27
39 114 9
39 116 60
39 122 25
39 129 39
39 130 19
39 132 96
39 134 13
39 136 16
39 138 13
39 141 23
39 142 38
39 146 83
39 150 13
39 153 21
39 160 78
39 164 93
39 176 41
39 180 45
39 183 12
39 186 72
39 190 66
39 194 4
40 43 79
40 44 17
40 45 36
40 46 78
40 48 1
40 49 31
40 50 66
40 51 67
40 52 76
40 54 1
40 56 89
40 57 26
40 58 72
40 59 3
40 60 60
40 61 98
40 63 35
40 64 61
40 66 25
40 67 59
40 68 7
40 69 58
40 70 82
40 71 68
40 74 57
40 75 93
40 79 29
40 82 54
40 84 13
40 88 22
40 93 29
40 94 4
40 97 76
40 100 32
40 101 22
40 109 23
40 110 6
40 111 17
40 112 39
40 114 90
40 115 34
40 124 35
40 125 70
40 126 51
40 133 56
40 137 29
40 150 48
40 153 46
40 156 98
40 159 75
40 161 85
40 162 90
40 163 13
40 166 86
40 167 25
40 170 79
40 174 42
40 175 25
40 178 8
40 180 37
40 181 76
40 184 80
40 185 77
40 193 77
41 43 30
41 44 30
41 47 91
41 48 33
41 49 56
41 50 96
41 52 23
41 53 50
41 56 63
41 58 66
41 60 68
41 61 96
41 63 72
41 64 94
41 65 98
41 67 16
41 71 92
41 72 38
41 73 42
41 74 95
41 75 44
41 77 70
41 80 3
41 82 78
41 87 42
41 89 82
41 92 18
41 93 33
41 99 13
41 100 54
41 102 82
41 103 97
41 106 3
41 109 74
41 110 13
41 111 42
41 114 67
41 117 25
41 119 57
41 121 8
41 123 43
41 125 45
41 126 81
41 127 31
41 128 24
41 135 58
41 140 21
41 141 99
41 144 52
41 145 7
41 149 11
41 153 65
41 154 69
41 156 21
41 158 94
41 160 15
41 161 82
41 163 89
41 165 89
41 166 15
41 168 8
41 175 2
41 179 43
41 180 62
41 181 91
41 182 99
41 185 85
41 187 72
41 189 60
41 192 65
41 195 66
42 43 91
42 44 27
42 46 65
42 47 27
42 49 56
42 50 7
42 51 56
42 52 91
42 53 84
42 54 29
42 55 43
42 56 100
42 58 38
42 59 1
42 60 21
42 63 80
42 64 32
42 65 53
42 68 45
42 70 5
42 71 2
42 72 67
42 75 30
42 76 71
42 77 1
42 78 70
42 79 9
42 80 70
42 82 35
42 84 68
42 86 53
42 88 77
42 89 30
42 90 39
42 91 85
42 92 96
42 98 27
42 99 49
42 100 33
42 101 27
42 106 20
42 108 100
42 109 40
42 110 28
42 113 16
42 115 45
42 117 22
42 118 70
42 121 42
42 124 80
42 132 8
42 136 32
42 145 90
42 146 4
42 147 49
42 149 58
42 151 39
42 152 60
42 153 11
42 156 73
42 158 60
42 160 27
42 164 40
42 168 83
42 169 20
42 170 78
42 171 67
42 174 87
42 180 48
42 184 76
42 188 92
42 189 68
42 190 88
42 193 56
42 196 35
43 44 86
43 45 41
43 46 23
43 49 92
43 51 67
43 53 97
43 54 80
43 55 80
43 59 78
43 60 8
43 61 13
43 62 5
43 63 32
43 64 62
43 66 94
43 69 76
43 71 78
43 73 71
43 75 16
43 76 79
43 78 49
43 79 17
43 80 82
43 81 2
43 86 86
43 87 56
43 88 52
43 89 90
43 94 11
43 96 26
43 98 22
43 99 19
43 107 3
43 109 89
43 111 17
43 114 35
43 117 7
43 122 36
43 125 71
43 126 61
43 127 71
43 129 27
43 132 45
43 149 94
43 151 89
43 154 20
43 156 15
43 158 3
43 163 20
43 167 45
43 176 62
43 183 59
43 184 53
43 185 28
43 186 13
43 188 76
43 192 91
43 198 7
43 199 63
44 45 33
44 46 61
44 47 45
44 48 38
44 49 95
44 50 61
44 51 14
44 52 8
44 53 15
44 54 31
44 55 21
44 57 64
44 59 76
44 60 60
44 61 30
44 64 53
44 65 32
44 66 6
44 67 57
44 69 33
44 70 42
44 75 99
44 76 62
44 79 95
44 80 51
44 81 83
44 83 71
44 84 7
44 86 99
44 89 8
44 90 35
44 92 22
44 95 22
44 96 83
44 98 15
44 99 21
44 100 40
44 103 23
44 104 92
44 106 27
44 112 21
44 113 74
44 115 36
44 116 53
44 118 87
44 120 87
44 121 88
44 122 8
44 123 62
44 127 6
44 129 76
44 131 85
44 133 87
44 134 11
44 136 9
44 140 72
44 141 41
44 148 61
44 149 92
44 150 21
44 152 51
44 153 27
44 155 20
44 158 74
44 160 48
44 163 3
44 164 80
44 171 96
44 173 97
44 176 5
44 178 84
44 185 17
44 188 54
44 193 64
44 195 68
44 198 12
44 199 13
45 46 100
45 47 97
45 49 44
45 50 64
45 51 7
45 54 2
45 55 17
45 56 87
45 62 55
45 64 13
45 66 88
45 67 50
45 69 26
45 70 25
45 71 40
45 72 33
45 73 57
45 74 68
45 76 66
45 77 2
45 78 73
45 80 53
45 81 33
45 82 22
45 85 38
45 88 88
45 91 88
45 93 33
45 94 91
45 95 35
45 96 42
45 98 42
45 101 100
45 105 79
45 109 18
45 115 51
45 118 83
45 120 73
45 121 91
45 122 76
45 124 57
45 125 34
45 128 70
45 131 22
45 132 7
45 133 49
45 136 85
45 140 58
45 144 69
45 145 3
45 149 58
45 150 8
45 151 59
45 160 68
45 162 16
45 165 98
45 170 85
45 177 94
45 178 53
45 182 27
45 185 61
45 186 86
45 188 18
45 190 62
45 192 63
45 193 67
45 195 24
46 48 84
46 49 77
46 50 39
46 51 3
46 52 85
46 54 13
46 56 82
46 57 22
46 58 13
46 61 41
46 62 59
46 63 88
46 66 44
46 67 1
46 68 86
46 71 56
46 72 27
46 73 4
46 74 17
46 75 38
46 78 32
46 81 30
46 83 97
46 84 17
46 88 14
46 90 48
46 97 79
46 99 35
46 100 20
46 101 27
46 102 22
46 105 62
46 107 87
46 108 25
46 113 60
46 114 98
46 120 19
46 121 25
46 123 22
46 127 99
46 135 56
46 141 17
46 146 28
46 159 95
46 163 45
46 165 7
46 175 84
46 180 1
46 182 49
46 184 10
46 187 11
46 188 71
46 194 54
46 197 24
46 198 97
47 48 28
47 49 81
47 50 68
47 52 81
47 53 3
47 54 58
47 56 55
47 60 91
47 61 41
47 63 71
47 67 17
47 70 10
47 71 92
47 74 67
47 75 37
47 76 49
47 78 30
47 81 22
47 82 70
47 100 1
47 102 86
47 103 17
47 110 23
47 114 78
47 117 13
47 118 24
47 119 97
47 125 46
47 126 43
47 131 68
47 133 54
47 134 91
47 136 46
47 147 44
47 158 83
47 167 70
47 180 43
47 184 74
48 49 76
48 50 9
48 53 53
48 55 46
48 56 8
48 57 8
48 58 51
48 59 79
48 62 86
48 63 34
48 64 54
48 66 91
48 68 40
48 69 96
48 70 3
48 72 92
48 76 71
48 78 87
48 80 40
48 82 86
48 83 33
48 87 8
48 91 37
48 92 37
48 94 42
48 95 99
48 97 34
48 98 90
48 101 30
48 105 93
48 108 47
48 112 60
48 116 5
48 120 51
48 123 23
48 133 8
48 140 44
48 141 71
48 142 89
48 148 55
48 152 43
48 153 96
48 156 56
48 157 13
48 158 90
48 159 40
48 160 81
48 170 44
48 172 72
48 173 40
48 179 62
48 183 7
48 187 60
49 50 72
49 51 20
49 52 62
49 54 14
49 55 63
49 58 6
49 60 9
49 61 10
49 63 26
49 64 62
49 65 28
49 66 61
49 67 8
49 68 4
49 70 71
49 71 84
49 72 25
49 81 45
49 82 55
49 84 54
49 86 73
49 88 8
49 90 20
49 91 86
49 92 89
49 93 9
49 98 56
49 114 22
49 117 29
49 123 47
49 124 68
49 126 50
49 127 89
49 136 54
49 139 9
49 140 94
49 141 89
49 144 4
49 147 11
49 150 68
49 152 69
49 165 43
49 172 59
49 176 82
49 184 93
49 187 67
49 198 55
50 52 82
50 53 89
50 54 87
50 56 53
50 59 79
50 62 78
50 64 14
50 67 75
50 68 54
50 70 100
50 72 78
50 74 19
50 77 78
50 84 27
50 87 93
50 90 46
50 91 42
50 92 76
50 93 1
50 96 6
50 99 73
50 104 33
50 106 28
50 108 86
50 112 66
50 117 50
50 119 5
50 121 41
50 125 36
50 127 100
50 129 64
50 133 95
50 134 13
50 137 51
50 140 32
50 142 5
50 143 15
50 146 33
50 149 90
50 151 94
50 154 78
50 155 29
50 156 64
50 157 83
50 159 52
50 162 39
50 164 98
50 167 66
50 175 26
50 178 35
50 181 71
50 184 10
50 185 9
50 189 14
50 190 63
51 55 68
51 58 20
51 61 44
51 62 1
51 64 36
51 67 91
51 70 79
51 72 28
51 73 52
51 76 100
51 77 47
51 79 68
51 82 89
51 83 68
51 88 38
51 89 68
51 91 67
51 93 100
51 94 10
51 96 23
51 97 49
51 99 99
51 101 38
51 103 33
51 105 38
51 111 10
51 115 94
51 119 93
51 120 71
51 121 10
51 123 7
51 129 48
51 133 85
51 136 84
51 137 86
51 147 28
51 153 8
51 162 73
51 166 41
51 170 65
51 171 16
51 176 70
51 189 35
51 192 16
52 53 1
52 55 71
52 57 62
52 59 84
52 60 22
52 62 15
52 63 83
52 66 97
52 68 96
52 69 96
52 70 25
52 78 32
52 89 95
52 91 96
52 92 71
52 96 94
52 97 80
52 98 12
52 102 63
52 108 75
52 109 69
52 110 97
52 111 61
52 112 83
52 113 70
52 114 14
52 119 18
52 122 41
52 127 57
52 134 57
52 135 41
52 140 38
52 141 1
52 149 39
52 151 56
52 157 10
52 170 82
52 179 1
52 194 7
52 195 31
53 55 35
53 56 43
53 57 82
53 58 58
53 59 18
53 60 96
53 65 67
53 67 9
53 69 78
53 70 35
53 71 35
53 73 88
53 74 10
53 78 83
53 80 13
53 81 12
53 83 17
53 84 68
53 87 70
53 90 9
53 95 100
53 96 95
53 97 82
53 98 26
53 99 66
53 100 61
53 108 50
53 110 48
53 111 89
53 113 52
53 115 85
53 116 22
53 121 49
53 122 36
53 132 81
53 134 29
53 138 80
53 145 62
53 149 66
53 153 43
53 155 15
53 158 60
53 161 24
53 168 54
53 173 28
53 175 67
53 178 93
53 179 98
53 180 82
53 181 54
53 182 69
53 185 55
53 188 49
53 190 62
53 192 54
54 55 55
54 56 6
54 57 42
54 58 55
54 59 25
54 60 9
54 61 54
54 62 55
54 63 25
54 65 48
54 68 66
54 69 65
54 71 89
54 72 18
54 73 81
54 74 19
54 75 79
54 81 3
54 84 22
54 87 100
54 88 4
54 92 62
54 93 21
54 94 32
54 96 58
54 105 46
54 106 13
54 111 28
54 125 11
54 128 34
54 129 100
54 131 94
54 132 36
54 136 51
54 142 7
54 161 47
54 172 52
54 176 29
54 181 70
54 194 66
54 196 47
54 198 34
55 57 14
55 58 12
55 61 52
55 64 22
55 65 7
55 68 80
55 69 74
55 72 46
55 73 94
55 75 99
55 76 5
55 79 53
55 81 58
55 83 40
55 85 84
55 86 43
55 87 65
55 88 98
55 89 15
55 91 79
55 95 7
55 96 17
55 98 46
55 99 54
55 100 5
55 102 71
55 104 84
55 105 90
55 106 52
55 108 96
55 110 32
55 111 89
55 113 78
55 114 76
55 115 22
55 123 91
55 128 52
55 129 52
55 136 51
55 141 12
55 143 11
55 146 41
55 148 81
55 149 99
55 150 70
55 155 20
55 161 20
55 166 86
55 171 44
55 178 49
55 183 31
55 184 11
55 198 94
55 199 94
56 57 67
56 58 6
56 59 95
56 63 80
56 64 77
56 65 100
56 66 80
56 67 36
56 70 32
56 71 37
56 74 85
56 75 31
56 76 34
56 77 20
56 78 83
56 79 70
56 82 71
56 83 2
56 84 51
56 88 4
56 90 18
56 91 19
56 94 61
56 95 76
56 99 63
56 100 64
56 101 69
56 104 82
56 106 7
56 109 80
56 112 25
56 117 5
56 120 57
56 124 94
56 129 86
56 130 78
56 134 24
56 135 97
56 139 90
56 143 13
56 149 98
56 150 53
56 153 9
56 155 28
56 156 73
56 157 39
56 162 40
56 165 78
56 170 14
56 171 44
56 174 23
56 178 63
56 184 37
56 188 81
56 193 2
56 195 50
56 198 70
57 59 15
57 62 46
57 68 15
57 70 35
57 74 79
57 75 87
57 76 33
57 79 97
57 80 62
57 81 46
57 82 86
57 85 32
57 96 66
57 101 61
57 108 78
57 111 41
57 117 88
57 126 90
57 131 37
57 139 29
57 151 9
57 154 13
57 159 18
57 177 2
57 185 55
57 186 18
57 190 49
58 65 10
58 66 61
58 67 92
58 74 72
58 78 68
58 81 75
58 83 59
58 85 8
58 93 95
58 99 39
58 101 62
58 102 2
58 105 71
58 113 63
58 122 16
58 123 84
58 126 29
58 131 12
58 132 62
58 139 94
58 151 84
58 155 22
58 156 29
58 157 84
58 161 46
58 163 13
58 169 29
58 177 5
58 178 29
58 179 82
59 62 58
59 65 29
59 66 92
59 68 57
59 69 98
59 70 67
59 73 57
59 74 21
59 76 3
59 77 90
59 78 28
59 81 48
59 82 66
59 85 38
59 86 93
59 88 12
59 93 15
59 97 49
59 100 83
59 102 95
59 103 88
59 104 52
59 105 9
59 107 51
59 108 91
59 109 81
59 110 60
59 111 73
59 112 85
59 113 72
59 115 68
59 116 66
59 119 68
59 121 93
59 131 88
59 133 96
59 137 77
59 139 62
59 140 41
59 142 30
59 144 39
59 148 60
59 172 97
59 173 44
59 174 27
59 177 69
59 179 38
59 180 5
59 182 15
59 184 6
59 192 34
60 61 17
60 62 59
60 65 49
60 67 20
60 68 34
60 69 43
60 70 17
60 75 61
60 76 75
60 78 39
60 80 32
60 87 76
60 88 95
60 89 52
60 92 37
60 93 33
60 95 41
60 98 73
60 102 42
60 107 56
60 116 71
60 123 46
60 129 86
60 131 17
60 137 89
60 139 99
60 142 56
60 144 18
60 146 84
60 148 39
60 149 28
60 153 59
60 157 70
60 163 94
60 166 85
60 174 31
60 176 90
60 177 12
60 181 71
60 182 71
60 199 20
61 62 96
61 63 86
61 65 46
61 68 64
61 74 100
61 75 54
61 78 33
61 81 92
61 84 89
61 85 4
61 90 1
61 97 3
61 101 68
61 102 22
61 117 89
61 118 30
61 126 28
61 127 62
61 130 85
61 135 75
61 138 60
61 140 31
61 141 33
61 143 74
61 144 5
61 145 60
61 146 67
61 153 10
61 156 38
61 157 74
61 160 55
61 167 89
61 170 20
61 172 32
61 173 2
61 174 4
61 175 10
61 177 1
61 181 65
61 186 100
61 189 13
61 195 26
61 196 30
61 197 46
62 63 60
62 64 32
62 65 28
62 68 4
62 72 48
62 73 72
62 77 42
62 84 92
62 86 78
62 87 52
62 88 41
62 89 77
62 92 29
62 96 76
62 97 99
62 98 94
62 102 18
62 104 77
62 106 65
62 109 93
62 112 63
62 120 47
62 121 35
62 129 34
62 130 75
62 135 82
62 137 76
62 138 24
62 141 48
62 143 33
62 144 33
62 145 88
62 148 12
62 150 3
62 154 87
62 161 13
62 165 99
62 168 58
62 172 29
62 180 74
62 181 33
62 185 35
62 189 65
62 191 21
63 71 78
63 72 23
63 83 85
63 87 78
63 98 77
63 104 89
63 111 69
63 117 59
63 118 63
63 120 93
63 130 2
63 131 56
63 136 49
63 150 12
63 151 71
63 165 40
63 174 31
63 175 15
63 179 25
63 181 64
63 189 42
63 191 36
63 192 55
63 196 1
63 197 2
64 65 88
64 66 76
64 73 70
64 74 71
64 76 34
64 79 23
64 83 1
64 85 25
64 95 47
64 96 18
64 111 3
64 113 42
64 119 94
64 123 96
64 124 60
64 126 40
64 129 53
64 132 93
64 140 55
64 143 19
64 144 85
64 154 24
64 156 24
64 158 51
64 169 88
64 177 16
64 185 39
64 189 12
64 191 90
65 70 68
65 71 64
65 72 35
65 76 1
65 77 70
65 84 85
65 87 23
65 90 23
65 93 30
65 96 58
65 99 90
65 100 36
65 102 58
65 107 59
65 108 13
65 109 27
65 111 43
65 113 78
65 116 11
65 118 74
65 122 7
65 134 73
65 136 57
65 137 19
65 138 12
65 145 5
65 146 22
65 148 19
65 152 8
65 158 54
65 160 12
65 164 35
65 165 45
65 166 58
65 171 17
65 175 19
65 179 32
65 192 2
65 195 44
65 196 7
66 67 20
66 68 3
66 69 14
66 70 53
66 71 15
66 72 14
66 73 95
66 79 85
66 85 35
66 91 52
66 93 46
66 97 48
66 104 76
66 105 4
66 108 79
66 119 89
66 124 70
66 130 37
66 148 90
66 151 97
66 159 54
66 160 24
66 161 17
66 164 88
66 177 62
66 186 3
66 187 46
66 190 59
67 69 83
67 73 23
67 77 25
67 83 97
67 84 68
67 89 68
67 97 2
67 103 36
67 107 39
67 108 17
67 125 35
67 130 95
67 132 10
67 138 48
67 139 83
67 140 94
67 141 83
67 142 4
67 163 26
67 172 72
67 173 72
67 177 62
67 181 91
67 188 54
67 197 59
68 71 46
68 72 37
68 73 98
68 76 69
68 77 90
68 79 40
68 83 20
68 84 58
68 85 67
68 88 67
68 90 95
68 94 30
68 96 40
68 106 67
68 110 52
68 113 51
68 116 58
68 123 60
68 136 92
68 140 29
68 148 25
68 153 75
68 154 73
68 169 15
68 192 31
68 194 49
69 71 53
69 73 54
69 75 68
69 77 1
69 78 41
69 79 80
69 81 19
69 83 56
69 85 25
69 87 8
69 92 67
69 95 85
69 96 8
69 97 72
69 98 13
69 100 92
69 106 20
69 112 69
69 115 71
69 116 51
69 119 65
69 120 80
69 123 81
69 124 36
69 130 95
69 131 44
69 135 62
69 138 36
69 144 80
69 145 33
69 149 83
69 159 95
69 161 57
69 167 51
69 171 39
69 172 51
69 177 82
69 178 38
69 192 35
70 76 33
70 78 63
70 82 24
70 85 44
70 86 95
70 96 13
70 97 74
70 99 11
70 102 49
70 105 11
70 109 60
70 114 24
70 115 84
70 121 8
70 133 37
70 136 72
70 143 29
70 147 30
70 148 48
70 154 69
70 162 47
70 180 71
70 181 84
70 185 69
71 76 90
71 81 78
71 82 86
71 85 52
71 93 70
71 96 71
71 97 53
71 99 88
71 100 18
71 101 11
71 103 94
71 104 28
71 107 86
71 108 60
71 110 53
71 111 94
71 114 76
71 118 15
71 119 90
71 122 39
71 126 31
71 127 7
71 131 58
71 134 94
71 141 96
71 143 31
71 146 23
71 149 56
71 156 16
71 157 10
71 168 95
71 169 81
71 170 88
71 172 6
71 173 5
71 179 22
71 185 59
71 187 4
71 189 65
71 197 11
71 198 72
72 74 68
72 77 62
72 80 28
72 82 57
72 85 50
72 101 61
72 103 64
72 110 62
72 121 49
72 125 10
72 128 36
72 137 18
72 142 96
72 150 29
72 153 81
72 154 93
72 160 20
72 167 47
72 169 79
72 184 62
72 191 39
72 194 97
72 197 6
73 78 11
73 83 39
73 84 20
73 91 17
73 99 29
73 100 74
73 112 92
73 114 41
73 115 72
73 116 80
73 121 14
73 124 97
73 129 8
73 131 47
73 134 17
73 140 29
73 142 92
73 154 61
73 160 43
73 164 53
73 168 87
73 170 55
73 181 85
73 187 43
73 191 97
73 197 40
74 75 55
74 76 31
74 77 28
74 80 92
74 83 52
74 87 60
74 95 90
74 97 79
74 105 95
74 107 44
74 131 40
74 132 38
74 137 49
74 142 15
74 148 80
74 160 49
74 161 40
74 163 54
74 164 24
74 173 23
74 174 28
74 182 25
74 185 49
74 186 39
74 199 24
75 76 86
75 77 77
75 80 81
75 81 67
75 84 79
75 92 94
75 94 53
75 98 75
75 103 89
75 112 46
75 114 5
75 125 19
75 133 17
75 134 24
75 136 46
75 141 89
75 144 78
75 149 64
75 150 48
75 151 11
75 152 100
75 153 50
75 154 96
75 157 77
75 173 91
75 176 81
75 183 82
75 196 84
76 77 29
76 78 92
76 80 66
76 86 49
76 87 6
76 92 67
76 93 82
76 107 8
76 112 33
76 114 67
76 115 20
76 128 52
76 134 55
76 139 22
76 144 62
76 145 26
76 158 41
76 160 71
76 179 58
76 183 23
76 194 84
76 197 35
76 198 32
77 80 38
77 82 56
77 83 77
77 84 56
77 89 20
77 92 32
77 93 8
77 96 49
77 100 19
77 104 28
77 124 72
77 131 42
77 134 6
77 142 29
77 153 56
77 160 32
77 177 51
77 178 77
77 184 38
77 185 99
77 188 35
77 198 84
78 79 54
78 84 80
78 85 7
78 89 54
78 91 33
78 92 77
78 99 42
78 100 100
78 104 15
78 109 28
78 110 53
78 112 87
78 113 31
78 116 22
78 121 7
78 123 31
78 127 13
78 134 56
78 135 33
78 136 41
78 137 67
78 138 56
78 144 81
78 154 100
78 162 49
78 163 47
78 166 5
78 175 47
78 178 61
78 188 91
78 193 91
79 80 62
79 86 6
79 88 34
79 91 35
79 92 84
79 95 2
79 98 81
79 100 58
79 101 75
79 102 11
79 103 29
79 104 95
79 109 18
79 112 41
79 114 56
79 122 63
79 126 6
79 128 33
79 132 65
79 143 34
79 146 44
79 155 2
79 157 72
79 164 87
79 165 68
79 193 27
79 194 31
79 198 25
80 91 13
80 103 36
80 106 98
80 108 19
80 113 2
80 120 32
80 123 39
80 126 29
80 128 54
80 141 98
80 143 49
80 144 88
80 153 77
80 164 29
80 177 94
80 182 84
80 189 80
80 196 4
81 82 78
81 83 57
81 85 39
81 96 87
81 97 87
81 100 22
81 101 74
81 102 17
81 104 32
81 105 80
81 106 9
81 107 66
81 109 39
81 112 98
81 113 61
81 118 16
81 120 18
81 127 15
81 132 79
81 136 6
81 137 77
81 138 33
81 140 63
81 141 5
81 142 89
81 146 62
81 156 22
81 159 9
81 162 27
81 171 46
81 174 13
81 183 52
82 88 53
82 97 9
82 113 32
82 120 70
82 141 24
82 145 100
82 152 8
82 160 39
82 162 100
82 163 52
82 164 82
82 166 38
82 171 33
82 182 98
82 187 41
83 103 86
83 105 57
83 106 97
83 110 6
83 113 39
83 114 38
83 139 32
83 143 58
83 144 2
83 148 97
83 159 8
83 160 97
83 163 96
83 182 76
83 183 59
83 184 6
83 185 45
83 186 61
83 192 16
83 194 47
83 196 94
83 197 65
84 85 4
84 86 40
84 87 65
84 89 50
84 91 60
84 94 45
84 95 74
84 105 14
84 107 75
84 108 73
84 109 68
84 113 1
84 119 56
84 121 49
84 126 44
84 128 84
84 132 81
84 137 79
84 143 14
84 145 33
84 147 29
84 152 53
84 165 79
84 166 91
84 167 89
84 169 32
84 172 67
84 173 59
84 187 5
84 194 94
84 196 84
85 87 96
85 89 97
85 104 69
85 108 47
85 111 99
85 118 40
85 122 78
85 136 36
85 146 98
85 162 61
85 163 68
85 164 17
85 169 66
85 173 14
85 177 6
85 178 100
85 180 49
85 183 51
85 184 34
85 191 52
86 88 5
86 90 31
86 104 64
86 129 5
86 133 98
86 139 7
86 156 58
86 157 6
86 158 36
86 161 71
86 169 95
86 171 78
86 175 69
86 179 96
86 194 16
86 198 99
87 91 61
87 93 16
87 95 86
87 104 2
87 115 78
87 122 69
87 128 50
87 130 30
87 132 69
87 139 93
87 148 89
87 172 49
87 177 75
87 180 44
87 185 57
87 187 43
87 195 98
87 198 31
88 94 7
88 97 57
88 105 32
88 112 19
88 121 96
88 122 98
88 123 4
88 124 81
88 128 70
88 130 86
88 132 53
88 135 95
88 138 60
88 146 69
88 155 8
88 161 91
88 163 1
88 169 74
88 173 33
88 174 48
88 176 41
88 180 3
88 183 64
88 187 52
88 190 55
88 194 54
88 195 6
89 91 74
89 92 6
89 94 87
89 101 67
89 103 63
89 109 85
89 111 9
89 116 49
89 117 10
89 120 24
89 124 88
89 125 40
89 127 89
89 129 6
89 134 41
89 135 72
89 136 7
89 156 23
89 159 11
89 165 48
89 170 12
89 179 29
89 183 92
89 191 37
89 195 41
90 93 51
90 98 47
90 105 20
90 107 82
90 113 73
90 116 25
90 119 11
90 122 54
90 128 76
90 139 58
90 140 5
90 143 42
90 148 49
90 159 13
90 162 60
90 166 43
90 175 23
90 181 12
90 187 4
91 101 32
91 102 71
91 103 41
91 106 70
91 111 20
91 122 3
91 123 100
91 124 18
91 126 69
91 147 15
91 151 94
91 152 35
91 166 94
91 167 16
91 171 29
91 181 44
91 190 15
91 191 73
91 193 100
92 94 82
92 95 52
92 100 84
92 101 68
92 109 25
92 110 87
92 111 50
92 112 34
92 118 84
92 119 60
92 121 92
92 124 30
92 133 73
92 139 22
92 148 48
92 159 4
92 171 17
92 173 24
92 188 80
92 199 25
93 100 29
93 101 75
93 102 17
93 111 52
93 121 19
93 123 78
93 126 70
93 131 29
93 144 93
93 155 22
93 156 14
93 160 58
93 162 99
93 166 28
93 168 78
93 169 76
93 172 35
93 173 39
93 174 7
93 175 29
93 182 42
94 100 76
94 101 55
94 105 19
94 112 35
94 113 73
94 114 82
94 121 39
94 125 38
94 128 9
94 132 54
94 139 63
94 140 58
94 145 61
94 148 79
94 159 10
94 161 10
94 167 47
94 175 84
94 176 47
94 178 59
94 190 72
94 194 84
95 97 20
95 102 50
95 103 56
95 105 57
95 107 100
95 109 94
95 111 2
95 114 63
95 119 72
95 120 65
95 126 35
95 130 84
95 131 49
95 137 91
95 144 29
95 146 25
95 147 47
95 152 67
95 158 50
95 161 13
95 169 92
95 171 7
95 177 88
95 183 64
96 97 94
96 106 50
96 125 97
96 128 89
96 137 40
96 141 37
96 144 79
96 149 86
96 160 90
96 167 77
96 168 12
96 170 33
96 182 73
96 185 28
96 192 58
96 198 71
97 100 20
97 102 78
97 109 64
97 115 58
97 126 69
97 131 14
97 134 66
97 135 80
97 141 1
97 148 63
97 167 93
97 168 65
97 170 36
97 184 54
97 185 81
97 193 41
97 195 16
97 199 82
98 102 61
98 104 53
98 106 6
98 116 75
98 118 56
98 119 52
98 130 65
98 133 14
98 137 39
98 140 13
98 142 72
98 143 4
98 144 48
98 162 31
98 163 6
98 170 14
98 175 4
98 186 81
98 199 6
99 106 51
99 119 34
99 123 58
99 124 93
99 130 46
99 135 33
99 156 67
99 158 82
99 162 53
99 172 65
99 173 94
99 186 71
100 102 85
100 104 66
100 107 19
100 108 21
100 109 88
100 115 88
100 116 47
100 119 42
100 121 97
100 124 94
100 125 60
100 127 2
100 133 1
100 145 12
100 155 1
100 157 14
100 166 27
100 168 73
100 169 83
100 171 11
100 173 56
100 177 44
100 180 9
100 186 52
100 191 50
100 196 52
101 103 22
101 108 30
101 112 6
101 120 89
101 127 36
101 129 46
101 137 19
101 138 18
101 149 19
101 169 56
101 176 53
101 182 12
101 184 75
101 190 67
101 192 100
101 193 18
102 131 71
102 164 90
102 167 15
102 168 8
102 180 62
102 192 31
103 104 20
103 109 22
103 115 34
103 129 57
103 139 65
103 143 41
103 145 83
103 155 46
103 158 36
103 162 45
103 165 23
103 171 62
103 175 11
103 197 27
104 107 57
104 115 33
104 116 97
104 118 26
104 120 55
104 123 15
104 128 4
104 138 63
104 139 31
104 144 94
104 150 72
104 152 91
104 155 95
104 178 97
104 180 15
104 181 12
104 182 87
104 195 72
104 199 78
105 106 8
105 107 43
105 110 82
105 119 94
105 120 85
105 122 54
105 124 48
105 134 35
105 138 99
105 145 42
105 149 47
105 151 25
105 164 55
105 166 43
105 173 34
105 188 65
105 189 82
105 190 38
105 197 57
106 110 14
106 111 51
106 114 93
106 120 43
106 146 73
106 150 76
106 167 18
106 171 8
106 188 83
106 193 64
106 194 96
106 196 8
106 199 29
107 108 22
107 117 54
107 123 4
107 126 94
107 128 52
107 130 34
107 133 95
107 142 37
107 143 22
107 166 19
107 179 12
107 187 46
107 195 53
107 196 91
107 199 3
108 113 97
108 117 36
108 119 16
108 121 45
108 130 93
108 138 8
108 145 20
108 150 89
108 153 88
108 157 39
108 163 80
108 164 59
108 165 4
108 166 12
108 168 38
108 172 97
108 174 30
108 179 19
108 181 85
108 185 47
108 187 24
108 190 9
108 198 47
109 123 16
109 143 72
109 144 14
109 189 100
110 116 39
110 132 37
110 133 9
110 154 34
110 155 47
110 156 54
110 162 57
110 168 93
110 171 20
110 174 100
110 178 77
110 191 29
110 196 8
111 113 47
111 117 58
111 119 67
111 120 82
111 131 19
111 134 62
111 138 17
111 146 1
111 153 34
111 156 8
111 162 78
111 187 5
111 188 3
111 190 13
111 191 96
111 198 53
112 116 44
112 121 96
112 125 64
112 127 37
112 129 44
112 135 79
112 141 39
112 162 28
112 172 16
112 174 98
112 187 80
112 192 39
113 114 88
113 115 20
113 127 8
113 175 20
113 177 79
114 118 12
114 122 7
114 130 9
114 143 47
114 154 93
114 168 33
114 176 73
114 181 10
114 182 15
114 184 58
114 185 61
114 190 58
114 191 47
114 192 59
115 129 8
115 137 46
115 142 99
115 147 99
115 148 24
115 156 31
115 157 58
115 187 62
115 197 37
116 127 8
116 133 49
116 141 5
116 142 100
116 147 100
116 150 77
116 153 61
116 157 24
116 177 17
117 132 71
117 147 33
117 155 47
117 165 93
117 168 24
117 178 26
117 185 56
118 121 79
118 134 24
118 152 68
118 155 82
118 162 11
118 163 30
118 165 1
118 174 10
118 183 98
118 190 87
118 197 41
119 121 17
119 130 55
119 136 71
119 138 8
119 158 87
119 161 93
119 170 73
119 174 1
119 175 95
120 132 32
120 143 28
120 148 37
120 149 38
120 150 81
120 151 64
120 152 83
120 153 12
120 156 100
120 182 99
121 123 17
121 125 66
121 131 11
121 132 68
121 143 67
121 146 59
121 151 27
121 168 51
121 171 81
121 178 20
121 180 80
121 191 11
121 193 81
121 197 26
122 128 56
122 142 3
122 157 31
122 159 63
122 173 69
122 182 19
122 184 4
122 199 93
123 136 9
123 140 11
123 153 47
123 160 33
123 164 17
123 168 86
123 170 1
123 171 63
123 176 32
123 180 42
123 191 26
123 195 74
124 131 2
124 133 41
124 135 51
124 149 16
124 167 1
124 171 98
125 126 69
125 139 88
125 153 51
125 154 74
125 159 16
125 172 29
125 176 21
125 185 51
125 186 59
125 192 9
126 131 99
126 139 4
126 147 34
126 152 95
126 165 78
126 167 42
126 176 25
127 132 22
127 145 33
127 150 79
127 177 87
127 179 53
127 180 26
127 188 67
127 193 99
127 196 11
128 137 36
128 151 45
128 153 79
128 158 41
128 165 73
128 176 30
128 183 90
128 186 18
128 189 77
128 197 88
128 199 28
129 131 75
129 143 46
129 155 57
129 158 74
129 163 28
129 164 18
129 168 64
129 172 77
130 135 42
130 136 62
130 146 1
130 156 37
130 157 63
130 186 40
130 187 67
130 190 96
130 191 97
130 193 36
130 194 83
130 196 81
131 139 8
131 141 77
131 145 32
131 147 62
131 153 5
131 155 78
131 160 7
131 171 71
131 172 47
131 190 18
131 193 21
131 194 12
132 152 7
132 174 95
132 179 63
132 187 33
132 195 93
133 143 9
133 151 83
133 181 82
134 142 6
134 148 93
134 179 30
134 190 28
135 137 4
135 140 59
135 146 43
135 151 79
135 155 94
135 162 19
135 166 20
135 168 17
135 176 74
135 178 23
135 179 50
135 181 95
135 191 52
136 143 86
136 145 84
136 152 99
136 164 32
136 166 84
136 178 33
136 199 60
137 139 74
137 156 66
138 142 15
138 146 47
138 156 11
138 157 67
138 161 42
138 162 74
138 164 40
138 179 67
138 186 31
139 150 25
139 152 26
139 169 76
139 173 89
140 152 27
140 155 41
140 159 63
140 172 31
140 181 66
140 189 79
140 191 32
140 196 85
140 198 85
141 153 71
141 157 80
141 160 97
141 169 93
142 145 13
142 151 22
142 156 45
142 161 46
142 168 82
142 169 6
142 186 98
142 193 53
142 194 20
142 198 37
143 146 75
143 150 89
143 158 22
143 170 96
143 171 40
144 148 85
144 178 76
144 188 84
144 192 78
145 148 63
145 157 6
145 158 74
145 163 26
145 170 26
145 188 97
146 152 77
146 162 57
146 166 54
146 175 58
146 184 10
146 195 26
146 197 83
147 148 46
147 151 73
147 157 28
147 158 65
147 161 14
147 169 71
147 172 29
147 177 77
147 195 56
148 149 18
148 151 53
148 159 74
148 162 53
148 163 73
148 170 35
148 173 90
148 181 44
148 182 32
148 191 88
148 199 56
149 152 92
149 161 21
149 167 90
149 170 24
149 176 24
149 184 26
149 185 64
150 160 38
150 176 77
150 180 2
150 189 33
151 153 61
151 158 48
151 160 27
151 166 86
151 167 11
151 176 71
151 181 99
151 195 73
151 197 69
151 199 8
152 157 56
152 159 6
152 162 30
152 171 69
152 177 59
152 182 58
152 198 61
153 156 18
153 163 24
153 173 1
153 175 3
153 181 24
153 182 5
153 198 63
154 161 22
154 167 37
154 174 28
154 183 66
154 186 70
154 193 16
155 161 88
155 164 65
155 166 12
155 169 12
155 177 84
155 183 90
155 195 42
156 158 26
156 167 6
156 176 1
156 180 73
156 183 81
156 188 96
156 190 33
157 160 13
157 169 41
157 170 61
157 177 15
157 191 17
158 196 21
159 169 77
159 170 40
159 179 29
159 190 30
160 163 80
160 165 51
160 167 26
160 185 27
161 163 11
161 164 44
161 169 3
162 166 3
162 176 36
162 177 51
162 185 20
162 190 61
163 164 37
163 168 90
163 175 43
163 188 72
163 189 27
163 198 8
164 174 87
164 183 37
164 188 70
165 170 76
165 172 82
165 183 72
166 199 55
167 172 6
167 173 16
167 186 3
167 195 70
167 197 50
167 198 75
168 172 45
168 184 63
169 176 14
169 187 72
170 172 27
170 175 91
170 179 35
170 198 12
171 182 79
171 188 27
171 191 26
172 178 20
172 186 81
172 190 53
172 194 85
173 175 54
173 187 25
174 182 81
174 188 86
174 194 82
174 199 9
175 194 21
176 177 39
176 178 97
176 193 10
177 182 73
177 197 33
179 193 32
179 195 29
180 186 26
180 187 77
180 199 18
182 192 84
183 184 86
183 189 34
183 192 82
184 189 34
184 192 78
185 193 97
185 197 37
185 199 17
187 188 63
187 191 48
188 191 85
189 191 60
189 192 34
191 196 66
191 199 4
192 195 16
