53171
51483
57570
57276
58219
54294
50189
58996
51055
52241
50307
53954
56943
59289
55482
50873
58842
50985
52039
52201
58861
54097
58435
55567
54779
57870
52109
52716
59115
56038
53807
56292
57493
57121
55058
56240
52367
54820
58828
59143
50218
52544
52616
53273
53036
52812
54733
52409
57302
50288
59629
51884
58944
56794
58841
54349
53239
56105
51955
54210
55417
51234
58014
54584
55320
56789
58983
51374
51917
51237
59630
54313
57182
51664
59280
51255
56753
50266
58643
53882
56280
55994
52025
54545
50024
57833
54553
52776
53937
54079
51595
53663
56765
55594
59922
57488
58284
51471
55204
52444
52388
53292
55693
54146
53982
53654
59865
54224
59185
59930
56212
59769
59998
58150
57150
52211
51836
50530
52170
55282
54372
57548
53010
56206
53609
52211
57760
52926
55189
52511
56484
51742
50627
56269
54944
56510
50780
57775
50483
59564
59393
58009
53128
56457
59919
57171
56605
50301
50363
56285
54652
54904
51917
53051
58899
53649
59709
51668
55318
56383
56861
58055
57563
58180
50591
50808
51331
51980
57182
55379
57070
55992
55597
51857
58603
57729
57560
59318
53954
54219
54711
53497
55112
56262
55874
51764
57252
50706
52072
53967
58268
52520
58275
55806
56991
52963
59711
56510
50804
58064
