138
188
199
127
122
152
188
175
196
138
112
114
173
191
113
155
146
111
197
128
145
109
128
127
140
155
173
176
115
143
175
192
102
100
118
171
143
196
178
191
113
160
143
132
125
140
192
152
186
153
117
130
130
127
132
120
182
190
153
152
144
175
175
146
132
180
138
103
155
189
126
124
104
111
122
119
162
195
102
141
196
177
117
111
168
176
182
165
168
135
164
119
170
126
127
180
144
148
165
130
128
150
190
167
136
108
175
185
119
119
124
177
149
103
193
175
145
188
125
191
135
159
171
121
192
141
108
143
134
117
109
199
101
156
100
182
172
142
143
200
151
102
108
117
174
108
119
153
182
120
141
130
189
183
183
193
191
181
181
150
137
116
109
134
102
188
185
100
116
109
195
179
143
192
155
177
102
175
173
176
187
178
105
171
110
114
134
112
131
100
105
155
188
200
154
189
145
141
174
112
124
179
190
180
115
128
121
158
122
146
145
147
112
105
116
119
112
182
170
198
172
115
105
144
176
144
156
191
163
119
111
106
139
130
124
126
128
187
154
153
145
157
118
150
113
135
105
186
150
120
188
168
190
196
200
164
174
152
138
193
180
131
197
157
166
124
122
102
171
132
107
157
132
114
150
177
125
114
103
199
167
146
151
148
115
173
118
184
117
151
143
116
191
106
189
113
106
113
111
121
