	GRAPH DATA			METHODS									
fileID	N	E	density	Flow			MTZ			Lazy			
				GAP%	Time	Z_feas	GAP%	Time	Z_feas	GAP%	Time	Z_feas	k
er-150	150	3331	0,296	6,60E-05	73	91198300	0	16	91201000	7,81E-05	61	91199100	10
er-200	200	6004	0,300	0,000263461	7815	91459300	0,000246671	7813	91461000	0,000277031	7813	91462900	10
er-250	250	9433	0,302	0,00037251	7817	91705500	0,000345144	7813	91705500	0,000433107	7814	91714200	10
er-300	300	13620	0,303	0,000616062	7818	91981900	0,000465593	7814	91970400	0,000447391	7815	91969300	10
er-400	400	24023	0,300	0,000963949	7819	92502500	0,000853654	7815	92494000	0,00136526	7877	92540900	10
er-575	575	49722	0,301	0,00349126	7817	93608900	1	11065	93547500	0,00408025	7827	93664200	10
ts225	225	7604	0,300	0	284	161276000	0	88	161276000	0	310	161276000	10
pr299	299	13532	0,303	0	204	115669000	0	88	115669000	0	330	115669000	10
rd400	400	24104	0,301	0	131	90505200	0	235	90502400	0	147	90502400	10
ab-n-100-1	100	1275	0,255	0	2	9,07E+07	0	4	90646100,000	0	0	9,06E+07	10
ab-n-100-2	100	1411	0,282	0	2	9,06E+07	0	6	90611000,000	0	0	9,06E+07	10
ab-n-100-3	100	1539	0,308	0	2	9,06E+07	0	6	90610200,000	0	1	9,06E+07	10
ab-n-100-4	100	1659	0,332	0	2	9,06E+07	0	8	9,06E+07	0	3	9,06E+07	10
ab-n-100-5	100	1771	0,354	0	2	9,06E+07	0	4	9,06E+07	0	0	9,06E+07	10
ab-n-200-1	200	4375	0,219	0	10	9,07E+07	0	17	9,07E+07	0	19	9,07E+07	10
ab-n-200-2	200	4671	0,234	0	12	9,07E+07	0	25	9,07E+07	0	42	9,07E+07	10
ab-n-200-3	200	4959	0,248	0	7	9,07E+07	0	20	9,07E+07	0	12	9,07E+07	10
ab-n-200-4	200	5239	0,262	0	9	9,07E+07	0	15	9,07E+07	0	8	9,07E+07	10
ab-n-200-5	200	5511	0,276	0	9	9,07E+07	0	11	9,07E+07	0	18	9,07E+07	10
ab-n-300-1	300	9275	0,206	0	83	9,07E+07	0	51	9,07E+07	0	31	9,07E+07	10
ab-n-300-2	300	9731	0,216	0	36	9,08E+07	0	52	9,08E+07	0	36	9,08E+07	10
ab-n-300-3	300	10179	0,226	0	32	9,07E+07	0	50	9,07E+07	0	30	9,07E+07	10
ab-n-300-4	300	10619	0,236	0	34	9,07E+07	0	72	9,07E+07	0	188	9,07E+07	10
ab-n-300-5	300	11051	0,246	0	33	9,07E+07	0	30	9,07E+07	0	31	9,07E+07	10
ab-n-400-1	400	15975	0,200	2,16E-05	867	9,08E+07	0	171	9,08E+07	0	307	9,08E+07	10
ab-n-400-2	400	16591	0,207	2,30E-05	176	9,08E+07	0	165	9,08E+07	0	434	9,08E+07	10
ab-n-400-3	400	17199	0,215	0	113	9,08E+07	0	99	9,08E+07	0	121	9,08E+07	10
ab-n-400-4	400	17799	0,222	2,21E-05	238	9,08E+07	0	281	9,08E+07	0	424	9,08E+07	10
ab-n-400-5	400	18391	0,230	1,56E-05	412	9,08E+07	0	155	9,08E+07	0	417	9,08E+07	10
bench-100-1	100	1001	0,200	0	40	9,07E+07	0	1	9,07E+07	0	133	7,07E+07	10
bench-100-2	100	948	0,190	0	24	9,07E+07	0	2	9,07E+07	0	3	7,07E+07	10
bench-100-3	100	830	0,166	0	44	9,07E+07	0	2	9,07E+07	0	72	7,07E+07	10
bench-100-7	100	773	0,155	0	65	9,07E+07	0	2	9,07E+07	0	95	7,07E+07	10
bench-100-8	100	800	0,160	0	45	9,07E+07	0	3	9,07E+07	0	49	7,07E+07	10
bench-200-2	200	1828	0,091	0	272	9,10E+07	0	8	9,10E+07	0	810	7,10E+07	10
bench-200-3	200	1840	0,092	0	299	9,09E+07	0	16	9,09E+07	0	766	7,09E+07	10
bench-200-4	200	1787	0,089	0	543	9,09E+07	0	27	9,10E+07	0	1331	7,10E+07	10
bench-200-5	200	1763	0,088	0	527	9,09E+07	0	15	9,09E+07	0	1348	7,09E+07	10
bench-200-7	200	1858	0,093	0	329	9,09E+07	0	7	9,09E+07	0	284	7,09E+07	10
bench-300-1	300	4824	0,107	0	910	9,09E+07	0	46	9,09E+07	0,844358	7815	7,09E+07	10
bench-300-2	300	4429	0,098	0	2390	9,09E+07	0	37	9,09E+07	0	2579	7,09E+07	10
bench-300-6	300	4860	0,108	0	591	9,09E+07	0	22	9,09E+07	0	4026	7,09E+07	10
bench-300-8	300	5178	0,115	0	586	9,09E+07	0	49	9,09E+07	0,565574	7815	7,09E+07	10
bench-300-7	300	4346	0,097	0	1708	9,10E+07	0	49	9,10E+07	0,844262	7819	7,10E+07	10
bench-400-2	400	8030	0,100	0	5838	9,10E+07	0	74	9,10E+07	0,843857	7829	7,10E+07	10
bench-400-6	400	8967	0,112	0	6828	9,09E+07	0	86	9,09E+07	0,845335	7823	7,09E+07	10
bench-400-10	400	8747	0,109	0	7300	9,09E+07	0	87	9,10E+07	0,845172	7829	7,09E+07	10
bench-400-11	400	8488	0,106	0	7599	9,09E+07	0	145	9,09E+07	0,844709	7830	7,10E+07	10
bench-400-12	400	8619	0,108	0	6776	9,10E+07	0	119	9,10E+07	0,844397	7819	7,10E+07	10
ff-n-100-1	100	1608	0,322	0	3	9,07E+07	0	2	9,07E+07	0	28	9,07E+07	10
ff-n-100-2	100	770	0,154	0	2	9,08E+07	0	2	9,08E+07	0	18	9,08E+07	10
ff-n-100-3	100	977	0,195	0	2	9,08E+07	0	1	9,08E+07	0	1	9,08E+07	10
ff-n-100-4	100	1250	0,250	0	1	9,07E+07	0	1	9,07E+07	0	5	9,07E+07	10
ff-n-100-5	100	1240	0,248	0	1	9,07E+07	0	1	9,07E+07	0	1	9,07E+07	10
ff-n-200-1	200	7174	0,359	0	23	9,07E+07	0,000114725	7819	9,07E+07	0,000114725	7818	9,07E+07	10
ff-n-200-2	200	4264	0,213	0	30	9,09E+07	0	48	9,09E+07	0	882	9,09E+07	10
ff-n-200-3	200	4278	0,214	0	15	9,09E+07	0	13	9,09E+07	0	9	9,09E+07	10
ff-n-200-4	200	6410	0,321	0	15	9,08E+07	0	17	9,08E+07	0	51	9,08E+07	10
ff-n-200-5	200	5309	0,265	0	37	9,09E+07	0,000180445	7816	9,09E+07	0,000189323	7817	9,09E+07	10
ff-n-300-1	300	14143	0,314	0	124	9,09E+07	0,000161035	7820	9,09E+07	0,000128577	7819	9,09E+07	10
ff-n-300-2	300	11943	0,265	0	38	9,09E+07	0	139	9,09E+07	4,55E-05	2105	9,09E+07	10
ff-n-300-3	300	10710	0,238	0	164	9,09E+07	0	247	9,09E+07	0,000116858	7833	9,09E+07	10
ff-n-300-4	300	13881	0,308	0	122	9,09E+07	0	246	9,09E+07	5,83E-05	1124	9,09E+07	10
ff-n-300-5	300	12381	0,275	0	72	9,09E+07	0	55	9,09E+07	0	47	9,09E+07	10
ff-n-400-1	400	22453	0,281	0	2314	9,11E+07	0,00062393	7833	9,12E+07	-1	7881	Nosol	10
ff-n-400-2	400	24034	0,300	0	147	9,09E+07	0	258	9,09E+07	9,81E-05	132	9,09E+07	10
ff-n-400-3	400	21709	0,271	0	256	9,09E+07	0	1669	9,09E+07	-1	7868	Nosol	10
ff-n-400-4	400	25398	0,317	0	214	9,09E+07	0	244	9,09E+07	0	518	9,09E+07	10
ff-n-400-5	400	23164	0,290	0	188	9,09E+07	0	315	9,09E+07	0	943	9,09E+07	10
pmed1	100	200	0,040	0	278	91292900	0	224	91292900	0	312	91292900	10
pmed7	200	800	0,040	0,000111488	7814	91449000	0,000141691	7816	91450500	0,000347687	7822	91453700	10
pmed21	500	5000	0,040	0,000848605	7817	91786200	0,00031818	7816	91743900	0,000341259	7818	91745400	10
