102
128
125
191
190
168
147
121
149
142
192
119
188
155
168
151
130
122
183
112
166
127
185
165
141
147
111
167
131
132
191
168
161
156
107
112
152
127
119
134
117
130
110
198
131
185
134
188
166
152
102
114
126
105
141
189
179
169
177
174
109
127
120
193
114
153
139
174
104
150
121
175
137
196
186
195
164
176
119
156
116
101
117
184
177
139
187
159
171
130
179
158
111
144
195
144
194
182
155
200
138
193
118
155
174
101
102
140
180
139
177
171
110
178
117
127
162
165
133
164
153
119
192
130
120
114
188
135
142
153
136
165
174
186
177
150
190
135
110
101
173
182
195
200
130
191
154
133
163
161
165
180
184
122
158
175
124
166
165
200
158
180
176
132
178
150
138
172
113
109
131
100
156
138
118
111
105
196
198
108
119
121
153
108
108
167
179
190
130
164
125
196
108
147
168
185
174
166
132
122
115
192
196
198
188
106
128
123
163
131
108
125
185
190
152
163
118
200
138
171
151
121
151
153
103
130
136
183
130
146
105
107
111
129
173
120
112
144
156
169
150
140
135
145
194
161
184
134
169
194
105
114
109
129
176
105
194
155
116
134
192
163
172
137
175
110
129
181
158
162
183
169
122
101
187
102
150
119
111
117
151
105
166
117
120
198
105
127
119
171
188
198
194
183
144
147
156
191
104
178
