161
177
138
137
183
149
188
184
138
170
132
146
197
103
134
198
174
169
157
159
166
188
126
128
179
164
174
168
167
123
184
191
156
111
112
199
171
141
169
189
175
163
129
183
135
108
195
199
196
119
196
139
135
180
145
193
145
134
110
131
153
145
183
145
184
144
174
164
110
117
127
166
186
156
105
165
146
109
165
114
180
159
115
177
110
142
169
120
175
127
179
114
126
165
174
197
109
166
190
103
168
168
176
193
139
164
120
134
112
138
137
100
142
153
176
173
108
164
159
103
190
200
129
157
198
174
131
129
148
129
200
188
116
197
159
101
123
100
168
128
186
166
158
157
123
165
148
178
104
140
191
189
127
144
149
164
177
132
109
132
127
150
147
136
174
163
145
102
121
163
157
161
172
178
113
102
185
110
118
107
128
126
160
120
177
124
183
107
123
142
115
109
124
151
177
125
114
120
159
143
200
155
193
155
104
170
187
106
147
195
108
131
173
171
122
168
197
167
131
155
165
169
132
192
168
108
168
191
153
177
141
147
199
175
147
200
148
140
180
178
154
192
106
167
156
128
157
185
114
155
135
103
188
189
165
121
158
103
195
189
195
125
140
196
130
121
136
153
146
102
106
114
164
158
178
192
105
130
179
194
111
179
163
191
129
192
154
159
104
152
136
132
175
195
180
111
183
120
186
192
115
128
173
158
142
119
124
154
120
194
162
116
183
181
189
105
168
168
199
153
110
188
101
137
104
193
108
199
144
123
110
199
199
158
139
106
105
124
143
200
193
140
160
159
157
166
106
126
170
174
103
121
189
111
112
181
145
153
103
142
112
176
160
141
189
168
121
197
159
191
191
191
148
197
128
160
180
181
144
184
100
101
100
149
196
181
110
141
166
172
147
200
121
139
117
119
184
184
145
100
