1 0
2 1
3 0
3 1
4 0
4 1
4 3
5 4
6 0
6 3
7 0
7 1
7 2
7 3
7 4
7 6
8 1
8 2
8 3
8 4
8 6
8 7
9 0
9 3
9 4
9 5
9 6
9 7
9 8
10 6
11 6
12 0
12 1
12 2
12 3
12 4
12 6
12 7
12 8
12 9
12 11
13 0
13 1
13 2
13 3
13 4
13 5
13 6
13 7
13 8
13 9
13 12
14 0
14 1
14 2
14 3
14 4
14 5
14 6
14 7
14 8
14 9
14 12
14 13
15 0
15 3
15 6
15 8
15 9
15 11
15 12
16 0
16 1
16 2
16 3
16 4
16 5
16 6
16 7
16 8
16 9
16 11
16 12
16 13
16 14
16 15
17 7
18 0
18 1
18 3
18 4
18 14
19 0
19 1
19 2
19 3
19 4
19 5
19 6
19 7
19 8
19 9
19 12
19 13
19 14
19 15
19 16
19 17
19 18
20 9
21 0
21 4
21 9
21 14
21 18
21 20
22 0
22 1
22 2
22 3
22 4
22 6
22 8
22 9
22 10
22 11
22 12
22 14
22 15
22 16
22 18
22 19
22 20
22 21
23 22
24 0
24 1
24 2
24 3
24 4
24 5
24 6
24 7
24 8
24 9
24 12
24 13
24 14
24 15
24 16
24 17
24 18
24 19
24 21
24 22
25 2
26 16
27 0
27 1
27 2
27 3
27 4
27 6
27 7
27 8
27 10
27 13
27 14
27 17
27 22
27 24
28 1
28 2
28 3
28 9
29 25
30 22
31 21
32 7
32 14
33 0
33 1
33 2
33 3
33 4
33 5
33 6
33 7
33 8
33 9
33 10
33 11
33 12
33 13
33 14
33 15
33 16
33 17
33 18
33 19
33 20
33 21
33 22
33 23
33 24
33 25
33 27
33 30
33 31
33 32
34 7
34 14
34 32
35 0
35 1
35 2
35 3
35 4
35 6
35 7
35 8
35 9
35 10
35 11
35 12
35 13
35 14
35 15
35 16
35 17
35 19
35 22
35 24
35 27
35 31
35 33
36 0
36 12
36 16
36 21
36 33
37 0
37 1
37 2
37 3
37 4
37 5
37 6
37 7
37 8
37 10
37 12
37 13
37 14
37 15
37 16
37 18
37 19
37 21
37 22
37 24
37 27
37 28
37 31
37 33
37 35
37 36
38 5
38 37
39 0
39 1
39 2
39 3
39 4
39 5
39 6
39 7
39 8
39 9
39 11
39 12
39 13
39 14
39 15
39 16
39 17
39 18
39 19
39 21
39 22
39 24
39 27
39 28
39 32
39 33
39 34
39 35
39 36
39 37
39 38
40 0
40 1
40 2
40 3
40 4
40 5
40 6
40 7
40 8
40 9
40 10
40 11
40 12
40 13
40 14
40 15
40 16
40 18
40 19
40 20
40 21
40 22
40 24
40 27
40 28
40 30
40 31
40 33
40 35
40 36
40 37
40 38
40 39
41 0
41 1
41 2
41 5
41 14
41 40
42 0
42 1
42 3
42 4
42 5
42 6
42 8
42 9
42 16
42 19
43 28
44 30
45 0
45 6
45 12
46 21
47 0
48 4
48 37
49 21
49 31
49 46
50 31
50 35
51 13
51 16
51 24
51 27
51 37
51 40
52 16
52 26
53 0
53 1
53 2
53 3
53 4
53 5
53 6
53 7
53 8
53 9
53 11
53 12
53 13
53 14
53 15
53 16
53 17
53 19
53 20
53 22
53 24
53 27
53 32
53 33
53 35
53 37
53 39
53 40
53 41
53 42
54 0
54 3
54 6
54 10
54 15
54 24
54 28
54 37
54 43
55 33
56 0
56 1
56 2
56 3
56 4
56 5
56 6
56 7
56 8
56 9
56 10
56 12
56 13
56 14
56 17
56 18
56 19
56 20
56 21
56 22
56 24
56 25
56 27
56 30
56 31
56 33
56 35
56 37
56 39
56 40
56 41
56 42
56 44
56 45
56 46
56 49
56 50
56 53
57 0
57 1
57 4
57 7
57 9
57 12
57 20
57 21
57 36
57 37
57 48
57 56
58 47
59 0
59 1
59 2
59 3
59 4
59 5
59 6
59 7
59 8
59 9
59 10
59 11
59 12
59 13
59 14
59 15
59 16
59 17
59 18
59 19
59 21
59 22
59 24
59 27
59 28
59 31
59 32
59 33
59 34
59 35
59 37
59 39
59 40
59 42
59 46
59 49
59 50
59 53
59 55
59 56
60 47
60 58
61 0
61 1
61 2
61 3
61 4
61 5
61 6
61 7
61 8
61 9
61 10
61 11
61 12
61 13
61 14
61 15
61 16
61 17
61 18
61 19
61 21
61 22
61 24
61 27
61 31
61 32
61 33
61 34
61 35
61 36
61 37
61 39
61 40
61 41
61 42
61 45
61 46
61 49
61 50
61 51
61 53
61 54
61 56
61 57
61 59
62 9
62 19
63 0
63 1
63 2
63 3
63 4
63 5
63 6
63 7
63 8
63 9
63 10
63 11
63 12
63 13
63 14
63 15
63 16
63 17
63 18
63 19
63 20
63 21
63 22
63 24
63 27
63 28
63 31
63 32
63 33
63 35
63 36
63 37
63 39
63 40
63 42
63 51
63 53
63 54
63 55
63 56
63 59
63 61
64 13
65 0
65 1
65 2
65 3
65 4
65 5
65 6
65 7
65 8
65 9
65 11
65 12
65 13
65 14
65 15
65 16
65 17
65 18
65 19
65 22
65 24
65 27
65 32
65 33
65 34
65 35
65 36
65 37
65 38
65 39
65 40
65 41
65 42
65 45
65 51
65 52
65 53
65 54
65 56
65 57
65 59
65 61
65 63
66 22
67 53
68 13
69 0
69 1
69 2
69 3
69 4
69 5
69 6
69 7
69 8
69 9
69 12
69 13
69 14
69 15
69 16
69 17
69 18
69 19
69 21
69 22
69 23
69 24
69 27
69 31
69 32
69 33
69 35
69 36
69 37
69 39
69 40
69 42
69 45
69 50
69 51
69 53
69 56
69 57
69 59
69 61
69 62
69 63
69 65
70 18
70 22
71 0
71 1
71 2
71 3
71 4
71 5
71 6
71 7
71 8
71 9
71 10
71 11
71 12
71 13
71 14
71 15
71 16
71 17
71 18
71 19
71 20
71 21
71 22
71 24
71 25
71 26
71 27
71 28
71 29
71 32
71 33
71 34
71 35
71 36
71 37
71 38
71 39
71 40
71 41
71 42
71 43
71 48
71 49
71 51
71 52
71 53
71 54
71 56
71 57
71 59
71 61
71 62
71 63
71 65
71 69
72 56
73 8
73 13
73 21
73 24
73 51
73 53
73 54
73 61
73 65
74 58
75 0
75 1
75 2
75 3
75 4
75 5
75 6
75 7
75 8
75 9
75 10
75 11
75 12
75 13
75 14
75 15
75 16
75 17
75 18
75 19
75 20
75 21
75 22
75 23
75 24
75 27
75 28
75 31
75 32
75 33
75 34
75 35
75 36
75 37
75 38
75 39
75 40
75 41
75 42
75 43
75 48
75 50
75 51
75 53
75 54
75 56
75 57
75 59
75 61
75 62
75 63
75 65
75 66
75 68
75 69
75 71
75 73
76 0
76 1
76 3
76 4
76 5
76 14
76 24
76 65
76 71
77 21
77 46
78 9
78 16
78 19
78 22
78 27
78 37
78 40
79 0
79 1
79 2
79 3
79 4
79 5
79 6
79 7
79 8
79 9
79 10
79 11
79 12
79 13
79 14
79 15
79 16
79 17
79 18
79 19
79 20
79 21
79 22
79 23
79 24
79 25
79 27
79 28
79 31
79 32
79 33
79 35
79 36
79 37
79 38
79 39
79 40
79 42
79 43
79 45
79 48
79 51
79 53
79 54
79 56
79 57
79 59
79 61
79 63
79 65
79 69
79 71
79 73
79 75
79 76
79 78
80 41
81 0
82 54
83 1
83 7
83 34
84 0
84 1
84 2
84 3
84 4
84 5
84 6
84 7
84 8
84 9
84 10
84 13
84 14
84 15
84 16
84 17
84 19
84 21
84 22
84 24
84 26
84 27
84 28
84 30
84 31
84 33
84 34
84 35
84 37
84 38
84 39
84 40
84 41
84 42
84 44
84 49
84 52
84 53
84 54
84 56
84 59
84 61
84 62
84 63
84 65
84 69
84 71
84 75
84 78
84 79
84 80
85 4
85 29
85 71
85 79
85 84
86 4
87 53
88 0
88 1
88 2
88 3
88 4
88 5
88 6
88 7
88 8
88 9
88 10
88 11
88 12
88 13
88 14
88 15
88 20
88 21
88 22
88 28
88 30
88 32
88 35
88 37
88 40
88 43
88 44
88 47
88 54
88 56
88 63
88 69
88 71
88 75
89 36
90 47
91 0
91 1
91 2
91 3
91 4
91 5
91 6
91 7
91 8
91 9
91 10
91 11
91 12
91 13
91 14
91 15
91 16
91 17
91 18
91 19
91 20
91 21
91 22
91 23
91 24
91 26
91 27
91 28
91 30
91 31
91 32
91 33
91 34
91 35
91 36
91 37
91 38
91 39
91 40
91 41
91 42
91 45
91 47
91 51
91 52
91 53
91 56
91 57
91 59
91 61
91 62
91 63
91 65
91 69
91 70
91 71
91 75
91 78
91 79
91 84
91 85
91 88
92 15
92 54
93 0
93 1
93 2
93 3
93 4
93 5
93 6
93 7
93 8
93 9
93 12
93 13
93 14
93 15
93 16
93 18
93 19
93 20
93 21
93 22
93 24
93 25
93 27
93 32
93 33
93 34
93 35
93 36
93 37
93 38
93 39
93 40
93 48
93 51
93 53
93 54
93 56
93 57
93 59
93 61
93 63
93 65
93 69
93 71
93 73
93 75
93 79
93 81
93 84
93 85
93 88
93 89
93 91
94 58
95 17
96 0
96 1
96 2
96 3
96 4
96 5
96 6
96 7
96 8
96 9
96 10
96 11
96 12
96 13
96 14
96 15
96 16
96 17
96 18
96 19
96 20
96 21
96 22
96 24
96 25
96 27
96 28
96 30
96 31
96 32
96 33
96 34
96 35
96 36
96 37
96 39
96 40
96 41
96 42
96 43
96 45
96 46
96 47
96 48
96 50
96 51
96 53
96 54
96 55
96 56
96 57
96 59
96 61
96 62
96 63
96 65
96 66
96 67
96 68
96 69
96 71
96 73
96 75
96 76
96 77
96 78
96 79
96 81
96 83
96 84
96 87
96 88
96 91
96 93
97 0
97 1
97 2
97 3
97 4
97 5
97 6
97 7
97 8
97 9
97 10
97 11
97 12
97 13
97 14
97 15
97 16
97 17
97 18
97 19
97 20
97 21
97 22
97 24
97 26
97 27
97 28
97 30
97 32
97 33
97 35
97 37
97 38
97 39
97 40
97 41
97 42
97 48
97 51
97 52
97 53
97 54
97 56
97 57
97 59
97 61
97 63
97 65
97 68
97 69
97 71
97 73
97 75
97 76
97 79
97 84
97 85
97 86
97 88
97 91
97 93
97 96
98 63
99 47
99 58
