1 0
2 1
3 0
3 1
3 2
4 0
4 1
4 2
4 3
5 0
5 1
5 3
5 4
6 0
7 0
7 1
7 2
8 1
8 2
8 7
9 5
10 2
10 3
10 7
11 0
11 1
11 2
11 3
11 4
11 5
11 7
11 8
12 6
13 6
13 12
14 0
14 1
14 3
14 7
14 8
14 10
15 11
16 0
16 1
16 2
16 3
16 4
16 7
16 8
16 11
16 14
17 0
17 1
17 2
17 6
17 7
17 8
17 10
17 14
17 16
18 17
19 17
19 18
20 0
20 1
20 2
20 3
20 7
20 8
20 10
20 11
20 14
20 15
20 16
20 17
21 13
22 15
22 16
22 17
22 20
23 0
23 1
23 2
23 3
23 4
23 5
23 7
23 8
23 9
23 10
23 11
23 14
23 15
23 16
23 17
23 20
23 22
24 16
24 23
25 0
25 1
25 2
25 3
25 8
25 11
25 14
25 17
25 18
25 19
26 23
26 24
27 7
28 0
28 1
28 2
28 3
28 7
28 8
28 10
28 11
28 14
28 15
28 16
28 17
28 18
28 20
28 22
28 23
28 25
29 6
29 17
29 28
30 2
30 6
30 10
30 14
30 16
30 17
30 18
30 19
30 20
30 22
30 23
30 25
30 28
30 29
31 7
31 16
32 0
32 1
32 7
32 10
32 14
32 20
33 7
33 27
34 0
34 1
34 2
34 3
34 4
34 5
34 6
34 7
34 8
34 10
34 11
34 14
34 15
34 16
34 17
34 18
34 19
34 20
34 22
34 23
34 24
34 25
34 26
34 28
34 29
34 30
35 21
36 4
36 23
37 0
37 1
37 2
37 3
37 4
37 5
37 7
37 8
37 10
37 11
37 14
37 15
37 16
37 17
37 18
37 19
37 20
37 22
37 23
37 24
37 25
37 28
37 30
37 32
37 34
38 0
38 1
38 2
38 4
38 7
38 8
38 10
38 11
38 14
38 15
38 16
38 17
38 18
38 19
38 20
38 22
38 23
38 25
38 28
38 29
38 30
38 32
38 34
38 37
39 0
39 1
39 2
39 3
39 4
39 5
39 6
39 7
39 8
39 9
39 10
39 11
39 14
39 15
39 16
39 17
39 18
39 19
39 20
39 22
39 23
39 25
39 27
39 28
39 29
39 30
39 32
39 33
39 34
39 36
39 37
39 38
40 0
40 1
40 7
40 38
41 40
42 34
43 0
44 0
44 1
44 8
44 16
44 17
44 25
44 37
45 7
46 0
46 1
46 2
46 3
46 4
46 5
46 6
46 7
46 8
46 10
46 11
46 14
46 16
46 17
46 18
46 19
46 20
46 23
46 24
46 25
46 26
46 27
46 28
46 30
46 31
46 32
46 33
46 34
46 36
46 37
46 38
46 39
47 0
47 1
47 2
47 3
47 4
47 5
47 6
47 7
47 8
47 10
47 11
47 14
47 15
47 16
47 17
47 18
47 19
47 20
47 22
47 23
47 25
47 28
47 29
47 30
47 34
47 37
47 38
47 39
47 40
47 42
47 44
47 46
48 0
48 1
48 2
48 3
48 4
48 5
48 6
48 7
48 8
48 9
48 10
48 11
48 14
48 15
48 16
48 17
48 20
48 22
48 23
48 24
48 25
48 26
48 28
48 30
48 32
48 33
48 34
48 37
48 38
48 39
48 42
48 46
48 47
49 0
49 1
49 2
49 3
49 4
49 5
49 6
49 7
49 8
49 9
49 10
49 11
49 12
49 13
49 14
49 15
49 16
49 17
49 18
49 19
49 20
49 22
49 23
49 24
49 25
49 26
49 27
49 28
49 29
49 30
49 31
49 32
49 33
49 34
49 37
49 38
49 39
49 42
49 44
49 46
49 47
49 48
50 41
51 30
52 0
52 1
52 2
52 3
52 4
52 5
52 7
52 8
52 10
52 11
52 14
52 15
52 16
52 17
52 18
52 20
52 22
52 23
52 28
52 34
52 37
52 38
52 39
52 40
52 41
52 45
52 46
52 47
52 48
52 49
52 50
53 4
54 0
54 1
54 2
54 3
54 4
54 5
54 6
54 7
54 8
54 9
54 10
54 11
54 14
54 15
54 16
54 17
54 18
54 19
54 20
54 22
54 23
54 24
54 25
54 26
54 27
54 28
54 29
54 30
54 32
54 34
54 36
54 37
54 38
54 39
54 40
54 44
54 46
54 47
54 48
54 49
54 52
55 50
56 0
56 1
56 2
56 3
56 4
56 5
56 6
56 7
56 8
56 10
56 11
56 14
56 15
56 16
56 17
56 18
56 19
56 20
56 22
56 23
56 24
56 25
56 26
56 27
56 28
56 29
56 30
56 31
56 32
56 33
56 34
56 36
56 37
56 38
56 39
56 40
56 41
56 42
56 45
56 46
56 47
56 48
56 49
56 52
56 54
57 0
57 1
57 2
57 3
57 4
57 5
57 7
57 8
57 9
57 10
57 11
57 14
57 15
57 16
57 20
57 22
57 23
57 24
57 25
57 26
57 28
57 32
57 34
57 36
57 37
57 38
57 39
57 42
57 46
57 47
57 48
57 49
57 52
57 54
57 56
58 18
59 0
59 1
59 2
59 3
59 4
59 5
59 6
59 7
59 8
59 9
59 10
59 11
59 14
59 15
59 16
59 17
59 18
59 19
59 20
59 22
59 23
59 24
59 25
59 26
59 27
59 28
59 29
59 30
59 32
59 34
59 37
59 38
59 39
59 40
59 41
59 42
59 44
59 46
59 47
59 48
59 49
59 50
59 51
59 52
59 54
59 55
59 56
59 57
60 3
61 0
61 6
61 34
61 47
61 48
61 54
62 0
62 1
62 2
62 3
62 4
62 7
62 8
62 10
62 11
62 14
62 16
62 17
62 20
62 24
62 26
62 28
62 29
62 33
62 34
62 37
62 39
62 46
62 47
62 48
62 49
62 52
62 54
62 56
62 57
62 59
63 2
63 25
63 47
63 54
63 56
63 57
63 59
64 0
64 1
64 2
64 3
64 4
64 5
64 6
64 7
64 8
64 9
64 10
64 11
64 13
64 14
64 16
64 17
64 18
64 19
64 20
64 23
64 24
64 25
64 26
64 27
64 28
64 30
64 34
64 36
64 37
64 38
64 39
64 40
64 41
64 44
64 46
64 47
64 48
64 49
64 52
64 54
64 56
64 57
64 58
64 59
64 61
64 62
64 63
65 49
66 64
67 0
67 23
68 33
69 55
70 54
70 63
71 0
71 1
71 2
71 3
71 4
71 5
71 6
71 7
71 8
71 9
71 10
71 11
71 14
71 15
71 16
71 17
71 18
71 19
71 20
71 22
71 23
71 24
71 25
71 26
71 28
71 29
71 30
71 31
71 33
71 34
71 36
71 37
71 38
71 39
71 42
71 46
71 47
71 48
71 49
71 52
71 53
71 54
71 56
71 57
71 59
71 61
71 62
71 63
71 64
71 65
71 70
72 28
72 40
72 46
72 47
72 49
72 56
72 59
72 63
72 64
73 34
73 59
74 47
75 0
75 1
75 2
75 3
75 4
75 5
75 6
75 7
75 8
75 10
75 11
75 12
75 13
75 14
75 15
75 16
75 17
75 18
75 19
75 20
75 22
75 23
75 24
75 25
75 26
75 28
75 30
75 32
75 34
75 37
75 38
75 39
75 40
75 45
75 46
75 47
75 48
75 49
75 51
75 52
75 54
75 56
75 57
75 59
75 62
75 63
75 64
75 66
75 70
75 71
75 72
75 73
75 74
76 0
76 1
76 2
76 3
76 4
76 5
76 6
76 7
76 8
76 9
76 10
76 11
76 12
76 13
76 14
76 15
76 16
76 17
76 18
76 19
76 20
76 22
76 23
76 24
76 25
76 26
76 27
76 28
76 29
76 30
76 31
76 32
76 33
76 34
76 36
76 37
76 38
76 39
76 40
76 41
76 44
76 45
76 46
76 47
76 48
76 49
76 50
76 52
76 54
76 56
76 57
76 59
76 61
76 62
76 63
76 64
76 71
76 75
77 2
78 0
78 1
78 2
78 3
78 4
78 5
78 6
78 7
78 8
78 9
78 10
78 11
78 12
78 14
78 15
78 16
78 17
78 18
78 19
78 20
78 22
78 23
78 24
78 25
78 26
78 27
78 28
78 29
78 30
78 32
78 33
78 34
78 36
78 37
78 38
78 39
78 40
78 43
78 44
78 45
78 46
78 47
78 48
78 49
78 50
78 52
78 53
78 54
78 55
78 56
78 57
78 58
78 59
78 60
78 61
78 62
78 64
78 71
78 72
78 75
78 76
79 1
79 2
79 8
79 10
79 13
79 16
79 28
79 56
79 57
79 59
79 64
79 66
79 71
79 72
79 75
79 76
79 78
80 14
80 16
80 17
80 24
80 46
80 63
80 64
80 75
80 76
81 38
81 49
81 65
81 76
82 0
82 1
82 2
82 3
82 4
82 5
82 6
82 7
82 8
82 9
82 10
82 11
82 12
82 13
82 14
82 15
82 16
82 17
82 18
82 19
82 20
82 22
82 23
82 24
82 25
82 26
82 28
82 29
82 30
82 31
82 32
82 34
82 36
82 37
82 38
82 39
82 40
82 44
82 45
82 46
82 47
82 48
82 49
82 52
82 53
82 54
82 56
82 57
82 59
82 61
82 62
82 63
82 64
82 65
82 70
82 71
82 72
82 75
82 76
82 78
82 79
82 80
82 81
83 6
84 0
84 1
84 2
84 3
84 4
84 5
84 6
84 7
84 8
84 9
84 10
84 11
84 13
84 14
84 15
84 16
84 17
84 18
84 19
84 20
84 21
84 22
84 23
84 24
84 25
84 26
84 27
84 28
84 29
84 30
84 33
84 34
84 35
84 37
84 38
84 39
84 40
84 41
84 44
84 45
84 46
84 47
84 48
84 49
84 50
84 52
84 54
84 56
84 57
84 58
84 59
84 62
84 63
84 64
84 65
84 71
84 72
84 75
84 76
84 77
84 78
84 79
84 80
84 82
85 0
85 1
85 2
85 3
85 4
85 5
85 7
85 8
85 9
85 10
85 11
85 14
85 15
85 16
85 17
85 18
85 19
85 20
85 22
85 23
85 24
85 25
85 27
85 28
85 29
85 30
85 31
85 32
85 33
85 34
85 37
85 38
85 39
85 40
85 41
85 44
85 46
85 47
85 48
85 49
85 52
85 53
85 54
85 56
85 57
85 59
85 62
85 63
85 64
85 65
85 70
85 71
85 74
85 75
85 76
85 78
85 79
85 80
85 81
85 82
85 84
86 0
86 1
86 2
86 3
86 4
86 5
86 6
86 7
86 8
86 9
86 11
86 12
86 13
86 14
86 15
86 16
86 17
86 18
86 19
86 20
86 22
86 23
86 24
86 26
86 27
86 28
86 29
86 30
86 32
86 34
86 37
86 38
86 39
86 40
86 41
86 42
86 43
86 44
86 45
86 46
86 47
86 48
86 49
86 50
86 52
86 54
86 56
86 57
86 59
86 61
86 62
86 63
86 64
86 70
86 71
86 74
86 75
86 76
86 78
86 79
86 80
86 82
86 83
86 84
86 85
87 0
87 1
87 2
87 3
87 4
87 5
87 6
87 7
87 8
87 9
87 10
87 11
87 12
87 13
87 14
87 16
87 17
87 18
87 19
87 20
87 22
87 23
87 24
87 25
87 26
87 27
87 28
87 29
87 30
87 31
87 32
87 34
87 37
87 38
87 39
87 40
87 41
87 42
87 43
87 44
87 46
87 47
87 48
87 49
87 52
87 53
87 54
87 56
87 57
87 58
87 59
87 62
87 63
87 64
87 65
87 70
87 71
87 72
87 75
87 76
87 78
87 79
87 80
87 81
87 82
87 84
87 85
87 86
88 69
89 3
89 78
90 47
90 74
91 0
91 1
92 0
92 1
92 2
92 3
92 4
92 5
92 6
92 7
92 8
92 9
92 10
92 11
92 12
92 14
92 15
92 16
92 17
92 18
92 19
92 20
92 22
92 23
92 24
92 25
92 26
92 28
92 29
92 30
92 31
92 32
92 34
92 37
92 38
92 39
92 40
92 41
92 42
92 44
92 45
92 46
92 47
92 48
92 49
92 52
92 54
92 56
92 57
92 58
92 59
92 61
92 62
92 63
92 64
92 66
92 70
92 71
92 72
92 73
92 74
92 75
92 76
92 78
92 79
92 80
92 81
92 82
92 84
92 85
92 86
92 87
93 34
93 59
93 73
94 0
94 37
94 43
95 5
96 0
96 1
96 2
96 3
96 4
96 5
96 6
96 7
96 8
96 9
96 10
96 11
96 12
96 13
96 14
96 15
96 16
96 17
96 18
96 19
96 20
96 22
96 23
96 24
96 25
96 26
96 27
96 28
96 29
96 32
96 34
96 37
96 38
96 39
96 40
96 41
96 42
96 44
96 45
96 46
96 47
96 49
96 50
96 52
96 54
96 55
96 56
96 57
96 59
96 62
96 63
96 64
96 66
96 69
96 71
96 74
96 75
96 76
96 78
96 80
96 82
96 84
96 85
96 86
96 87
96 90
96 92
97 0
97 1
97 2
97 3
97 4
97 5
97 6
97 7
97 8
97 10
97 11
97 12
97 13
97 14
97 15
97 16
97 17
97 18
97 19
97 20
97 21
97 22
97 23
97 24
97 25
97 26
97 27
97 28
97 29
97 30
97 32
97 33
97 34
97 35
97 36
97 37
97 38
97 39
97 40
97 41
97 42
97 43
97 44
97 46
97 47
97 48
97 49
97 52
97 54
97 56
97 57
97 59
97 61
97 62
97 63
97 64
97 66
97 70
97 71
97 72
97 75
97 76
97 78
97 79
97 80
97 82
97 84
97 85
97 86
97 87
97 91
97 92
97 93
97 94
97 96
98 20
99 0
99 1
99 2
99 3
99 4
99 6
99 7
99 8
99 9
99 10
99 11
99 14
99 15
99 16
99 17
99 18
99 19
99 20
99 22
99 23
99 24
99 25
99 26
99 27
99 28
99 29
99 30
99 31
99 32
99 33
99 34
99 36
99 37
99 38
99 39
99 40
99 41
99 44
99 46
99 47
99 48
99 49
99 51
99 52
99 54
99 56
99 57
99 59
99 61
99 62
99 63
99 64
99 68
99 71
99 74
99 75
99 76
99 78
99 79
99 82
99 84
99 85
99 86
99 87
99 89
99 92
99 94
99 96
99 97
