1 0
2 0
3 0
3 2
4 2
4 3
5 1
6 4
7 5
8 7
9 1
9 5
9 7
9 8
10 0
11 0
11 2
11 3
11 4
12 10
13 2
14 0
14 2
14 3
14 4
14 11
15 0
15 1
15 2
15 3
15 4
15 5
15 9
15 10
15 11
15 14
16 0
16 2
16 3
16 4
16 6
16 15
17 1
17 8
17 9
18 0
18 1
18 2
18 3
18 4
18 5
18 7
18 8
18 9
18 11
18 13
18 15
18 17
19 7
19 8
20 0
20 2
20 3
20 4
20 16
21 0
21 1
21 5
22 19
23 0
23 3
23 11
23 14
23 15
23 16
23 20
24 13
25 2
25 4
26 0
26 1
26 2
26 3
26 4
26 5
26 6
26 7
26 8
26 9
26 10
26 11
26 13
26 14
26 15
26 16
26 17
26 18
26 19
26 25
27 18
28 5
28 7
28 9
29 7
29 9
29 18
29 26
29 28
30 25
31 0
31 2
31 26
32 12
33 1
33 5
33 7
33 8
34 0
34 1
34 5
34 7
34 8
34 9
34 17
34 26
34 28
34 29
34 31
34 33
35 0
35 1
35 3
35 5
35 7
35 8
35 9
35 14
35 15
35 16
35 17
35 18
35 19
35 22
35 23
35 26
35 28
35 29
35 31
35 33
35 34
36 16
37 0
37 1
37 5
37 7
37 8
37 9
37 15
37 17
37 18
37 19
37 23
37 26
37 28
37 29
37 33
37 34
37 35
38 27
39 0
39 1
39 2
39 3
39 4
39 5
39 7
39 8
39 9
39 11
39 14
39 15
39 16
39 18
39 19
39 20
39 22
39 23
39 26
39 28
39 29
39 31
39 34
39 35
39 37
40 0
40 2
40 3
40 4
40 5
40 7
40 8
40 9
40 15
40 18
40 19
40 27
40 28
40 29
40 33
40 34
40 35
40 37
40 38
40 39
41 33
42 10
43 33
44 24
45 33
45 40
45 43
46 11
46 23
47 8
47 31
47 39
48 0
48 2
48 3
48 4
48 6
48 10
48 11
48 13
48 14
48 25
48 26
48 35
48 40
48 46
49 47
50 0
50 1
50 2
50 3
50 4
50 5
50 6
50 7
50 8
50 9
50 10
50 11
50 13
50 14
50 15
50 16
50 17
50 18
50 19
50 20
50 23
50 26
50 27
50 29
50 31
50 33
50 34
50 35
50 37
50 38
50 39
50 40
50 42
50 46
50 48
51 18
51 20
51 23
51 27
51 29
51 35
51 38
51 39
51 50
52 9
53 2
53 13
53 48
54 24
54 44
55 33
55 37
55 41
55 43
55 45
56 15
56 39
57 0
57 1
57 2
57 3
57 4
57 5
57 6
57 7
57 8
57 9
57 10
57 11
57 13
57 14
57 15
57 16
57 17
57 18
57 19
57 20
57 21
57 23
57 24
57 25
57 26
57 28
57 29
57 31
57 33
57 34
57 35
57 37
57 39
57 40
57 41
57 42
57 43
57 45
57 46
57 47
57 48
57 50
57 51
57 53
57 55
58 10
58 12
58 32
59 56
60 9
60 17
60 35
60 51
61 0
61 1
61 2
61 3
61 4
61 5
61 7
61 8
61 9
61 11
61 14
61 15
61 16
61 18
61 19
61 20
61 21
61 23
61 26
61 27
61 29
61 34
61 35
61 37
61 39
61 40
61 48
61 50
61 51
61 53
61 57
61 60
62 10
62 12
62 32
62 58
63 0
63 1
63 2
63 3
63 4
63 5
63 6
63 7
63 8
63 9
63 11
63 13
63 14
63 16
63 17
63 18
63 20
63 21
63 22
63 23
63 24
63 26
63 27
63 28
63 29
63 31
63 33
63 34
63 35
63 37
63 38
63 39
63 40
63 41
63 46
63 47
63 48
63 49
63 50
63 51
63 52
63 53
63 56
63 57
63 60
63 61
64 0
64 1
64 5
64 50
65 0
65 1
65 2
65 3
65 4
65 5
65 6
65 7
65 8
65 9
65 11
65 13
65 14
65 15
65 16
65 17
65 18
65 19
65 20
65 21
65 22
65 23
65 24
65 25
65 26
65 28
65 29
65 31
65 33
65 34
65 35
65 36
65 37
65 38
65 39
65 40
65 41
65 43
65 44
65 45
65 46
65 48
65 50
65 51
65 53
65 54
65 55
65 56
65 57
65 59
65 60
65 61
65 63
66 54
66 65
67 0
68 5
68 7
68 8
68 19
69 0
70 56
71 0
71 1
71 5
71 7
71 11
71 14
71 16
71 23
71 33
71 35
71 46
71 54
71 61
71 65
71 66
72 11
72 19
72 22
72 63
73 1
73 3
73 4
73 5
73 7
73 8
73 9
73 26
73 33
73 39
73 44
73 54
73 65
73 66
73 71
74 0
74 1
74 2
74 3
74 4
74 5
74 6
74 7
74 8
74 9
74 10
74 11
74 13
74 14
74 15
74 16
74 17
74 18
74 19
74 20
74 22
74 23
74 25
74 26
74 27
74 28
74 29
74 31
74 33
74 34
74 35
74 37
74 39
74 40
74 47
74 48
74 49
74 50
74 51
74 53
74 54
74 57
74 58
74 60
74 61
74 63
74 65
74 66
74 68
74 71
74 72
74 73
75 16
75 36
76 59
77 56
78 0
78 2
78 4
78 5
78 7
78 8
78 9
78 16
78 18
78 23
78 28
78 29
78 31
78 33
78 34
78 35
78 37
78 39
78 40
78 41
78 42
78 43
78 45
78 47
78 48
78 49
78 50
78 51
78 52
78 53
78 55
78 57
78 61
78 63
78 64
78 65
78 68
78 73
78 74
79 48
79 50
79 71
79 74
80 11
81 10
81 42
82 0
82 1
82 2
82 3
82 4
82 5
82 6
82 7
82 8
82 9
82 10
82 11
82 13
82 14
82 15
82 16
82 17
82 18
82 19
82 20
82 22
82 23
82 25
82 26
82 27
82 28
82 29
82 31
82 33
82 34
82 35
82 37
82 38
82 39
82 40
82 41
82 43
82 44
82 45
82 46
82 47
82 48
82 50
82 51
82 55
82 57
82 60
82 61
82 63
82 65
82 71
82 72
82 73
82 74
82 78
82 79
83 39
84 48
85 73
86 23
87 0
87 1
87 2
87 3
87 4
87 5
87 6
87 7
87 8
87 9
87 10
87 11
87 13
87 15
87 16
87 17
87 18
87 19
87 20
87 22
87 23
87 24
87 25
87 26
87 27
87 28
87 29
87 31
87 34
87 35
87 36
87 37
87 38
87 39
87 40
87 42
87 47
87 50
87 51
87 53
87 55
87 56
87 57
87 61
87 63
87 64
87 65
87 68
87 72
87 73
87 74
87 75
87 78
87 82
87 83
87 85
88 33
89 0
89 2
89 3
89 4
89 5
89 6
89 8
89 9
89 10
89 15
89 18
89 19
89 20
89 22
89 25
89 26
89 29
89 30
89 31
89 33
89 34
89 39
89 41
89 42
89 47
89 48
89 50
89 55
89 57
89 61
89 63
89 65
89 66
89 71
89 72
89 73
89 74
89 78
89 81
89 82
89 87
89 88
90 0
90 69
91 0
91 1
91 2
91 3
91 4
91 5
91 7
91 8
91 9
91 10
91 11
91 13
91 14
91 15
91 17
91 18
91 19
91 20
91 22
91 23
91 24
91 25
91 26
91 27
91 28
91 29
91 30
91 31
91 33
91 34
91 35
91 37
91 39
91 40
91 42
91 43
91 44
91 45
91 46
91 47
91 48
91 49
91 50
91 51
91 54
91 57
91 60
91 61
91 63
91 65
91 66
91 68
91 71
91 72
91 73
91 74
91 78
91 79
91 81
91 82
91 87
91 89
92 0
92 1
92 2
92 3
92 4
92 5
92 6
92 7
92 8
92 9
92 10
92 14
92 18
92 19
92 21
92 22
92 23
92 24
92 25
92 26
92 27
92 28
92 29
92 30
92 32
92 33
92 34
92 35
92 36
92 37
92 38
92 39
92 40
92 41
92 42
92 43
92 44
92 46
92 47
92 48
92 50
92 51
92 52
92 53
92 54
92 55
92 56
92 57
92 58
92 61
92 62
92 63
92 65
92 66
92 71
92 72
92 73
92 74
92 78
92 79
92 82
92 83
92 84
92 86
92 87
92 88
92 89
92 91
93 0
93 1
93 2
93 3
93 4
93 5
93 7
93 8
93 9
93 11
93 15
93 17
93 18
93 19
93 20
93 23
93 26
93 27
93 28
93 29
93 31
93 34
93 35
93 37
93 39
93 40
93 41
93 45
93 47
93 49
93 50
93 56
93 57
93 59
93 61
93 63
93 64
93 65
93 67
93 68
93 72
93 73
93 74
93 78
93 82
93 86
93 87
93 89
93 91
93 92
94 0
94 1
94 2
94 5
94 9
94 35
94 37
94 40
94 52
94 78
95 0
95 1
95 2
95 3
95 4
95 5
95 6
95 7
95 8
95 9
95 11
95 14
95 15
95 16
95 18
95 19
95 21
95 22
95 26
95 27
95 28
95 29
95 31
95 33
95 34
95 35
95 37
95 39
95 40
95 41
95 42
95 43
95 44
95 45
95 47
95 48
95 49
95 50
95 51
95 52
95 53
95 55
95 57
95 61
95 63
95 65
95 68
95 71
95 72
95 74
95 78
95 79
95 82
95 87
95 88
95 89
95 91
95 92
95 93
95 94
96 18
96 68
96 74
96 78
96 92
96 93
96 95
97 0
97 1
97 2
97 3
97 4
97 5
97 6
97 7
97 8
97 9
97 10
97 11
97 13
97 14
97 15
97 16
97 17
97 18
97 19
97 20
97 23
97 26
97 27
97 28
97 29
97 33
97 34
97 35
97 37
97 39
97 40
97 41
97 42
97 45
97 46
97 48
97 50
97 51
97 53
97 55
97 56
97 57
97 60
97 61
97 63
97 64
97 65
97 67
97 68
97 71
97 72
97 74
97 78
97 79
97 81
97 82
97 86
97 87
97 89
97 91
97 92
97 93
97 94
97 95
97 96
98 0
98 1
98 2
98 3
98 4
98 5
98 7
98 8
98 9
98 10
98 14
98 15
98 17
98 18
98 19
98 21
98 23
98 24
98 25
98 26
98 27
98 30
98 31
98 33
98 34
98 35
98 37
98 39
98 40
98 41
98 43
98 45
98 46
98 48
98 50
98 52
98 54
98 55
98 57
98 61
98 63
98 65
98 66
98 68
98 71
98 72
98 73
98 74
98 78
98 82
98 84
98 85
98 87
98 89
98 91
98 92
98 93
98 94
98 95
98 96
98 97
99 0
99 1
99 2
99 3
99 4
99 5
99 6
99 7
99 8
99 9
99 11
99 13
99 14
99 15
99 16
99 17
99 18
99 19
99 20
99 21
99 23
99 24
99 26
99 27
99 28
99 29
99 31
99 33
99 34
99 35
99 37
99 38
99 39
99 40
99 44
99 46
99 47
99 48
99 49
99 50
99 51
99 52
99 53
99 54
99 55
99 56
99 57
99 60
99 61
99 63
99 64
99 65
99 66
99 68
99 71
99 73
99 74
99 78
99 79
99 82
99 85
99 87
99 89
99 91
99 92
99 93
99 94
99 95
99 96
99 97
99 98
100 18
101 0
101 1
101 2
101 3
101 4
101 5
101 6
101 7
101 8
101 9
101 10
101 11
101 13
101 14
101 15
101 16
101 17
101 18
101 19
101 20
101 21
101 23
101 24
101 25
101 26
101 27
101 28
101 29
101 31
101 33
101 34
101 35
101 37
101 38
101 39
101 40
101 41
101 43
101 45
101 46
101 48
101 50
101 51
101 53
101 55
101 56
101 57
101 59
101 60
101 61
101 63
101 64
101 65
101 68
101 69
101 71
101 72
101 74
101 76
101 77
101 78
101 79
101 80
101 82
101 83
101 84
101 87
101 89
101 90
101 91
101 92
101 93
101 94
101 95
101 96
101 97
101 98
101 99
102 18
102 27
102 40
102 92
102 95
102 97
102 98
102 101
103 15
104 0
104 1
104 2
104 3
104 4
104 5
104 6
104 7
104 8
104 9
104 10
104 11
104 13
104 14
104 15
104 16
104 17
104 18
104 19
104 20
104 21
104 22
104 23
104 24
104 25
104 26
104 27
104 28
104 29
104 30
104 31
104 33
104 34
104 35
104 37
104 38
104 39
104 40
104 41
104 42
104 43
104 44
104 45
104 47
104 48
104 49
104 50
104 51
104 52
104 53
104 54
104 55
104 57
104 60
104 61
104 63
104 64
104 65
104 66
104 68
104 71
104 72
104 73
104 74
104 78
104 79
104 82
104 83
104 86
104 87
104 89
104 91
104 92
104 93
104 94
104 95
104 96
104 97
104 98
104 99
104 101
104 102
105 27
106 0
106 1
106 2
106 3
106 5
106 7
106 8
106 9
106 10
106 14
106 15
106 17
106 18
106 21
106 23
106 25
106 26
106 27
106 28
106 29
106 31
106 33
106 34
106 35
106 37
106 38
106 39
106 40
106 41
106 47
106 48
106 50
106 52
106 54
106 55
106 56
106 57
106 60
106 61
106 63
106 65
106 66
106 71
106 73
106 74
106 78
106 79
106 81
106 82
106 87
106 89
106 91
106 92
106 93
106 94
106 95
106 96
106 97
106 98
106 99
106 101
106 102
106 104
106 105
107 0
107 1
107 2
107 3
107 4
107 5
107 6
107 7
107 8
107 9
107 10
107 11
107 12
107 13
107 14
107 15
107 16
107 17
107 18
107 19
107 20
107 22
107 23
107 24
107 26
107 27
107 28
107 29
107 31
107 32
107 33
107 34
107 35
107 36
107 37
107 38
107 39
107 40
107 41
107 43
107 44
107 45
107 46
107 47
107 48
107 50
107 51
107 54
107 55
107 56
107 57
107 58
107 60
107 61
107 62
107 63
107 65
107 66
107 71
107 73
107 74
107 75
107 78
107 82
107 83
107 86
107 87
107 88
107 89
107 91
107 92
107 93
107 95
107 96
107 97
107 98
107 99
107 101
107 102
107 103
107 104
107 106
108 0
108 1
108 2
108 3
108 4
108 5
108 6
108 7
108 8
108 9
108 10
108 11
108 13
108 14
108 15
108 16
108 17
108 18
108 19
108 20
108 21
108 23
108 24
108 26
108 27
108 28
108 29
108 31
108 33
108 34
108 35
108 36
108 37
108 38
108 39
108 40
108 44
108 46
108 47
108 48
108 50
108 51
108 53
108 54
108 57
108 60
108 61
108 63
108 65
108 66
108 67
108 69
108 71
108 73
108 74
108 75
108 78
108 81
108 82
108 85
108 86
108 87
108 89
108 91
108 92
108 93
108 94
108 95
108 96
108 97
108 98
108 99
108 101
108 102
108 104
108 106
108 107
109 0
109 1
109 2
109 3
109 4
109 5
109 6
109 7
109 8
109 9
109 10
109 11
109 13
109 14
109 15
109 16
109 17
109 18
109 19
109 20
109 21
109 23
109 25
109 26
109 27
109 28
109 29
109 31
109 33
109 34
109 35
109 37
109 38
109 39
109 40
109 46
109 47
109 48
109 50
109 52
109 53
109 54
109 57
109 61
109 63
109 65
109 66
109 68
109 71
109 73
109 74
109 78
109 79
109 82
109 84
109 87
109 89
109 91
109 92
109 93
109 94
109 95
109 96
109 97
109 98
109 99
109 101
109 102
109 104
109 106
109 107
109 108
110 0
110 1
110 2
110 3
110 4
110 5
110 7
110 8
110 9
110 10
110 11
110 14
110 15
110 16
110 17
110 18
110 19
110 20
110 24
110 26
110 27
110 28
110 31
110 33
110 34
110 35
110 37
110 39
110 40
110 41
110 42
110 43
110 44
110 45
110 46
110 47
110 48
110 49
110 50
110 51
110 52
110 54
110 55
110 56
110 57
110 61
110 63
110 65
110 66
110 68
110 69
110 71
110 72
110 73
110 74
110 78
110 79
110 81
110 82
110 84
110 85
110 87
110 89
110 90
110 91
110 92
110 93
110 94
110 95
110 96
110 97
110 98
110 99
110 101
110 102
110 103
110 104
110 106
110 107
110 108
110 109
111 0
111 1
111 2
111 3
111 4
111 5
111 6
111 7
111 8
111 9
111 10
111 11
111 13
111 14
111 15
111 16
111 17
111 18
111 19
111 20
111 23
111 25
111 26
111 28
111 29
111 31
111 33
111 34
111 35
111 37
111 39
111 40
111 41
111 43
111 45
111 46
111 47
111 48
111 50
111 51
111 52
111 54
111 55
111 57
111 60
111 61
111 63
111 64
111 65
111 68
111 73
111 74
111 78
111 81
111 82
111 87
111 89
111 91
111 92
111 93
111 94
111 95
111 96
111 97
111 98
111 99
111 100
111 101
111 102
111 104
111 106
111 107
111 108
111 109
111 110
112 23
113 0
113 1
113 2
113 3
113 4
113 5
113 6
113 7
113 8
113 9
113 10
113 11
113 13
113 14
113 15
113 16
113 17
113 18
113 19
113 20
113 22
113 23
113 24
113 25
113 26
113 27
113 28
113 29
113 31
113 33
113 34
113 35
113 36
113 37
113 38
113 39
113 40
113 41
113 42
113 43
113 45
113 46
113 47
113 48
113 49
113 50
113 51
113 54
113 55
113 56
113 57
113 58
113 59
113 60
113 61
113 63
113 65
113 66
113 68
113 70
113 71
113 72
113 73
113 74
113 77
113 78
113 79
113 81
113 82
113 87
113 89
113 91
113 92
113 93
113 94
113 95
113 96
113 97
113 98
113 99
113 101
113 102
113 104
113 106
113 107
113 108
113 109
113 110
113 111
114 0
114 1
114 2
114 3
114 4
114 5
114 6
114 7
114 8
114 9
114 10
114 11
114 12
114 13
114 14
114 15
114 16
114 17
114 18
114 19
114 20
114 21
114 22
114 23
114 26
114 27
114 28
114 29
114 31
114 32
114 33
114 34
114 35
114 37
114 39
114 40
114 42
114 43
114 47
114 49
114 50
114 51
114 54
114 55
114 57
114 58
114 61
114 62
114 63
114 65
114 66
114 68
114 69
114 71
114 72
114 73
114 74
114 78
114 81
114 82
114 84
114 87
114 89
114 90
114 91
114 92
114 93
114 95
114 96
114 97
114 98
114 99
114 101
114 102
114 104
114 106
114 107
114 108
114 109
114 110
114 111
114 113
115 58
116 65
117 9
118 0
118 1
118 2
118 3
118 4
118 5
118 7
118 8
118 9
118 10
118 11
118 12
118 13
118 14
118 15
118 16
118 17
118 18
118 19
118 20
118 21
118 23
118 24
118 26
118 27
118 28
118 29
118 31
118 32
118 33
118 34
118 35
118 37
118 39
118 40
118 41
118 43
118 48
118 50
118 51
118 53
118 54
118 55
118 57
118 58
118 60
118 61
118 62
118 63
118 65
118 66
118 68
118 73
118 74
118 78
118 82
118 85
118 86
118 87
118 89
118 91
118 92
118 93
118 95
118 96
118 97
118 98
118 99
118 101
118 102
118 104
118 106
118 107
118 108
118 109
118 110
118 111
118 112
118 113
118 114
119 92
120 0
120 1
120 2
120 3
120 4
120 5
120 6
120 7
120 8
120 9
120 10
120 11
120 12
120 13
120 14
120 15
120 16
120 17
120 18
120 19
120 20
120 21
120 23
120 26
120 27
120 28
120 29
120 31
120 32
120 33
120 34
120 35
120 36
120 37
120 38
120 39
120 40
120 41
120 43
120 45
120 46
120 47
120 48
120 49
120 50
120 51
120 52
120 54
120 55
120 57
120 58
120 60
120 61
120 62
120 63
120 64
120 65
120 66
120 71
120 73
120 74
120 75
120 78
120 79
120 82
120 86
120 87
120 88
120 89
120 91
120 92
120 93
120 94
120 95
120 96
120 97
120 98
120 99
120 100
120 101
120 102
120 104
120 106
120 107
120 108
120 109
120 110
120 111
120 112
120 113
120 114
120 118
121 119
122 0
122 2
122 3
122 4
122 11
122 65
123 0
123 1
123 2
123 3
123 4
123 5
123 6
123 7
123 8
123 9
123 10
123 11
123 12
123 13
123 14
123 15
123 16
123 17
123 18
123 19
123 20
123 22
123 23
123 25
123 26
123 27
123 28
123 29
123 30
123 31
123 32
123 33
123 34
123 35
123 37
123 38
123 39
123 40
123 42
123 43
123 45
123 46
123 47
123 48
123 50
123 51
123 52
123 53
123 54
123 55
123 56
123 57
123 58
123 59
123 60
123 61
123 62
123 63
123 64
123 65
123 68
123 70
123 71
123 72
123 73
123 74
123 78
123 81
123 82
123 83
123 87
123 89
123 91
123 92
123 93
123 95
123 96
123 97
123 98
123 99
123 101
123 104
123 106
123 107
123 108
123 109
123 110
123 111
123 113
123 114
123 118
123 120
123 122
124 0
124 1
124 2
124 3
124 4
124 5
124 6
124 7
124 8
124 9
124 10
124 11
124 12
124 13
124 14
124 15
124 16
124 17
124 18
124 19
124 20
124 21
124 22
124 23
124 24
124 25
124 26
124 27
124 28
124 29
124 30
124 31
124 32
124 33
124 34
124 35
124 36
124 37
124 38
124 39
124 40
124 41
124 42
124 43
124 44
124 45
124 46
124 47
124 48
124 49
124 50
124 51
124 52
124 53
124 54
124 55
124 56
124 57
124 59
124 61
124 63
124 64
124 65
124 66
124 68
124 71
124 72
124 73
124 74
124 75
124 78
124 79
124 81
124 82
124 83
124 84
124 87
124 89
124 91
124 92
124 93
124 94
124 95
124 96
124 97
124 98
124 99
124 100
124 101
124 102
124 104
124 106
124 107
124 108
124 109
124 110
124 111
124 113
124 114
124 118
124 120
124 122
124 123
125 121
126 27
126 82
126 95
127 0
127 1
127 2
127 3
127 4
127 5
127 6
127 7
127 8
127 9
127 10
127 11
127 13
127 14
127 15
127 16
127 17
127 18
127 19
127 20
127 22
127 23
127 24
127 25
127 26
127 27
127 28
127 29
127 30
127 31
127 33
127 34
127 35
127 37
127 38
127 39
127 40
127 41
127 42
127 43
127 44
127 45
127 46
127 47
127 48
127 49
127 50
127 51
127 52
127 53
127 54
127 55
127 56
127 57
127 58
127 59
127 60
127 61
127 63
127 64
127 65
127 66
127 68
127 69
127 71
127 72
127 73
127 74
127 75
127 78
127 79
127 81
127 82
127 83
127 84
127 85
127 87
127 89
127 91
127 92
127 93
127 94
127 95
127 96
127 97
127 98
127 99
127 101
127 102
127 104
127 106
127 107
127 108
127 109
127 110
127 111
127 113
127 114
127 118
127 120
127 123
127 124
128 90
129 0
129 1
129 2
129 3
129 4
129 5
129 6
129 7
129 8
129 9
129 10
129 11
129 13
129 14
129 15
129 16
129 17
129 18
129 19
129 20
129 23
129 24
129 26
129 27
129 28
129 29
129 31
129 33
129 34
129 35
129 37
129 38
129 39
129 40
129 41
129 43
129 44
129 45
129 46
129 47
129 48
129 49
129 50
129 51
129 52
129 53
129 54
129 55
129 56
129 57
129 59
129 60
129 61
129 63
129 64
129 65
129 66
129 68
129 71
129 73
129 74
129 76
129 78
129 79
129 82
129 85
129 87
129 89
129 91
129 92
129 93
129 94
129 95
129 96
129 97
129 98
129 99
129 101
129 102
129 104
129 106
129 107
129 108
129 109
129 110
129 111
129 113
129 114
129 118
129 120
129 123
129 124
129 127
130 26
131 0
131 1
131 2
131 3
131 4
131 5
131 6
131 7
131 8
131 9
131 11
131 13
131 14
131 15
131 16
131 17
131 18
131 19
131 20
131 21
131 22
131 23
131 24
131 25
131 26
131 27
131 28
131 29
131 30
131 31
131 33
131 34
131 35
131 37
131 39
131 40
131 41
131 42
131 44
131 45
131 46
131 47
131 48
131 49
131 50
131 51
131 52
131 53
131 54
131 55
131 56
131 57
131 61
131 62
131 63
131 64
131 65
131 66
131 71
131 72
131 73
131 74
131 78
131 79
131 82
131 87
131 89
131 91
131 92
131 93
131 94
131 95
131 96
131 97
131 98
131 99
131 101
131 102
131 103
131 104
131 106
131 107
131 108
131 109
131 110
131 111
131 113
131 114
131 118
131 119
131 120
131 121
131 122
131 123
131 124
131 125
131 127
131 129
132 0
132 1
132 2
132 3
132 4
132 5
132 6
132 7
132 8
132 9
132 10
132 11
132 12
132 13
132 14
132 15
132 16
132 17
132 18
132 19
132 20
132 21
132 22
132 23
132 24
132 25
132 26
132 27
132 28
132 29
132 31
132 32
132 33
132 34
132 35
132 36
132 37
132 38
132 39
132 40
132 41
132 42
132 46
132 47
132 48
132 50
132 51
132 52
132 53
132 54
132 55
132 57
132 58
132 60
132 61
132 62
132 63
132 64
132 65
132 68
132 71
132 72
132 73
132 74
132 75
132 78
132 81
132 82
132 84
132 85
132 87
132 89
132 91
132 92
132 93
132 94
132 95
132 96
132 97
132 98
132 99
132 101
132 102
132 104
132 106
132 107
132 108
132 109
132 110
132 111
132 113
132 114
132 118
132 120
132 123
132 124
132 127
132 129
132 131
133 113
133 123
134 0
134 1
134 2
134 3
134 4
134 5
134 6
134 7
134 8
134 9
134 10
134 11
134 13
134 14
134 15
134 16
134 17
134 18
134 19
134 20
134 21
134 22
134 23
134 25
134 26
134 27
134 28
134 29
134 30
134 31
134 33
134 34
134 35
134 37
134 38
134 39
134 40
134 41
134 43
134 46
134 48
134 50
134 51
134 53
134 56
134 57
134 59
134 60
134 61
134 63
134 65
134 70
134 71
134 72
134 74
134 77
134 78
134 82
134 87
134 89
134 91
134 92
134 93
134 95
134 96
134 97
134 98
134 99
134 101
134 102
134 103
134 104
134 106
134 107
134 108
134 109
134 110
134 111
134 113
134 114
134 118
134 120
134 123
134 124
134 126
134 127
134 129
134 131
134 132
135 0
135 1
135 2
135 3
135 4
135 5
135 6
135 7
135 8
135 9
135 10
135 11
135 13
135 14
135 15
135 16
135 17
135 18
135 19
135 20
135 22
135 23
135 24
135 25
135 26
135 27
135 28
135 31
135 33
135 34
135 35
135 37
135 38
135 39
135 40
135 41
135 44
135 46
135 47
135 48
135 49
135 50
135 51
135 52
135 55
135 56
135 57
135 60
135 61
135 63
135 64
135 65
135 68
135 69
135 71
135 72
135 73
135 74
135 78
135 79
135 82
135 87
135 89
135 90
135 91
135 92
135 93
135 94
135 95
135 96
135 97
135 98
135 99
135 101
135 103
135 104
135 106
135 107
135 108
135 109
135 110
135 111
135 113
135 114
135 117
135 118
135 120
135 123
135 124
135 127
135 129
135 131
135 132
135 133
135 134
136 96
137 0
137 1
137 2
137 3
137 4
137 5
137 6
137 7
137 8
137 9
137 10
137 11
137 12
137 14
137 15
137 16
137 17
137 18
137 19
137 20
137 21
137 22
137 23
137 24
137 25
137 26
137 27
137 28
137 29
137 30
137 31
137 32
137 33
137 34
137 35
137 37
137 38
137 39
137 40
137 41
137 42
137 43
137 44
137 45
137 46
137 47
137 48
137 49
137 50
137 51
137 52
137 53
137 54
137 55
137 57
137 58
137 60
137 61
137 63
137 64
137 65
137 66
137 67
137 68
137 71
137 72
137 73
137 74
137 78
137 79
137 81
137 82
137 85
137 86
137 87
137 88
137 89
137 91
137 92
137 93
137 94
137 95
137 96
137 97
137 98
137 99
137 101
137 102
137 104
137 105
137 106
137 107
137 108
137 109
137 110
137 111
137 113
137 114
137 118
137 120
137 123
137 124
137 126
137 127
137 129
137 131
137 132
137 133
137 134
137 135
137 136
138 110
139 8
139 9
139 28
140 0
140 1
140 2
140 3
140 4
140 5
140 6
140 7
140 8
140 9
140 10
140 11
140 12
140 14
140 15
140 16
140 17
140 18
140 19
140 21
140 22
140 23
140 24
140 25
140 26
140 27
140 28
140 29
140 31
140 32
140 33
140 34
140 35
140 36
140 37
140 39
140 40
140 41
140 43
140 44
140 45
140 46
140 47
140 48
140 50
140 51
140 52
140 54
140 55
140 57
140 58
140 61
140 62
140 63
140 65
140 66
140 67
140 68
140 71
140 73
140 74
140 75
140 77
140 78
140 81
140 82
140 84
140 87
140 88
140 89
140 91
140 92
140 93
140 94
140 95
140 97
140 98
140 99
140 101
140 104
140 106
140 107
140 108
140 109
140 110
140 111
140 113
140 114
140 118
140 120
140 123
140 124
140 127
140 129
140 131
140 132
140 134
140 135
140 137
140 138
141 0
141 1
141 2
141 3
141 4
141 5
141 6
141 7
141 8
141 9
141 10
141 11
141 12
141 14
141 15
141 16
141 17
141 18
141 19
141 22
141 26
141 27
141 28
141 29
141 31
141 33
141 34
141 35
141 37
141 38
141 39
141 40
141 41
141 43
141 44
141 45
141 46
141 47
141 48
141 49
141 50
141 51
141 54
141 55
141 57
141 58
141 60
141 61
141 63
141 64
141 65
141 66
141 71
141 72
141 73
141 74
141 78
141 79
141 81
141 82
141 84
141 87
141 89
141 91
141 92
141 93
141 94
141 95
141 97
141 98
141 99
141 100
141 101
141 102
141 104
141 105
141 106
141 107
141 108
141 109
141 110
141 111
141 113
141 114
141 118
141 120
141 123
141 124
141 127
141 129
141 131
141 132
141 133
141 134
141 135
141 137
141 138
141 140
142 0
142 1
142 2
142 3
142 4
142 5
142 6
142 7
142 8
142 9
142 10
142 11
142 12
142 13
142 14
142 15
142 16
142 17
142 18
142 19
142 20
142 21
142 22
142 23
142 24
142 25
142 26
142 27
142 28
142 29
142 31
142 33
142 34
142 35
142 37
142 39
142 40
142 41
142 42
142 43
142 44
142 45
142 46
142 47
142 48
142 50
142 51
142 52
142 54
142 55
142 56
142 57
142 59
142 60
142 61
142 63
142 65
142 71
142 73
142 74
142 78
142 82
142 83
142 85
142 87
142 88
142 89
142 91
142 92
142 93
142 94
142 95
142 96
142 97
142 98
142 99
142 101
142 102
142 104
142 106
142 107
142 108
142 109
142 110
142 111
142 113
142 114
142 117
142 118
142 120
142 123
142 124
142 127
142 129
142 131
142 132
142 133
142 134
142 135
142 136
142 137
142 140
142 141
143 89
144 0
144 1
144 2
144 3
144 4
144 5
144 6
144 7
144 8
144 9
144 10
144 11
144 12
144 13
144 14
144 15
144 16
144 17
144 18
144 19
144 20
144 21
144 22
144 23
144 24
144 25
144 26
144 27
144 28
144 29
144 31
144 33
144 34
144 35
144 37
144 38
144 39
144 40
144 41
144 42
144 43
144 44
144 45
144 46
144 47
144 48
144 49
144 50
144 51
144 52
144 53
144 54
144 55
144 56
144 57
144 59
144 60
144 61
144 63
144 65
144 66
144 67
144 68
144 70
144 71
144 72
144 73
144 74
144 78
144 79
144 80
144 81
144 82
144 84
144 86
144 87
144 89
144 91
144 92
144 93
144 94
144 95
144 96
144 97
144 98
144 99
144 101
144 102
144 104
144 105
144 106
144 107
144 108
144 109
144 110
144 111
144 112
144 113
144 114
144 118
144 120
144 122
144 123
144 124
144 126
144 127
144 129
144 131
144 132
144 133
144 134
144 135
144 137
144 138
144 140
144 141
144 142
145 0
145 1
145 2
145 3
145 4
145 5
145 6
145 7
145 8
145 9
145 10
145 11
145 12
145 13
145 14
145 15
145 16
145 17
145 18
145 19
145 20
145 21
145 22
145 23
145 24
145 25
145 26
145 27
145 28
145 29
145 31
145 32
145 33
145 34
145 35
145 36
145 37
145 38
145 39
145 40
145 42
145 43
145 44
145 45
145 46
145 47
145 48
145 49
145 50
145 51
145 52
145 53
145 54
145 55
145 56
145 57
145 58
145 59
145 60
145 61
145 62
145 63
145 64
145 65
145 66
145 68
145 71
145 73
145 74
145 78
145 82
145 84
145 85
145 87
145 89
145 91
145 92
145 93
145 94
145 95
145 96
145 97
145 98
145 99
145 100
145 101
145 102
145 103
145 104
145 106
145 107
145 108
145 109
145 110
145 111
145 113
145 114
145 116
145 118
145 120
145 122
145 123
145 124
145 127
145 129
145 130
145 131
145 132
145 134
145 135
145 137
145 139
145 140
145 141
145 142
145 144
146 0
146 1
146 2
146 3
146 4
146 5
146 6
146 7
146 8
146 9
146 10
146 11
146 13
146 14
146 15
146 16
146 17
146 18
146 19
146 20
146 22
146 23
146 24
146 26
146 28
146 29
146 31
146 32
146 34
146 35
146 37
146 39
146 40
146 41
146 42
146 44
146 45
146 48
146 50
146 51
146 52
146 53
146 54
146 56
146 57
146 59
146 61
146 62
146 63
146 65
146 67
146 68
146 71
146 72
146 74
146 78
146 79
146 81
146 82
146 86
146 87
146 89
146 91
146 92
146 93
146 94
146 95
146 96
146 97
146 98
146 99
146 101
146 102
146 104
146 106
146 107
146 108
146 109
146 110
146 111
146 113
146 114
146 118
146 120
146 123
146 124
146 127
146 129
146 131
146 132
146 134
146 135
146 137
146 138
146 140
146 141
146 142
146 144
146 145
147 0
147 1
147 2
147 3
147 4
147 5
147 6
147 7
147 8
147 9
147 10
147 11
147 13
147 14
147 15
147 16
147 17
147 18
147 19
147 20
147 22
147 23
147 24
147 25
147 26
147 27
147 28
147 29
147 30
147 31
147 33
147 34
147 35
147 36
147 37
147 38
147 39
147 40
147 41
147 42
147 43
147 44
147 45
147 46
147 47
147 48
147 49
147 50
147 51
147 52
147 53
147 54
147 55
147 56
147 57
147 59
147 60
147 61
147 63
147 65
147 66
147 68
147 70
147 71
147 72
147 73
147 74
147 75
147 77
147 78
147 79
147 81
147 82
147 83
147 84
147 87
147 89
147 91
147 92
147 93
147 94
147 95
147 96
147 97
147 98
147 99
147 101
147 102
147 103
147 104
147 106
147 107
147 108
147 109
147 110
147 111
147 113
147 114
147 118
147 120
147 122
147 123
147 124
147 127
147 129
147 131
147 132
147 134
147 135
147 137
147 140
147 141
147 142
147 143
147 144
147 145
147 146
148 0
148 1
148 2
148 3
148 4
148 5
148 6
148 7
148 8
148 9
148 11
148 14
148 15
148 16
148 17
148 18
148 19
148 20
148 22
148 23
148 24
148 25
148 26
148 27
148 28
148 29
148 30
148 33
148 34
148 35
148 37
148 38
148 39
148 40
148 42
148 44
148 46
148 48
148 49
148 50
148 52
148 53
148 54
148 55
148 56
148 57
148 59
148 61
148 63
148 65
148 66
148 67
148 68
148 69
148 71
148 72
148 73
148 74
148 75
148 78
148 79
148 80
148 81
148 82
148 84
148 85
148 86
148 87
148 89
148 90
148 91
148 92
148 93
148 94
148 95
148 96
148 97
148 98
148 99
148 101
148 104
148 106
148 107
148 108
148 109
148 110
148 111
148 113
148 114
148 118
148 120
148 122
148 123
148 124
148 126
148 127
148 129
148 130
148 131
148 132
148 133
148 134
148 135
148 137
148 140
148 141
148 142
148 144
148 145
148 146
148 147
149 37
150 107
150 141
151 124
152 68
153 14
153 51
153 71
153 92
153 99
153 104
153 137
153 146
154 112
155 4
155 6
156 0
156 1
156 2
156 3
156 4
156 5
156 6
156 7
156 8
156 9
156 10
156 11
156 12
156 13
156 14
156 15
156 16
156 17
156 18
156 19
156 20
156 21
156 22
156 23
156 24
156 25
156 26
156 27
156 28
156 29
156 30
156 31
156 32
156 33
156 34
156 35
156 37
156 38
156 39
156 40
156 41
156 42
156 43
156 44
156 45
156 46
156 47
156 48
156 49
156 50
156 51
156 52
156 53
156 54
156 55
156 57
156 58
156 60
156 61
156 62
156 63
156 64
156 65
156 66
156 68
156 69
156 71
156 72
156 73
156 74
156 78
156 79
156 81
156 82
156 85
156 86
156 87
156 89
156 90
156 91
156 92
156 93
156 94
156 95
156 96
156 97
156 98
156 99
156 101
156 102
156 103
156 104
156 106
156 107
156 108
156 109
156 110
156 111
156 113
156 114
156 116
156 118
156 120
156 123
156 124
156 127
156 129
156 131
156 132
156 134
156 135
156 137
156 140
156 141
156 142
156 144
156 145
156 146
156 147
156 148
156 150
156 153
157 87
157 110
158 0
158 1
158 2
158 3
158 4
158 5
158 6
158 7
158 8
158 9
158 10
158 11
158 13
158 14
158 15
158 16
158 17
158 18
158 19
158 20
158 21
158 22
158 23
158 24
158 25
158 26
158 27
158 28
158 29
158 30
158 31
158 33
158 34
158 35
158 37
158 38
158 39
158 40
158 41
158 42
158 43
158 44
158 45
158 46
158 47
158 48
158 50
158 51
158 52
158 53
158 55
158 56
158 57
158 58
158 59
158 61
158 63
158 64
158 65
158 66
158 68
158 70
158 71
158 72
158 73
158 74
158 78
158 79
158 81
158 82
158 85
158 87
158 88
158 89
158 91
158 92
158 93
158 94
158 95
158 96
158 97
158 98
158 99
158 101
158 102
158 103
158 104
158 106
158 107
158 108
158 109
158 110
158 111
158 113
158 114
158 115
158 118
158 120
158 121
158 123
158 124
158 125
158 126
158 127
158 129
158 131
158 132
158 134
158 135
158 137
158 138
158 139
158 140
158 141
158 142
158 144
158 145
158 146
158 147
158 148
158 150
158 151
158 153
158 156
159 0
159 1
159 2
159 3
159 4
159 5
159 6
159 7
159 8
159 9
159 10
159 11
159 12
159 13
159 14
159 15
159 16
159 17
159 18
159 19
159 20
159 23
159 24
159 25
159 26
159 27
159 28
159 29
159 30
159 31
159 32
159 33
159 34
159 35
159 36
159 37
159 38
159 39
159 40
159 41
159 42
159 44
159 45
159 46
159 47
159 48
159 49
159 50
159 51
159 52
159 53
159 54
159 55
159 56
159 57
159 58
159 60
159 61
159 62
159 63
159 64
159 65
159 66
159 67
159 69
159 71
159 73
159 74
159 75
159 78
159 79
159 81
159 82
159 84
159 87
159 88
159 89
159 90
159 91
159 92
159 93
159 94
159 95
159 96
159 97
159 98
159 99
159 101
159 102
159 103
159 104
159 105
159 106
159 107
159 108
159 109
159 110
159 111
159 113
159 114
159 118
159 119
159 120
159 121
159 122
159 123
159 124
159 125
159 126
159 127
159 129
159 131
159 132
159 133
159 134
159 135
159 137
159 140
159 141
159 142
159 144
159 145
159 146
159 147
159 148
159 149
159 151
159 153
159 156
159 158
160 65
160 89
161 33
162 0
162 1
162 2
162 3
162 4
162 5
162 6
162 7
162 8
162 9
162 10
162 11
162 12
162 13
162 14
162 15
162 16
162 17
162 18
162 19
162 20
162 21
162 22
162 23
162 24
162 25
162 26
162 27
162 28
162 29
162 31
162 32
162 33
162 34
162 35
162 37
162 38
162 39
162 40
162 41
162 42
162 43
162 44
162 45
162 46
162 48
162 50
162 51
162 52
162 53
162 54
162 55
162 56
162 57
162 58
162 59
162 61
162 63
162 64
162 65
162 66
162 71
162 72
162 73
162 74
162 76
162 78
162 79
162 81
162 82
162 86
162 87
162 89
162 91
162 92
162 93
162 94
162 95
162 96
162 97
162 98
162 99
162 101
162 102
162 104
162 106
162 107
162 108
162 109
162 110
162 111
162 113
162 114
162 116
162 118
162 119
162 120
162 123
162 124
162 126
162 127
162 129
162 131
162 132
162 133
162 134
162 135
162 136
162 137
162 140
162 141
162 142
162 144
162 145
162 146
162 147
162 148
162 153
162 156
162 157
162 158
162 159
163 0
163 1
163 2
163 3
163 4
163 5
163 6
163 7
163 8
163 9
163 10
163 11
163 12
163 13
163 14
163 15
163 16
163 17
163 18
163 19
163 20
163 21
163 22
163 23
163 24
163 25
163 26
163 27
163 28
163 29
163 31
163 32
163 33
163 34
163 35
163 36
163 37
163 38
163 39
163 40
163 41
163 42
163 43
163 44
163 45
163 46
163 47
163 48
163 49
163 50
163 51
163 52
163 53
163 54
163 55
163 56
163 57
163 58
163 59
163 60
163 61
163 62
163 63
163 64
163 65
163 66
163 67
163 68
163 69
163 71
163 72
163 73
163 74
163 75
163 78
163 79
163 80
163 81
163 82
163 83
163 84
163 85
163 86
163 87
163 88
163 89
163 90
163 91
163 92
163 93
163 94
163 95
163 96
163 97
163 98
163 99
163 100
163 101
163 102
163 103
163 104
163 105
163 106
163 107
163 108
163 109
163 110
163 111
163 112
163 113
163 114
163 115
163 118
163 120
163 122
163 123
163 124
163 126
163 127
163 128
163 129
163 131
163 132
163 133
163 134
163 135
163 137
163 139
163 140
163 141
163 142
163 144
163 145
163 146
163 147
163 148
163 150
163 153
163 155
163 156
163 157
163 158
163 159
163 162
164 24
165 5
165 26
166 58
166 87
166 93
166 99
166 110
166 141
166 146
166 157
166 162
166 163
167 158
168 42
168 89
169 0
169 1
169 2
169 3
169 4
169 5
169 6
169 7
169 8
169 9
169 10
169 11
169 13
169 15
169 16
169 17
169 18
169 19
169 20
169 23
169 24
169 25
169 26
169 27
169 28
169 29
169 30
169 31
169 33
169 35
169 37
169 38
169 39
169 40
169 41
169 43
169 45
169 46
169 47
169 48
169 49
169 50
169 51
169 52
169 53
169 54
169 55
169 56
169 57
169 58
169 59
169 60
169 61
169 62
169 63
169 64
169 65
169 67
169 68
169 69
169 71
169 72
169 74
169 76
169 78
169 79
169 81
169 82
169 86
169 87
169 89
169 90
169 91
169 92
169 93
169 94
169 95
169 96
169 97
169 98
169 99
169 101
169 102
169 104
169 105
169 106
169 107
169 108
169 109
169 110
169 111
169 113
169 114
169 118
169 120
169 123
169 124
169 126
169 127
169 128
169 129
169 131
169 132
169 133
169 134
169 135
169 137
169 140
169 141
169 142
169 144
169 145
169 146
169 147
169 148
169 149
169 150
169 151
169 156
169 158
169 159
169 162
169 163
169 164
169 166
169 167
170 0
170 1
170 2
170 3
170 4
170 5
170 6
170 7
170 8
170 9
170 10
170 11
170 12
170 13
170 14
170 15
170 16
170 17
170 18
170 19
170 20
170 21
170 22
170 23
170 24
170 25
170 26
170 27
170 28
170 29
170 31
170 32
170 33
170 34
170 35
170 36
170 37
170 38
170 39
170 40
170 41
170 42
170 43
170 44
170 45
170 46
170 47
170 48
170 50
170 51
170 52
170 53
170 54
170 55
170 56
170 57
170 58
170 60
170 61
170 62
170 63
170 65
170 66
170 68
170 71
170 72
170 73
170 74
170 75
170 78
170 79
170 81
170 82
170 85
170 87
170 89
170 90
170 91
170 92
170 93
170 94
170 95
170 96
170 97
170 98
170 99
170 101
170 102
170 104
170 106
170 107
170 108
170 109
170 110
170 111
170 113
170 114
170 115
170 118
170 120
170 123
170 124
170 127
170 129
170 131
170 132
170 133
170 134
170 135
170 137
170 139
170 140
170 141
170 142
170 144
170 145
170 146
170 147
170 148
170 150
170 151
170 152
170 153
170 156
170 157
170 158
170 159
170 160
170 161
170 162
170 163
170 164
170 166
170 168
170 169
171 124
171 132
172 15
172 39
172 56
172 129
173 0
173 1
173 2
173 3
173 4
173 5
173 6
173 7
173 8
173 9
173 10
173 11
173 12
173 13
173 14
173 15
173 16
173 17
173 18
173 20
173 21
173 22
173 24
173 25
173 26
173 27
173 28
173 29
173 30
173 31
173 32
173 33
173 34
173 35
173 37
173 38
173 39
173 40
173 41
173 42
173 43
173 45
173 46
173 47
173 48
173 49
173 50
173 51
173 53
173 54
173 55
173 56
173 57
173 58
173 59
173 60
173 61
173 62
173 63
173 65
173 66
173 68
173 70
173 71
173 73
173 74
173 75
173 78
173 79
173 81
173 82
173 87
173 89
173 91
173 92
173 93
173 94
173 95
173 96
173 97
173 98
173 99
173 100
173 101
173 102
173 104
173 106
173 107
173 108
173 109
173 110
173 111
173 113
173 114
173 115
173 118
173 120
173 123
173 124
173 127
173 129
173 131
173 132
173 133
173 134
173 135
173 137
173 139
173 140
173 141
173 142
173 144
173 145
173 146
173 147
173 148
173 149
173 152
173 153
173 156
173 158
173 159
173 162
173 163
173 165
173 166
173 167
173 168
173 169
173 170
174 33
174 134
174 141
175 69
175 90
176 12
177 0
177 1
177 2
177 3
177 4
177 5
177 6
177 7
177 8
177 9
177 10
177 11
177 13
177 14
177 15
177 16
177 17
177 18
177 19
177 20
177 21
177 22
177 23
177 24
177 25
177 26
177 27
177 28
177 29
177 31
177 33
177 34
177 35
177 36
177 37
177 38
177 39
177 40
177 41
177 42
177 43
177 45
177 46
177 47
177 48
177 49
177 50
177 51
177 52
177 53
177 54
177 55
177 56
177 57
177 59
177 60
177 61
177 63
177 65
177 66
177 67
177 68
177 71
177 72
177 73
177 74
177 75
177 77
177 78
177 79
177 81
177 82
177 84
177 85
177 87
177 88
177 89
177 91
177 92
177 93
177 94
177 95
177 96
177 97
177 98
177 99
177 101
177 102
177 104
177 105
177 106
177 107
177 108
177 109
177 110
177 111
177 113
177 114
177 118
177 120
177 122
177 123
177 124
177 126
177 127
177 129
177 131
177 132
177 134
177 135
177 137
177 139
177 140
177 141
177 142
177 144
177 145
177 146
177 147
177 148
177 156
177 158
177 159
177 162
177 163
177 165
177 166
177 168
177 169
177 170
177 173
178 77
179 40
179 51
179 92
179 123
179 127
179 144
179 169
179 170
179 173
179 177
180 0
180 1
180 2
180 3
180 4
180 5
180 6
180 7
180 8
180 9
180 10
180 11
180 12
180 13
180 14
180 15
180 16
180 17
180 18
180 19
180 20
180 21
180 22
180 23
180 24
180 25
180 26
180 27
180 28
180 29
180 30
180 31
180 32
180 33
180 34
180 35
180 37
180 38
180 39
180 40
180 41
180 42
180 43
180 44
180 45
180 46
180 47
180 48
180 49
180 50
180 51
180 52
180 53
180 54
180 55
180 56
180 57
180 58
180 59
180 60
180 61
180 62
180 63
180 64
180 65
180 66
180 67
180 68
180 70
180 71
180 72
180 73
180 74
180 76
180 77
180 78
180 79
180 81
180 82
180 84
180 85
180 86
180 87
180 88
180 89
180 91
180 92
180 93
180 94
180 95
180 96
180 97
180 98
180 99
180 101
180 102
180 103
180 104
180 106
180 107
180 108
180 109
180 110
180 111
180 113
180 114
180 118
180 120
180 122
180 123
180 124
180 127
180 129
180 130
180 131
180 132
180 134
180 135
180 137
180 140
180 141
180 142
180 144
180 145
180 146
180 147
180 148
180 152
180 153
180 156
180 157
180 158
180 159
180 160
180 162
180 163
180 164
180 166
180 167
180 169
180 170
180 173
180 177
180 179
181 35
182 171
183 170
184 100
185 0
185 2
185 3
185 4
185 11
185 24
185 36
185 37
185 44
185 52
185 65
185 78
185 87
185 93
185 94
185 98
185 113
185 135
185 137
185 141
185 158
185 163
185 169
185 170
185 177
185 179
185 180
186 0
186 1
186 2
186 3
186 4
186 5
186 6
186 7
186 8
186 9
186 10
186 11
186 12
186 13
186 14
186 15
186 16
186 17
186 18
186 19
186 20
186 22
186 23
186 24
186 25
186 26
186 27
186 28
186 29
186 31
186 32
186 33
186 34
186 35
186 36
186 37
186 38
186 39
186 40
186 41
186 42
186 43
186 44
186 45
186 46
186 47
186 48
186 49
186 50
186 51
186 52
186 53
186 54
186 55
186 56
186 57
186 58
186 59
186 60
186 61
186 62
186 63
186 64
186 65
186 66
186 68
186 69
186 70
186 71
186 72
186 73
186 74
186 75
186 78
186 79
186 82
186 84
186 85
186 86
186 87
186 89
186 91
186 92
186 93
186 94
186 95
186 96
186 97
186 98
186 99
186 100
186 101
186 102
186 104
186 106
186 107
186 108
186 109
186 110
186 111
186 112
186 113
186 114
186 115
186 118
186 120
186 123
186 124
186 126
186 127
186 129
186 131
186 132
186 134
186 135
186 137
186 139
186 140
186 141
186 142
186 144
186 145
186 146
186 147
186 148
186 153
186 156
186 157
186 158
186 159
186 160
186 162
186 163
186 166
186 169
186 170
186 173
186 174
186 175
186 177
186 179
186 180
186 184
186 185
187 127
187 158
187 167
188 0
188 1
188 2
188 3
188 4
188 5
188 6
188 7
188 8
188 9
188 10
188 11
188 12
188 13
188 14
188 15
188 16
188 17
188 18
188 19
188 20
188 21
188 22
188 23
188 24
188 25
188 26
188 27
188 28
188 29
188 30
188 31
188 32
188 33
188 34
188 35
188 36
188 37
188 38
188 39
188 40
188 41
188 42
188 43
188 44
188 45
188 46
188 47
188 48
188 49
188 50
188 51
188 52
188 53
188 54
188 55
188 56
188 57
188 58
188 59
188 60
188 61
188 63
188 65
188 66
188 68
188 71
188 72
188 73
188 74
188 75
188 78
188 79
188 80
188 81
188 82
188 84
188 85
188 86
188 87
188 88
188 89
188 91
188 92
188 93
188 94
188 95
188 96
188 97
188 98
188 99
188 101
188 102
188 104
188 106
188 107
188 108
188 109
188 110
188 111
188 112
188 113
188 114
188 118
188 119
188 120
188 121
188 123
188 124
188 125
188 126
188 127
188 129
188 131
188 132
188 134
188 135
188 137
188 139
188 140
188 141
188 142
188 144
188 145
188 146
188 147
188 148
188 153
188 156
188 158
188 159
188 160
188 161
188 162
188 163
188 166
188 167
188 168
188 169
188 170
188 173
188 174
188 177
188 179
188 180
188 185
188 186
188 187
189 0
189 1
189 2
189 3
189 4
189 5
189 6
189 7
189 8
189 9
189 10
189 11
189 13
189 14
189 15
189 16
189 17
189 18
189 19
189 20
189 21
189 22
189 23
189 24
189 25
189 26
189 27
189 28
189 29
189 31
189 33
189 34
189 35
189 37
189 38
189 39
189 40
189 42
189 43
189 44
189 45
189 46
189 47
189 48
189 49
189 50
189 51
189 53
189 54
189 55
189 56
189 57
189 59
189 60
189 61
189 63
189 64
189 65
189 68
189 70
189 71
189 72
189 73
189 74
189 76
189 77
189 78
189 79
189 81
189 82
189 87
189 89
189 91
189 92
189 93
189 94
189 95
189 96
189 97
189 98
189 99
189 101
189 102
189 104
189 106
189 107
189 108
189 109
189 110
189 111
189 112
189 113
189 114
189 118
189 120
189 123
189 124
189 126
189 127
189 129
189 130
189 131
189 132
189 134
189 135
189 136
189 137
189 138
189 139
189 140
189 141
189 142
189 144
189 145
189 146
189 147
189 148
189 149
189 152
189 153
189 156
189 158
189 159
189 162
189 163
189 164
189 166
189 167
189 168
189 169
189 170
189 173
189 177
189 179
189 180
189 185
189 186
189 187
189 188
190 0
190 1
190 2
190 3
190 4
190 5
190 6
190 7
190 8
190 9
190 10
190 11
190 12
190 13
190 14
190 15
190 16
190 17
190 18
190 19
190 20
190 21
190 22
190 23
190 24
190 25
190 26
190 27
190 28
190 29
190 30
190 31
190 32
190 33
190 34
190 35
190 36
190 37
190 38
190 39
190 40
190 41
190 42
190 43
190 44
190 45
190 46
190 47
190 48
190 49
190 50
190 51
190 52
190 53
190 54
190 55
190 56
190 57
190 58
190 59
190 60
190 61
190 62
190 63
190 64
190 65
190 66
190 67
190 68
190 69
190 70
190 71
190 72
190 73
190 74
190 75
190 76
190 78
190 79
190 81
190 82
190 83
190 84
190 85
190 86
190 87
190 88
190 89
190 90
190 91
190 92
190 93
190 94
190 95
190 96
190 97
190 98
190 99
190 101
190 102
190 104
190 105
190 106
190 107
190 108
190 109
190 110
190 111
190 113
190 114
190 116
190 118
190 120
190 123
190 124
190 126
190 127
190 129
190 130
190 131
190 132
190 133
190 134
190 135
190 136
190 137
190 140
190 141
190 142
190 143
190 144
190 145
190 146
190 147
190 148
190 150
190 153
190 156
190 157
190 158
190 159
190 162
190 163
190 166
190 168
190 169
190 170
190 172
190 173
190 177
190 180
190 185
190 186
190 188
190 189
191 0
191 1
191 2
191 3
191 4
191 5
191 6
191 7
191 8
191 9
191 10
191 11
191 13
191 14
191 15
191 16
191 17
191 18
191 19
191 20
191 21
191 22
191 23
191 24
191 25
191 26
191 27
191 28
191 29
191 30
191 31
191 32
191 33
191 35
191 37
191 38
191 39
191 40
191 41
191 42
191 43
191 44
191 45
191 46
191 48
191 49
191 50
191 51
191 52
191 53
191 54
191 55
191 56
191 57
191 58
191 59
191 60
191 61
191 63
191 65
191 66
191 68
191 71
191 72
191 73
191 74
191 75
191 78
191 79
191 82
191 84
191 87
191 89
191 91
191 92
191 93
191 94
191 95
191 96
191 97
191 98
191 99
191 101
191 102
191 104
191 105
191 106
191 107
191 108
191 109
191 110
191 111
191 113
191 114
191 115
191 116
191 118
191 120
191 122
191 123
191 124
191 126
191 127
191 129
191 131
191 132
191 134
191 135
191 137
191 138
191 140
191 141
191 142
191 143
191 144
191 145
191 146
191 147
191 148
191 150
191 153
191 155
191 156
191 158
191 159
191 160
191 162
191 163
191 166
191 169
191 170
191 172
191 173
191 174
191 177
191 179
191 180
191 183
191 185
191 186
191 188
191 189
191 190
192 0
192 1
192 2
192 3
192 4
192 5
192 6
192 7
192 8
192 9
192 10
192 11
192 12
192 13
192 14
192 15
192 16
192 17
192 18
192 19
192 20
192 21
192 23
192 24
192 25
192 26
192 27
192 28
192 29
192 30
192 31
192 32
192 33
192 34
192 35
192 36
192 37
192 38
192 39
192 40
192 41
192 42
192 43
192 44
192 45
192 46
192 47
192 48
192 49
192 50
192 51
192 52
192 53
192 54
192 55
192 56
192 57
192 60
192 61
192 63
192 65
192 66
192 68
192 69
192 71
192 73
192 74
192 77
192 78
192 79
192 82
192 85
192 86
192 87
192 89
192 91
192 92
192 93
192 94
192 95
192 96
192 97
192 98
192 99
192 101
192 102
192 103
192 104
192 105
192 106
192 107
192 108
192 109
192 110
192 111
192 113
192 114
192 116
192 118
192 120
192 123
192 124
192 126
192 127
192 129
192 131
192 132
192 134
192 135
192 136
192 137
192 140
192 141
192 142
192 144
192 145
192 146
192 147
192 148
192 153
192 156
192 158
192 159
192 162
192 163
192 169
192 170
192 173
192 177
192 180
192 185
192 186
192 188
192 189
192 190
192 191
193 0
193 1
193 2
193 3
193 4
193 5
193 6
193 7
193 8
193 9
193 10
193 11
193 13
193 14
193 15
193 16
193 17
193 18
193 19
193 20
193 21
193 22
193 23
193 24
193 25
193 26
193 27
193 28
193 29
193 30
193 31
193 33
193 34
193 35
193 37
193 38
193 39
193 40
193 41
193 42
193 43
193 44
193 45
193 46
193 47
193 48
193 49
193 50
193 51
193 52
193 53
193 54
193 55
193 56
193 57
193 60
193 61
193 63
193 64
193 65
193 66
193 68
193 69
193 71
193 72
193 73
193 74
193 78
193 79
193 81
193 82
193 87
193 89
193 90
193 91
193 92
193 93
193 94
193 95
193 96
193 97
193 98
193 99
193 100
193 101
193 102
193 103
193 104
193 106
193 107
193 108
193 109
193 110
193 111
193 113
193 114
193 118
193 120
193 122
193 123
193 124
193 127
193 128
193 129
193 131
193 132
193 133
193 134
193 135
193 137
193 140
193 141
193 142
193 144
193 145
193 146
193 147
193 148
193 150
193 152
193 153
193 156
193 157
193 158
193 159
193 162
193 163
193 164
193 166
193 169
193 170
193 172
193 173
193 175
193 177
193 179
193 180
193 183
193 185
193 186
193 188
193 189
193 190
193 191
193 192
194 0
194 10
194 42
194 162
195 38
196 132
196 163
197 0
197 2
197 3
198 56
199 15
199 103
