1 0
2 0
2 1
3 0
4 3
5 0
5 1
5 2
6 3
6 4
7 0
7 1
7 2
7 3
7 5
8 2
9 3
9 4
9 6
10 0
10 1
10 2
10 3
10 7
11 2
12 0
12 1
12 2
12 3
12 4
12 5
12 7
12 8
12 10
13 4
14 10
15 7
16 0
16 3
16 4
16 5
16 6
16 7
16 9
16 10
16 12
17 9
17 12
17 16
18 1
18 2
19 9
19 12
19 16
19 17
20 19
21 0
21 1
21 2
21 3
21 4
21 5
21 6
21 7
21 8
21 9
21 10
21 12
21 13
21 14
21 15
21 16
22 0
22 1
22 3
22 4
22 6
22 9
22 12
22 19
22 20
22 21
23 10
24 0
24 1
24 2
25 0
25 1
25 2
25 3
25 4
25 5
25 6
25 7
25 9
25 10
25 12
25 13
25 14
25 16
25 17
25 19
25 20
25 21
25 22
25 23
26 1
26 2
26 10
26 21
26 22
26 23
26 25
27 10
27 14
28 8
29 1
29 18
30 0
30 1
30 2
30 3
30 4
30 5
30 6
30 7
30 9
30 10
30 13
30 21
30 22
30 25
30 26
31 0
31 3
31 4
31 24
32 30
33 3
33 4
33 7
33 9
33 15
33 16
33 21
34 20
35 28
36 0
36 1
36 2
36 3
36 4
36 5
36 6
36 7
36 9
36 10
36 12
36 13
36 15
36 16
36 21
36 22
36 24
36 25
36 26
36 30
36 31
36 32
37 27
38 0
38 1
38 2
38 5
38 10
38 11
38 12
38 20
38 24
38 25
38 26
38 36
39 0
40 3
41 32
42 35
43 3
44 0
44 1
44 2
44 3
44 5
44 6
44 8
44 9
44 10
44 12
44 16
44 17
44 19
44 20
44 21
44 22
44 23
44 25
44 26
44 30
44 31
44 32
44 33
44 36
44 38
44 39
45 0
45 1
45 2
45 3
45 4
45 5
45 6
45 7
45 8
45 9
45 10
45 12
45 14
45 15
45 16
45 17
45 19
45 20
45 21
45 22
45 24
45 25
45 26
45 28
45 30
45 31
45 33
45 36
45 38
45 44
46 0
46 3
46 16
46 25
47 0
47 1
47 2
47 3
47 4
47 5
47 6
47 7
47 8
47 9
47 10
47 11
47 12
47 13
47 14
47 15
47 16
47 17
47 18
47 19
47 20
47 21
47 22
47 23
47 24
47 25
47 26
47 27
47 30
47 31
47 32
47 33
47 36
47 38
47 44
47 45
48 10
48 23
48 25
48 27
48 38
48 47
49 0
49 1
49 2
49 11
49 18
50 0
50 1
50 2
50 3
50 4
50 5
50 6
50 7
50 9
50 10
50 12
50 13
50 14
50 15
50 16
50 17
50 18
50 19
50 21
50 22
50 23
50 24
50 25
50 26
50 27
50 29
50 33
50 36
50 37
50 38
50 43
50 44
50 45
50 47
50 48
50 49
51 0
51 10
51 14
52 10
52 23
53 31
54 5
54 6
54 13
54 21
54 22
54 30
54 44
54 50
55 0
55 1
55 2
55 3
55 4
55 5
55 6
55 7
55 9
55 10
55 11
55 12
55 13
55 14
55 16
55 17
55 19
55 20
55 21
55 22
55 24
55 25
55 26
55 30
55 31
55 36
55 38
55 44
55 45
55 47
55 48
55 50
55 51
55 54
56 1
56 10
56 23
56 47
56 50
56 52
56 54
57 49
58 0
58 1
58 2
58 3
58 4
58 5
58 6
58 7
58 8
58 9
58 10
58 11
58 12
58 13
58 14
58 15
58 16
58 17
58 19
58 20
58 21
58 22
58 23
58 24
58 25
58 26
58 27
58 30
58 31
58 32
58 33
58 36
58 38
58 44
58 45
58 47
58 48
58 50
58 51
58 54
58 55
58 56
59 12
60 56
61 0
61 1
61 2
61 3
61 4
61 7
61 8
61 10
61 15
61 31
61 36
61 44
61 45
61 47
61 50
61 55
61 58
62 0
62 1
62 2
62 3
62 4
62 5
62 6
62 7
62 8
62 9
62 10
62 12
62 14
62 16
62 18
62 20
62 21
62 22
62 23
62 25
62 26
62 27
62 28
62 30
62 32
62 33
62 35
62 36
62 38
62 42
62 44
62 45
62 47
62 48
62 50
62 51
62 52
62 54
62 55
62 56
62 58
62 61
63 34
64 59
65 33
66 24
67 0
67 1
67 3
67 4
67 5
67 6
67 7
67 10
67 14
67 15
67 19
67 21
67 22
67 23
67 24
67 25
67 31
67 33
67 38
67 43
67 44
67 45
67 47
67 50
67 51
67 55
67 58
67 61
67 62
68 0
68 1
68 2
68 3
68 4
68 5
68 6
68 7
68 9
68 10
68 12
68 16
68 17
68 18
68 19
68 20
68 21
68 22
68 23
68 24
68 25
68 26
68 29
68 30
68 31
68 33
68 36
68 38
68 44
68 45
68 47
68 48
68 50
68 52
68 54
68 55
68 56
68 58
68 59
68 61
68 62
68 64
68 65
68 67
69 38
70 1
70 12
70 36
70 38
71 0
71 1
71 2
71 5
71 11
71 18
71 29
71 31
71 43
71 47
71 48
71 49
71 50
71 55
71 57
71 62
71 67
71 68
72 0
72 3
72 4
72 43
72 50
72 55
72 67
72 71
73 0
73 1
73 2
73 3
73 4
73 5
73 6
73 7
73 8
73 9
73 10
73 11
73 12
73 13
73 14
73 15
73 16
73 17
73 19
73 20
73 21
73 22
73 23
73 24
73 25
73 26
73 27
73 28
73 29
73 30
73 31
73 33
73 34
73 36
73 37
73 38
73 43
73 44
73 45
73 47
73 48
73 50
73 52
73 54
73 55
73 56
73 58
73 60
73 61
73 62
73 65
73 66
73 67
73 68
73 70
73 71
73 72
74 23
74 52
74 62
75 2
76 3
76 4
76 5
76 6
76 7
76 10
76 14
76 16
76 27
77 61
78 62
79 59
79 64
79 68
80 6
81 20
81 34
81 63
81 73
82 31
83 42
84 24
85 0
85 1
85 2
85 3
85 4
85 5
85 6
85 7
85 9
85 10
85 11
85 12
85 13
85 14
85 15
85 16
85 17
85 19
85 20
85 21
85 22
85 23
85 24
85 25
85 26
85 30
85 32
85 33
85 34
85 36
85 38
85 44
85 45
85 46
85 47
85 48
85 50
85 52
85 54
85 55
85 56
85 58
85 60
85 61
85 62
85 65
85 66
85 67
85 68
85 70
85 71
85 73
85 76
85 79
86 10
87 62
87 74
87 85
88 54
89 12
89 19
89 20
89 44
90 20
90 34
91 3
91 4
92 0
92 1
92 2
92 3
92 4
92 5
92 6
92 7
92 9
92 10
92 11
92 12
92 13
92 14
92 15
92 16
92 17
92 19
92 21
92 22
92 24
92 25
92 26
92 29
92 33
92 44
92 45
92 46
92 47
92 48
92 50
92 54
92 55
92 58
92 61
92 67
92 68
92 72
92 73
92 76
92 77
92 85
93 0
93 1
93 2
93 3
93 4
93 5
93 6
93 7
93 9
93 10
93 11
93 12
93 13
93 14
93 16
93 17
93 19
93 21
93 22
93 23
93 25
93 26
93 30
93 33
93 34
93 35
93 36
93 38
93 42
93 44
93 46
93 47
93 50
93 51
93 52
93 54
93 55
93 56
93 62
93 65
93 67
93 68
93 70
93 73
93 74
93 81
93 85
93 87
93 88
93 90
93 92
94 0
94 1
94 2
94 3
94 4
94 5
94 6
94 7
94 8
94 9
94 10
94 11
94 12
94 13
94 14
94 15
94 16
94 17
94 18
94 19
94 20
94 21
94 22
94 23
94 24
94 25
94 26
94 27
94 28
94 29
94 30
94 31
94 33
94 35
94 36
94 38
94 43
94 44
94 45
94 46
94 47
94 48
94 49
94 50
94 51
94 54
94 55
94 56
94 58
94 59
94 61
94 62
94 64
94 65
94 66
94 67
94 68
94 71
94 72
94 73
94 76
94 77
94 85
94 88
94 89
94 92
94 93
95 3
95 43
95 67
95 73
96 43
97 78
98 79
98 85
99 0
99 1
99 2
99 3
99 4
99 5
99 6
99 7
99 9
99 10
99 12
99 14
99 15
99 16
99 17
99 19
99 20
99 21
99 22
99 23
99 24
99 25
99 26
99 27
99 30
99 31
99 32
99 33
99 36
99 38
99 43
99 44
99 45
99 47
99 48
99 49
99 50
99 51
99 52
99 54
99 55
99 56
99 58
99 59
99 61
99 62
99 65
99 67
99 68
99 70
99 71
99 72
99 73
99 76
99 79
99 85
99 90
99 92
99 93
99 94
99 95
99 98
