1 0
2 0
3 0
3 2
4 2
4 3
5 1
6 4
7 5
8 7
9 1
9 5
9 7
9 8
10 0
11 0
11 2
11 3
11 4
12 10
13 2
14 0
14 2
14 3
14 4
14 11
15 0
15 1
15 2
15 3
15 4
15 5
15 9
15 10
15 11
15 14
16 0
16 2
16 3
16 4
16 6
16 15
17 1
17 8
17 9
18 0
18 1
18 2
18 3
18 4
18 5
18 7
18 8
18 9
18 11
18 13
18 15
18 17
19 7
19 8
20 0
20 2
20 3
20 4
20 16
21 0
21 1
21 5
22 19
23 0
23 3
23 11
23 14
23 15
23 16
23 20
24 13
25 2
25 4
26 0
26 1
26 2
26 3
26 4
26 5
26 6
26 7
26 8
26 9
26 10
26 11
26 13
26 14
26 15
26 16
26 17
26 18
26 19
26 25
27 18
28 5
28 7
28 9
29 7
29 9
29 18
29 26
29 28
30 25
31 0
31 2
31 26
32 12
33 1
33 5
33 7
33 8
34 0
34 1
34 5
34 7
34 8
34 9
34 17
34 26
34 28
34 29
34 31
34 33
35 0
35 1
35 3
35 5
35 7
35 8
35 9
35 14
35 15
35 16
35 17
35 18
35 19
35 22
35 23
35 26
35 28
35 29
35 31
35 33
35 34
36 16
37 0
37 1
37 5
37 7
37 8
37 9
37 15
37 17
37 18
37 19
37 23
37 26
37 28
37 29
37 33
37 34
37 35
38 27
39 0
39 1
39 2
39 3
39 4
39 5
39 7
39 8
39 9
39 11
39 14
39 15
39 16
39 18
39 19
39 20
39 22
39 23
39 26
39 28
39 29
39 31
39 34
39 35
39 37
40 0
40 2
40 3
40 4
40 5
40 7
40 8
40 9
40 15
40 18
40 19
40 27
40 28
40 29
40 33
40 34
40 35
40 37
40 38
40 39
41 33
42 10
43 33
44 24
45 33
45 40
45 43
46 11
46 23
47 8
47 31
47 39
48 0
48 2
48 3
48 4
48 6
48 10
48 11
48 13
48 14
48 25
48 26
48 35
48 40
48 46
49 47
50 0
50 1
50 2
50 3
50 4
50 5
50 6
50 7
50 8
50 9
50 10
50 11
50 13
50 14
50 15
50 16
50 17
50 18
50 19
50 20
50 23
50 26
50 27
50 29
50 31
50 33
50 34
50 35
50 37
50 38
50 39
50 40
50 42
50 46
50 48
51 18
51 20
51 23
51 27
51 29
51 35
51 38
51 39
51 50
52 9
53 2
53 13
53 48
54 24
54 44
55 33
55 37
55 41
55 43
55 45
56 15
56 39
57 0
57 1
57 2
57 3
57 4
57 5
57 6
57 7
57 8
57 9
57 10
57 11
57 13
57 14
57 15
57 16
57 17
57 18
57 19
57 20
57 21
57 23
57 24
57 25
57 26
57 28
57 29
57 31
57 33
57 34
57 35
57 37
57 39
57 40
57 41
57 42
57 43
57 45
57 46
57 47
57 48
57 50
57 51
57 53
57 55
58 10
58 12
58 32
59 56
60 9
60 17
60 35
60 51
61 0
61 1
61 2
61 3
61 4
61 5
61 7
61 8
61 9
61 11
61 14
61 15
61 16
61 18
61 19
61 20
61 21
61 23
61 26
61 27
61 29
61 34
61 35
61 37
61 39
61 40
61 48
61 50
61 51
61 53
61 57
61 60
62 10
62 12
62 32
62 58
63 0
63 1
63 2
63 3
63 4
63 5
63 6
63 7
63 8
63 9
63 11
63 13
63 14
63 16
63 17
63 18
63 20
63 21
63 22
63 23
63 24
63 26
63 27
63 28
63 29
63 31
63 33
63 34
63 35
63 37
63 38
63 39
63 40
63 41
63 46
63 47
63 48
63 49
63 50
63 51
63 52
63 53
63 56
63 57
63 60
63 61
64 0
64 1
64 5
64 50
65 0
65 1
65 2
65 3
65 4
65 5
65 6
65 7
65 8
65 9
65 11
65 13
65 14
65 15
65 16
65 17
65 18
65 19
65 20
65 21
65 22
65 23
65 24
65 25
65 26
65 28
65 29
65 31
65 33
65 34
65 35
65 36
65 37
65 38
65 39
65 40
65 41
65 43
65 44
65 45
65 46
65 48
65 50
65 51
65 53
65 54
65 55
65 56
65 57
65 59
65 60
65 61
65 63
66 54
66 65
67 0
68 5
68 7
68 8
68 19
69 0
70 56
71 0
71 1
71 5
71 7
71 11
71 14
71 16
71 23
71 33
71 35
71 46
71 54
71 61
71 65
71 66
72 11
72 19
72 22
72 63
73 1
73 3
73 4
73 5
73 7
73 8
73 9
73 26
73 33
73 39
73 44
73 54
73 65
73 66
73 71
74 0
74 1
74 2
74 3
74 4
74 5
74 6
74 7
74 8
74 9
74 10
74 11
74 13
74 14
74 15
74 16
74 17
74 18
74 19
74 20
74 22
74 23
74 25
74 26
74 27
74 28
74 29
74 31
74 33
74 34
74 35
74 37
74 39
74 40
74 47
74 48
74 49
74 50
74 51
74 53
74 54
74 57
74 58
74 60
74 61
74 63
74 65
74 66
74 68
74 71
74 72
74 73
75 16
75 36
76 59
77 56
78 0
78 2
78 4
78 5
78 7
78 8
78 9
78 16
78 18
78 23
78 28
78 29
78 31
78 33
78 34
78 35
78 37
78 39
78 40
78 41
78 42
78 43
78 45
78 47
78 48
78 49
78 50
78 51
78 52
78 53
78 55
78 57
78 61
78 63
78 64
78 65
78 68
78 73
78 74
79 48
79 50
79 71
79 74
80 11
81 10
81 42
82 0
82 1
82 2
82 3
82 4
82 5
82 6
82 7
82 8
82 9
82 10
82 11
82 13
82 14
82 15
82 16
82 17
82 18
82 19
82 20
82 22
82 23
82 25
82 26
82 27
82 28
82 29
82 31
82 33
82 34
82 35
82 37
82 38
82 39
82 40
82 41
82 43
82 44
82 45
82 46
82 47
82 48
82 50
82 51
82 55
82 57
82 60
82 61
82 63
82 65
82 71
82 72
82 73
82 74
82 78
82 79
83 39
84 48
85 73
86 23
87 0
87 1
87 2
87 3
87 4
87 5
87 6
87 7
87 8
87 9
87 10
87 11
87 13
87 15
87 16
87 17
87 18
87 19
87 20
87 22
87 23
87 24
87 25
87 26
87 27
87 28
87 29
87 31
87 34
87 35
87 36
87 37
87 38
87 39
87 40
87 42
87 47
87 50
87 51
87 53
87 55
87 56
87 57
87 61
87 63
87 64
87 65
87 68
87 72
87 73
87 74
87 75
87 78
87 82
87 83
87 85
88 33
89 0
89 2
89 3
89 4
89 5
89 6
89 8
89 9
89 10
89 15
89 18
89 19
89 20
89 22
89 25
89 26
89 29
89 30
89 31
89 33
89 34
89 39
89 41
89 42
89 47
89 48
89 50
89 55
89 57
89 61
89 63
89 65
89 66
89 71
89 72
89 73
89 74
89 78
89 81
89 82
89 87
89 88
90 0
90 69
91 0
91 1
91 2
91 3
91 4
91 5
91 7
91 8
91 9
91 10
91 11
91 13
91 14
91 15
91 17
91 18
91 19
91 20
91 22
91 23
91 24
91 25
91 26
91 27
91 28
91 29
91 30
91 31
91 33
91 34
91 35
91 37
91 39
91 40
91 42
91 43
91 44
91 45
91 46
91 47
91 48
91 49
91 50
91 51
91 54
91 57
91 60
91 61
91 63
91 65
91 66
91 68
91 71
91 72
91 73
91 74
91 78
91 79
91 81
91 82
91 87
91 89
92 0
92 1
92 2
92 3
92 4
92 5
92 6
92 7
92 8
92 9
92 10
92 14
92 18
92 19
92 21
92 22
92 23
92 24
92 25
92 26
92 27
92 28
92 29
92 30
92 32
92 33
92 34
92 35
92 36
92 37
92 38
92 39
92 40
92 41
92 42
92 43
92 44
92 46
92 47
92 48
92 50
92 51
92 52
92 53
92 54
92 55
92 56
92 57
92 58
92 61
92 62
92 63
92 65
92 66
92 71
92 72
92 73
92 74
92 78
92 79
92 82
92 83
92 84
92 86
92 87
92 88
92 89
92 91
93 0
93 1
93 2
93 3
93 4
93 5
93 7
93 8
93 9
93 11
93 15
93 17
93 18
93 19
93 20
93 23
93 26
93 27
93 28
93 29
93 31
93 34
93 35
93 37
93 39
93 40
93 41
93 45
93 47
93 49
93 50
93 56
93 57
93 59
93 61
93 63
93 64
93 65
93 67
93 68
93 72
93 73
93 74
93 78
93 82
93 86
93 87
93 89
93 91
93 92
94 0
94 1
94 2
94 5
94 9
94 35
94 37
94 40
94 52
94 78
95 0
95 1
95 2
95 3
95 4
95 5
95 6
95 7
95 8
95 9
95 11
95 14
95 15
95 16
95 18
95 19
95 21
95 22
95 26
95 27
95 28
95 29
95 31
95 33
95 34
95 35
95 37
95 39
95 40
95 41
95 42
95 43
95 44
95 45
95 47
95 48
95 49
95 50
95 51
95 52
95 53
95 55
95 57
95 61
95 63
95 65
95 68
95 71
95 72
95 74
95 78
95 79
95 82
95 87
95 88
95 89
95 91
95 92
95 93
95 94
96 18
96 68
96 74
96 78
96 92
96 93
96 95
97 0
97 1
97 2
97 3
97 4
97 5
97 6
97 7
97 8
97 9
97 10
97 11
97 13
97 14
97 15
97 16
97 17
97 18
97 19
97 20
97 23
97 26
97 27
97 28
97 29
97 33
97 34
97 35
97 37
97 39
97 40
97 41
97 42
97 45
97 46
97 48
97 50
97 51
97 53
97 55
97 56
97 57
97 60
97 61
97 63
97 64
97 65
97 67
97 68
97 71
97 72
97 74
97 78
97 79
97 81
97 82
97 86
97 87
97 89
97 91
97 92
97 93
97 94
97 95
97 96
98 0
98 1
98 2
98 3
98 4
98 5
98 7
98 8
98 9
98 10
98 14
98 15
98 17
98 18
98 19
98 21
98 23
98 24
98 25
98 26
98 27
98 30
98 31
98 33
98 34
98 35
98 37
98 39
98 40
98 41
98 43
98 45
98 46
98 48
98 50
98 52
98 54
98 55
98 57
98 61
98 63
98 65
98 66
98 68
98 71
98 72
98 73
98 74
98 78
98 82
98 84
98 85
98 87
98 89
98 91
98 92
98 93
98 94
98 95
98 96
98 97
99 0
99 1
99 2
99 3
99 4
99 5
99 6
99 7
99 8
99 9
99 11
99 13
99 14
99 15
99 16
99 17
99 18
99 19
99 20
99 21
99 23
99 24
99 26
99 27
99 28
99 29
99 31
99 33
99 34
99 35
99 37
99 38
99 39
99 40
99 44
99 46
99 47
99 48
99 49
99 50
99 51
99 52
99 53
99 54
99 55
99 56
99 57
99 60
99 61
99 63
99 64
99 65
99 66
99 68
99 71
99 73
99 74
99 78
99 79
99 82
99 85
99 87
99 89
99 91
99 92
99 93
99 94
99 95
99 96
99 97
99 98
