1 0
2 0
2 1
3 0
3 1
3 2
4 1
5 3
6 0
6 1
6 4
7 0
8 4
8 6
9 3
9 5
10 0
10 4
10 6
10 8
11 0
11 1
11 2
11 3
11 4
11 6
11 7
11 8
11 10
12 10
13 0
13 1
13 2
13 3
13 4
13 6
13 7
13 10
13 11
14 11
14 13
15 1
15 4
16 0
16 1
16 4
16 6
16 8
16 10
16 11
17 0
17 1
17 6
17 11
17 13
18 12
19 1
19 2
19 3
19 5
19 9
19 13
20 19
21 0
21 1
22 16
23 12
24 0
24 1
24 2
24 3
24 4
24 6
24 7
24 8
24 10
24 11
24 12
24 13
24 15
24 16
24 17
24 19
24 21
25 0
26 2
27 0
27 10
27 13
28 0
29 0
29 1
29 2
29 3
29 5
29 8
29 9
29 11
29 13
29 16
29 19
29 21
29 24
30 28
31 28
31 30
32 0
32 1
32 4
32 7
32 11
32 13
32 14
32 24
33 27
34 4
34 6
34 8
34 29
34 32
35 0
35 1
35 2
35 3
35 16
35 22
36 0
36 1
36 2
36 3
36 4
36 15
36 17
37 2
38 4
38 6
38 8
39 23
40 27
40 33
41 0
41 1
41 2
41 3
41 4
41 6
41 7
41 8
41 9
41 10
41 11
41 13
41 14
41 16
41 17
41 19
41 21
41 22
41 27
41 32
41 35
41 36
41 37
41 38
42 23
42 39
43 0
43 1
43 2
43 3
43 4
43 5
43 6
43 7
43 8
43 9
43 10
43 11
43 13
43 14
43 15
43 16
43 17
43 19
43 22
43 24
43 28
43 29
43 30
43 31
43 32
43 34
43 35
43 36
43 38
43 41
44 0
44 1
44 2
44 3
44 4
44 5
44 6
44 8
44 9
44 10
44 11
44 13
44 15
44 16
44 17
44 19
44 22
44 24
44 29
44 32
44 34
44 35
44 36
44 37
44 38
44 41
44 43
45 0
45 25
45 43
46 6
47 1
47 4
47 6
47 8
47 16
47 17
47 38
47 41
48 0
48 1
48 2
48 3
48 16
48 21
48 22
48 35
48 44
49 0
49 1
49 2
49 3
49 4
49 6
49 7
49 8
49 10
49 11
49 13
49 16
49 17
49 19
49 21
49 22
49 24
49 25
49 29
49 35
49 36
49 37
49 38
49 41
49 43
49 44
49 45
49 47
49 48
50 39
50 42
51 2
51 5
51 16
51 29
51 34
51 36
51 37
51 41
51 43
51 44
52 1
52 4
52 34
53 0
53 1
53 2
53 3
53 4
53 5
53 6
53 7
53 8
53 9
53 10
53 11
53 12
53 13
53 15
53 16
53 17
53 19
53 22
53 23
53 24
53 27
53 28
53 29
53 32
53 34
53 35
53 36
53 37
53 38
53 41
53 43
53 44
53 47
53 48
53 49
53 51
54 23
55 2
55 22
55 28
55 35
55 37
55 41
55 43
55 44
55 47
55 48
55 49
55 51
55 53
56 1
56 4
57 0
57 1
57 4
57 6
57 8
57 16
57 29
57 49
57 55
58 27
59 41
60 13
60 14
61 0
61 1
61 2
61 3
61 4
61 6
61 7
61 8
61 10
61 11
61 12
61 13
61 14
61 15
61 16
61 17
61 18
61 19
61 22
61 23
61 24
61 27
61 29
61 32
61 33
61 35
61 36
61 37
61 38
61 39
61 41
61 42
61 43
61 44
61 45
61 47
61 48
61 49
61 50
61 51
61 53
61 55
61 57
61 60
62 35
63 52
64 37
65 29
66 0
66 1
66 4
66 5
66 11
66 13
66 43
66 45
66 49
67 23
67 39
67 42
67 50
67 54
67 61
68 10
68 12
68 14
68 22
68 23
68 39
68 42
68 50
68 54
68 60
68 61
68 67
69 0
69 3
69 5
69 7
69 24
69 41
69 43
69 45
69 51
70 62
71 0
71 1
71 4
71 6
72 8
73 21
74 8
74 61
75 0
75 25
76 4
77 0
77 10
77 13
77 27
77 28
77 30
77 33
77 38
77 40
77 43
77 53
77 58
77 61
78 1
79 58
80 28
80 30
80 31
81 0
81 1
81 2
81 3
81 4
81 5
81 6
81 7
81 8
81 9
81 10
81 11
81 12
81 13
81 14
81 15
81 16
81 17
81 18
81 19
81 21
81 22
81 23
81 24
81 25
81 27
81 28
81 29
81 32
81 34
81 35
81 36
81 37
81 38
81 39
81 41
81 42
81 43
81 44
81 45
81 46
81 47
81 48
81 49
81 50
81 51
81 53
81 54
81 55
81 57
81 61
81 62
81 64
81 65
81 67
81 68
81 69
81 70
81 75
81 77
82 0
82 1
82 2
82 3
82 4
82 5
82 6
82 7
82 8
82 9
82 10
82 11
82 12
82 13
82 14
82 16
82 17
82 18
82 19
82 20
82 21
82 22
82 23
82 24
82 26
82 27
82 29
82 32
82 34
82 35
82 36
82 37
82 39
82 41
82 42
82 43
82 44
82 45
82 47
82 48
82 49
82 51
82 52
82 53
82 55
82 57
82 59
82 60
82 61
82 63
82 64
82 66
82 68
82 69
82 73
82 81
83 35
83 48
84 41
84 81
84 82
85 9
86 37
86 64
86 81
87 1
87 4
87 56
88 0
88 1
88 2
88 3
88 4
88 6
88 7
88 8
88 9
88 10
88 11
88 12
88 13
88 15
88 16
88 17
88 19
88 21
88 22
88 24
88 27
88 28
88 29
88 30
88 32
88 34
88 35
88 36
88 38
88 41
88 42
88 43
88 44
88 49
88 51
88 52
88 53
88 55
88 57
88 61
88 69
88 73
88 77
88 78
88 81
88 82
88 84
88 85
89 0
89 1
89 2
89 4
89 6
89 8
89 34
89 37
89 46
89 64
89 71
89 81
89 82
89 84
89 86
89 88
90 0
90 1
90 2
90 3
90 6
90 8
90 17
90 24
90 25
90 29
90 34
90 41
90 43
90 44
90 45
90 47
90 48
90 52
90 53
90 55
90 61
90 63
90 66
90 69
90 74
90 81
90 82
90 84
90 88
90 89
91 54
92 12
92 23
93 76
94 47
95 0
95 2
95 12
95 13
95 23
95 27
95 82
95 90
95 92
96 55
96 88
97 0
97 1
97 2
97 3
97 4
97 5
97 6
97 7
97 8
97 9
97 10
97 11
97 12
97 13
97 15
97 16
97 19
97 20
97 23
97 24
97 26
97 27
97 29
97 33
97 34
97 35
97 38
97 39
97 41
97 43
97 44
97 45
97 47
97 48
97 49
97 51
97 52
97 53
97 55
97 57
97 61
97 65
97 66
97 67
97 68
97 69
97 71
97 74
97 77
97 81
97 82
97 84
97 88
97 89
97 90
97 94
97 95
97 96
98 6
98 7
98 13
98 69
98 97
99 98
100 98
100 99
101 0
101 1
101 2
101 3
101 4
101 6
101 7
101 8
101 10
101 11
101 13
101 16
101 22
101 23
101 24
101 29
101 37
101 39
101 42
101 43
101 44
101 48
101 53
101 55
101 61
101 64
101 81
101 82
101 88
101 90
101 95
101 96
102 0
102 1
102 2
102 3
102 4
102 5
102 6
102 7
102 8
102 9
102 11
102 12
102 13
102 14
102 15
102 16
102 19
102 22
102 23
102 24
102 25
102 27
102 29
102 30
102 32
102 33
102 34
102 35
102 36
102 37
102 38
102 40
102 41
102 43
102 44
102 45
102 46
102 47
102 48
102 49
102 53
102 55
102 57
102 58
102 60
102 61
102 64
102 66
102 68
102 69
102 75
102 77
102 79
102 81
102 82
102 84
102 86
102 88
102 89
102 90
102 92
102 94
102 95
102 97
102 98
102 100
102 101
103 91
104 9
104 13
104 14
104 53
104 68
104 102
105 48
106 0
106 1
106 2
106 3
106 4
106 5
106 6
106 7
106 9
106 13
106 14
106 16
106 17
106 21
106 36
106 37
106 42
106 44
106 47
106 48
106 51
106 53
106 57
106 60
106 61
106 67
106 68
106 81
106 82
106 84
106 88
106 94
106 97
106 102
106 104
107 78
108 10
108 12
108 23
108 54
108 92
109 19
109 68
109 97
109 98
109 99
109 100
109 102
109 104
109 106
110 23
111 0
111 1
111 2
111 3
111 4
111 5
111 6
111 9
111 10
111 13
111 19
111 21
111 22
111 27
111 35
111 36
111 39
111 42
111 43
111 44
111 46
111 47
111 48
111 49
111 52
111 61
111 63
111 67
111 68
111 73
111 81
111 88
111 90
111 97
111 102
111 106
111 109
112 56
113 0
113 1
113 4
113 6
113 7
113 16
113 22
113 49
113 82
114 0
114 1
114 2
114 3
114 4
114 5
114 6
114 7
114 8
114 9
114 10
114 11
114 13
114 14
114 15
114 16
114 17
114 19
114 20
114 22
114 24
114 25
114 27
114 29
114 32
114 33
114 34
114 36
114 41
114 43
114 44
114 45
114 46
114 47
114 49
114 51
114 53
114 55
114 57
114 58
114 61
114 64
114 65
114 66
114 68
114 69
114 71
114 77
114 81
114 82
114 84
114 86
114 88
114 89
114 90
114 97
114 98
114 101
114 102
114 106
114 109
114 111
115 0
115 1
115 2
115 3
115 4
115 5
115 6
115 7
115 8
115 9
115 10
115 11
115 13
115 14
115 16
115 17
115 19
115 20
115 22
115 24
115 27
115 28
115 29
115 30
115 32
115 34
115 36
115 41
115 43
115 44
115 45
115 47
115 49
115 51
115 52
115 53
115 55
115 57
115 61
115 63
115 69
115 71
115 80
115 81
115 82
115 88
115 89
115 90
115 96
115 97
115 98
115 99
115 100
115 101
115 102
115 104
115 106
115 109
115 111
115 113
115 114
116 0
116 1
116 2
116 3
116 4
116 5
116 6
116 8
116 9
116 10
116 11
116 13
116 14
116 15
116 16
116 19
116 21
116 24
116 26
116 27
116 29
116 34
116 36
116 37
116 38
116 41
116 43
116 44
116 45
116 46
116 49
116 52
116 53
116 55
116 57
116 60
116 61
116 63
116 64
116 66
116 68
116 69
116 71
116 77
116 81
116 82
116 84
116 85
116 86
116 88
116 89
116 90
116 95
116 97
116 98
116 100
116 101
116 102
116 104
116 106
116 109
116 111
116 114
116 115
117 1
117 87
118 0
118 1
118 2
118 3
118 4
118 5
118 6
118 7
118 8
118 10
118 11
118 12
118 13
118 14
118 17
118 24
118 37
118 38
118 39
118 43
118 44
118 45
118 48
118 49
118 57
118 60
118 61
118 64
118 66
118 68
118 69
118 77
118 90
118 95
118 97
118 98
118 101
118 102
118 104
118 106
118 108
118 109
118 111
118 114
118 115
118 116
119 98
119 100
120 0
120 1
120 2
120 3
120 4
120 6
120 8
120 9
120 10
120 11
120 12
120 13
120 16
120 21
120 22
120 23
120 24
120 25
120 29
120 32
120 34
120 35
120 39
120 40
120 41
120 43
120 44
120 47
120 48
120 49
120 50
120 51
120 52
120 53
120 55
120 57
120 61
120 68
120 69
120 74
120 77
120 81
120 82
120 83
120 88
120 90
120 97
120 98
120 101
120 102
120 106
120 109
120 111
120 114
120 115
120 116
120 118
121 0
121 1
121 2
121 3
121 4
121 5
121 6
121 7
121 8
121 9
121 10
121 11
121 12
121 13
121 14
121 16
121 17
121 18
121 19
121 21
121 22
121 23
121 24
121 29
121 32
121 34
121 35
121 36
121 37
121 38
121 39
121 41
121 42
121 43
121 44
121 48
121 49
121 50
121 51
121 53
121 54
121 55
121 56
121 57
121 60
121 61
121 64
121 65
121 66
121 67
121 68
121 69
121 74
121 77
121 81
121 82
121 88
121 89
121 90
121 91
121 92
121 95
121 96
121 97
121 98
121 101
121 102
121 104
121 106
121 108
121 111
121 113
121 114
121 115
121 116
121 118
121 120
122 98
122 119
123 0
123 1
123 2
123 3
123 4
123 5
123 6
123 7
123 8
123 9
123 10
123 11
123 12
123 13
123 14
123 16
123 17
123 20
123 21
123 22
123 23
123 24
123 25
123 27
123 28
123 29
123 30
123 31
123 32
123 34
123 35
123 36
123 37
123 38
123 41
123 43
123 44
123 45
123 46
123 47
123 48
123 49
123 50
123 51
123 52
123 53
123 54
123 55
123 57
123 58
123 60
123 61
123 62
123 63
123 66
123 67
123 68
123 69
123 70
123 74
123 75
123 77
123 80
123 81
123 82
123 83
123 84
123 86
123 88
123 89
123 90
123 92
123 95
123 97
123 98
123 101
123 102
123 104
123 106
123 108
123 111
123 113
123 114
123 115
123 116
123 118
123 120
123 121
124 82
125 0
125 1
125 2
125 3
125 5
125 9
125 19
125 20
125 88
125 121
125 123
126 0
126 1
126 25
126 45
126 114
126 117
126 120
127 28
127 30
128 0
128 1
128 2
128 36
128 56
128 87
128 112
128 121
129 104
130 0
131 0
131 43
131 69
132 0
132 1
132 2
132 37
133 2
134 0
134 1
134 2
134 3
134 4
134 5
134 6
134 7
134 8
134 10
134 11
134 12
134 13
134 16
134 17
134 19
134 20
134 21
134 22
134 23
134 24
134 29
134 34
134 35
134 37
134 39
134 41
134 43
134 44
134 47
134 48
134 49
134 51
134 53
134 54
134 55
134 57
134 61
134 66
134 68
134 74
134 77
134 81
134 82
134 88
134 89
134 90
134 92
134 94
134 97
134 101
134 102
134 106
134 108
134 111
134 113
134 114
134 115
134 116
134 117
134 118
134 120
134 121
134 123
134 124
134 125
134 126
135 0
135 1
135 2
135 3
135 4
135 5
135 6
135 7
135 8
135 9
135 10
135 11
135 12
135 13
135 14
135 15
135 16
135 17
135 18
135 19
135 20
135 21
135 22
135 23
135 24
135 25
135 26
135 27
135 29
135 32
135 33
135 34
135 35
135 36
135 37
135 38
135 39
135 41
135 42
135 43
135 44
135 45
135 47
135 48
135 49
135 50
135 51
135 52
135 53
135 54
135 55
135 57
135 58
135 59
135 60
135 61
135 63
135 64
135 66
135 67
135 68
135 69
135 71
135 74
135 75
135 77
135 78
135 81
135 82
135 84
135 85
135 88
135 89
135 90
135 92
135 95
135 96
135 97
135 98
135 99
135 100
135 101
135 102
135 104
135 106
135 108
135 109
135 110
135 111
135 113
135 114
135 115
135 116
135 118
135 120
135 121
135 123
135 125
135 126
135 128
135 131
135 134
136 107
137 0
137 1
137 2
137 3
137 4
137 5
137 6
137 7
137 8
137 9
137 10
137 11
137 12
137 13
137 14
137 16
137 18
137 19
137 20
137 22
137 23
137 24
137 25
137 27
137 28
137 29
137 30
137 31
137 32
137 34
137 35
137 36
137 37
137 38
137 39
137 41
137 42
137 43
137 44
137 45
137 47
137 48
137 49
137 50
137 51
137 53
137 54
137 55
137 57
137 58
137 61
137 64
137 65
137 66
137 67
137 68
137 69
137 77
137 79
137 80
137 81
137 82
137 83
137 86
137 88
137 90
137 92
137 94
137 95
137 97
137 98
137 99
137 101
137 102
137 104
137 106
137 108
137 109
137 111
137 113
137 114
137 115
137 116
137 118
137 120
137 121
137 123
137 126
137 127
137 129
137 131
137 134
137 135
138 128
139 0
139 1
139 4
139 6
139 8
139 17
139 44
139 74
140 20
141 0
141 1
141 2
141 3
141 5
141 9
141 10
141 13
141 16
141 19
141 22
141 37
141 41
141 43
141 44
141 49
141 64
141 86
141 106
141 120
141 135
141 137
142 0
142 1
142 2
142 3
142 4
142 5
142 6
142 7
142 8
142 9
142 10
142 11
142 12
142 13
142 14
142 15
142 16
142 17
142 18
142 19
142 20
142 21
142 22
142 23
142 24
142 25
142 27
142 30
142 32
142 33
142 34
142 35
142 39
142 40
142 41
142 42
142 43
142 44
142 45
142 47
142 49
142 50
142 52
142 53
142 54
142 58
142 61
142 66
142 67
142 68
142 69
142 71
142 75
142 77
142 78
142 81
142 82
142 84
142 85
142 87
142 88
142 89
142 90
142 91
142 92
142 97
142 98
142 99
142 100
142 102
142 104
142 106
142 107
142 108
142 109
142 111
142 114
142 115
142 116
142 117
142 118
142 120
142 121
142 123
142 126
142 128
142 129
142 131
142 134
142 135
142 136
142 137
142 141
143 0
143 1
143 2
143 4
143 13
143 14
143 16
143 29
143 35
143 36
143 43
143 45
143 49
143 53
143 56
143 60
143 66
143 70
143 81
143 87
143 88
143 97
143 98
143 99
143 101
143 102
143 104
143 109
143 111
143 112
143 115
143 116
143 120
143 121
143 123
143 128
143 134
143 135
143 137
143 138
143 141
143 142
144 0
144 1
144 2
144 3
144 4
144 5
144 6
144 7
144 8
144 9
144 10
144 11
144 13
144 15
144 16
144 17
144 19
144 20
144 21
144 22
144 24
144 25
144 27
144 29
144 33
144 34
144 35
144 36
144 37
144 38
144 40
144 41
144 42
144 43
144 44
144 45
144 46
144 47
144 48
144 49
144 51
144 53
144 55
144 56
144 58
144 61
144 64
144 65
144 66
144 69
144 71
144 75
144 77
144 78
144 81
144 82
144 84
144 85
144 86
144 87
144 88
144 89
144 90
144 94
144 97
144 98
144 99
144 100
144 101
144 102
144 104
144 105
144 106
144 107
144 109
144 111
144 112
144 114
144 115
144 116
144 117
144 118
144 119
144 120
144 121
144 123
144 125
144 126
144 128
144 129
144 134
144 135
144 136
144 137
144 139
144 140
144 141
144 142
144 143
145 43
145 45
146 91
146 103
147 45
147 145
148 124
148 134
149 47
150 0
150 1
150 2
150 3
150 4
150 5
150 6
150 7
150 8
150 9
150 10
150 11
150 12
150 13
150 14
150 16
150 17
150 19
150 20
150 21
150 22
150 23
150 24
150 25
150 27
150 28
150 29
150 30
150 32
150 35
150 36
150 37
150 38
150 39
150 41
150 42
150 43
150 44
150 45
150 47
150 48
150 49
150 51
150 53
150 54
150 55
150 56
150 57
150 58
150 60
150 61
150 64
150 66
150 67
150 68
150 69
150 71
150 73
150 77
150 78
150 79
150 81
150 82
150 84
150 86
150 87
150 88
150 89
150 90
150 95
150 96
150 97
150 98
150 99
150 100
150 101
150 102
150 104
150 106
150 107
150 109
150 110
150 111
150 112
150 114
150 115
150 116
150 117
150 118
150 120
150 121
150 123
150 125
150 126
150 128
150 134
150 135
150 136
150 137
150 138
150 141
150 142
150 143
150 144
151 127
152 0
152 1
152 2
152 3
152 4
152 5
152 6
152 7
152 8
152 9
152 10
152 11
152 12
152 13
152 16
152 19
152 20
152 21
152 22
152 23
152 25
152 29
152 32
152 34
152 35
152 37
152 39
152 41
152 42
152 43
152 44
152 47
152 48
152 50
152 51
152 52
152 53
152 54
152 57
152 58
152 59
152 61
152 63
152 67
152 68
152 73
152 75
152 79
152 81
152 82
152 83
152 84
152 85
152 88
152 92
152 94
152 95
152 97
152 101
152 102
152 104
152 106
152 109
152 111
152 114
152 115
152 116
152 118
152 120
152 121
152 123
152 125
152 128
152 134
152 135
152 137
152 138
152 141
152 142
152 143
152 144
152 150
153 3
154 0
154 1
154 2
154 3
154 4
154 5
154 6
154 7
154 8
154 9
154 10
154 11
154 12
154 13
154 14
154 16
154 17
154 18
154 19
154 21
154 22
154 23
154 24
154 25
154 27
154 28
154 29
154 30
154 31
154 32
154 33
154 34
154 35
154 36
154 37
154 38
154 39
154 40
154 41
154 42
154 43
154 44
154 45
154 46
154 47
154 48
154 49
154 50
154 51
154 52
154 53
154 55
154 56
154 57
154 58
154 59
154 60
154 61
154 62
154 63
154 64
154 66
154 67
154 68
154 69
154 70
154 74
154 75
154 77
154 80
154 81
154 82
154 83
154 84
154 85
154 86
154 87
154 88
154 89
154 90
154 92
154 95
154 96
154 97
154 98
154 99
154 101
154 102
154 104
154 105
154 106
154 109
154 111
154 112
154 113
154 114
154 115
154 116
154 117
154 118
154 120
154 121
154 123
154 126
154 128
154 129
154 131
154 134
154 135
154 137
154 138
154 141
154 142
154 143
154 144
154 150
154 152
155 143
156 0
156 1
156 2
156 3
156 4
156 5
156 6
156 7
156 8
156 9
156 10
156 11
156 12
156 13
156 14
156 15
156 16
156 17
156 18
156 19
156 20
156 21
156 22
156 23
156 24
156 25
156 27
156 29
156 32
156 33
156 34
156 35
156 36
156 37
156 38
156 39
156 41
156 42
156 43
156 44
156 45
156 46
156 47
156 48
156 49
156 50
156 51
156 53
156 54
156 55
156 57
156 58
156 59
156 60
156 61
156 62
156 66
156 67
156 68
156 69
156 71
156 74
156 77
156 81
156 82
156 84
156 85
156 87
156 88
156 89
156 90
156 91
156 94
156 95
156 97
156 98
156 101
156 102
156 103
156 104
156 106
156 108
156 109
156 111
156 113
156 114
156 115
156 116
156 117
156 118
156 120
156 121
156 123
156 125
156 126
156 128
156 131
156 132
156 134
156 135
156 137
156 138
156 139
156 141
156 142
156 143
156 144
156 146
156 150
156 152
156 153
156 154
156 155
157 118
158 2
159 98
159 99
160 0
160 1
160 2
160 3
160 4
160 5
160 6
160 7
160 8
160 9
160 10
160 11
160 12
160 13
160 14
160 16
160 17
160 19
160 20
160 21
160 22
160 23
160 24
160 25
160 27
160 28
160 29
160 30
160 32
160 34
160 35
160 36
160 37
160 38
160 39
160 41
160 43
160 44
160 45
160 47
160 48
160 49
160 50
160 52
160 53
160 54
160 55
160 56
160 61
160 63
160 64
160 68
160 69
160 71
160 77
160 81
160 82
160 84
160 85
160 86
160 87
160 88
160 89
160 90
160 92
160 94
160 95
160 97
160 101
160 102
160 104
160 106
160 108
160 109
160 111
160 113
160 114
160 115
160 116
160 117
160 118
160 120
160 121
160 123
160 125
160 126
160 129
160 130
160 134
160 135
160 137
160 139
160 140
160 141
160 142
160 143
160 144
160 149
160 150
160 152
160 154
160 155
160 156
161 154
162 37
163 0
163 1
163 2
163 3
163 4
163 5
163 6
163 7
163 8
163 9
163 10
163 11
163 12
163 13
163 14
163 15
163 16
163 17
163 19
163 21
163 22
163 23
163 24
163 25
163 27
163 28
163 29
163 30
163 31
163 32
163 34
163 35
163 36
163 37
163 38
163 39
163 40
163 41
163 42
163 43
163 44
163 45
163 47
163 48
163 49
163 50
163 51
163 52
163 53
163 54
163 55
163 56
163 57
163 58
163 60
163 61
163 63
163 64
163 65
163 66
163 67
163 68
163 69
163 73
163 74
163 77
163 80
163 81
163 82
163 83
163 84
163 87
163 88
163 90
163 92
163 94
163 95
163 97
163 98
163 99
163 100
163 101
163 102
163 104
163 106
163 108
163 109
163 110
163 111
163 114
163 115
163 116
163 117
163 118
163 120
163 121
163 123
163 125
163 126
163 134
163 135
163 137
163 139
163 141
163 142
163 143
163 144
163 150
163 152
163 154
163 156
163 160
163 161
164 0
164 1
164 2
164 3
164 4
164 5
164 6
164 7
164 8
164 9
164 10
164 11
164 12
164 13
164 14
164 15
164 16
164 17
164 19
164 22
164 23
164 24
164 25
164 26
164 27
164 28
164 29
164 30
164 31
164 32
164 34
164 35
164 36
164 37
164 38
164 39
164 41
164 42
164 43
164 44
164 45
164 47
164 48
164 49
164 50
164 51
164 53
164 54
164 55
164 57
164 58
164 60
164 61
164 64
164 65
164 66
164 67
164 68
164 69
164 74
164 75
164 77
164 80
164 81
164 82
164 84
164 85
164 86
164 88
164 89
164 90
164 92
164 95
164 96
164 97
164 98
164 99
164 100
164 101
164 102
164 104
164 106
164 111
164 113
164 114
164 115
164 116
164 118
164 120
164 121
164 123
164 124
164 125
164 126
164 131
164 134
164 135
164 137
164 139
164 141
164 142
164 143
164 144
164 145
164 148
164 150
164 152
164 154
164 156
164 157
164 160
164 163
165 79
166 13
166 44
166 90
166 97
166 150
167 62
167 70
168 6
168 13
168 19
168 20
168 140
169 0
169 2
169 5
169 9
169 25
169 28
169 30
169 31
169 37
169 43
169 64
169 80
169 81
169 86
169 101
169 160
169 163
169 164
170 99
171 0
171 1
171 2
171 3
171 4
171 5
171 6
171 7
171 8
171 10
171 11
171 12
171 13
171 14
171 15
171 16
171 17
171 19
171 21
171 23
171 24
171 27
171 29
171 36
171 37
171 38
171 41
171 44
171 45
171 47
171 49
171 50
171 51
171 55
171 57
171 58
171 59
171 64
171 66
171 67
171 69
171 77
171 81
171 82
171 86
171 88
171 89
171 90
171 95
171 96
171 97
171 98
171 101
171 102
171 106
171 112
171 114
171 115
171 116
171 118
171 120
171 121
171 123
171 124
171 134
171 135
171 137
171 141
171 142
171 143
171 144
171 148
171 150
171 152
171 153
171 154
171 156
171 159
171 160
171 163
171 164
171 169
172 0
172 1
172 2
172 3
172 4
172 5
172 6
172 7
172 8
172 9
172 10
172 11
172 13
172 15
172 16
172 17
172 19
172 20
172 21
172 22
172 23
172 24
172 25
172 26
172 27
172 29
172 32
172 34
172 35
172 36
172 37
172 38
172 39
172 41
172 42
172 43
172 44
172 45
172 47
172 49
172 50
172 51
172 52
172 53
172 54
172 55
172 57
172 58
172 59
172 60
172 61
172 66
172 67
172 68
172 69
172 72
172 73
172 74
172 77
172 81
172 82
172 84
172 86
172 88
172 89
172 90
172 91
172 94
172 95
172 97
172 101
172 102
172 106
172 110
172 111
172 113
172 114
172 115
172 116
172 118
172 120
172 121
172 123
172 125
172 132
172 134
172 135
172 137
172 139
172 140
172 141
172 142
172 143
172 144
172 149
172 150
172 152
172 154
172 156
172 160
172 163
172 164
172 166
172 169
172 171
173 0
173 1
173 2
173 3
173 4
173 6
173 7
173 8
173 9
173 10
173 11
173 12
173 13
173 14
173 16
173 17
173 19
173 21
173 22
173 23
173 24
173 25
173 26
173 27
173 28
173 29
173 30
173 32
173 34
173 35
173 38
173 39
173 40
173 41
173 42
173 43
173 44
173 45
173 48
173 49
173 51
173 53
173 54
173 55
173 57
173 58
173 60
173 61
173 62
173 66
173 67
173 68
173 69
173 70
173 71
173 74
173 77
173 79
173 81
173 82
173 84
173 85
173 88
173 90
173 92
173 95
173 96
173 97
173 98
173 101
173 102
173 104
173 106
173 108
173 109
173 111
173 112
173 114
173 115
173 116
173 118
173 120
173 121
173 123
173 125
173 128
173 134
173 135
173 137
173 138
173 139
173 141
173 142
173 143
173 144
173 150
173 152
173 154
173 156
173 160
173 163
173 164
173 166
173 167
173 168
173 169
173 171
173 172
174 0
174 1
174 2
174 3
174 4
174 5
174 6
174 7
174 8
174 9
174 10
174 11
174 12
174 13
174 14
174 15
174 16
174 17
174 19
174 20
174 21
174 22
174 23
174 24
174 25
174 26
174 27
174 28
174 29
174 30
174 31
174 32
174 34
174 35
174 36
174 37
174 38
174 39
174 41
174 42
174 43
174 44
174 45
174 47
174 48
174 49
174 50
174 52
174 53
174 54
174 55
174 56
174 57
174 61
174 64
174 65
174 66
174 67
174 68
174 69
174 71
174 77
174 79
174 80
174 81
174 82
174 85
174 86
174 87
174 88
174 89
174 90
174 95
174 96
174 97
174 98
174 99
174 100
174 101
174 102
174 104
174 106
174 108
174 109
174 111
174 113
174 114
174 115
174 116
174 117
174 118
174 120
174 121
174 123
174 124
174 126
174 127
174 128
174 131
174 132
174 134
174 135
174 137
174 138
174 139
174 140
174 141
174 142
174 143
174 144
174 148
174 150
174 152
174 154
174 156
174 159
174 160
174 163
174 164
174 165
174 166
174 168
174 169
174 171
174 172
174 173
175 42
176 6
176 137
176 160
177 68
178 0
178 1
178 2
178 3
178 4
178 6
178 7
178 8
178 10
178 11
178 12
178 13
178 14
178 15
178 16
178 17
178 19
178 21
178 22
178 23
178 24
178 27
178 29
178 30
178 32
178 34
178 35
178 36
178 37
178 39
178 41
178 43
178 44
178 45
178 46
178 48
178 49
178 50
178 51
178 52
178 53
178 55
178 56
178 57
178 60
178 61
178 62
178 63
178 64
178 66
178 68
178 69
178 71
178 73
178 74
178 77
178 81
178 82
178 83
178 84
178 86
178 87
178 88
178 89
178 90
178 92
178 95
178 97
178 98
178 99
178 100
178 101
178 102
178 104
178 106
178 108
178 109
178 111
178 113
178 114
178 115
178 116
178 118
178 120
178 121
178 123
178 124
178 128
178 131
178 133
178 134
178 135
178 137
178 141
178 142
178 143
178 144
178 145
178 148
178 150
178 152
178 153
178 154
178 156
178 159
178 160
178 163
178 164
178 166
178 168
178 169
178 170
178 171
178 172
178 173
178 174
179 1
179 6
179 11
179 82
179 124
180 0
180 1
180 4
180 52
180 56
180 82
180 128
180 138
180 142
180 178
181 0
181 1
181 2
181 3
181 4
181 5
181 6
181 7
181 8
181 9
181 10
181 11
181 12
181 13
181 14
181 15
181 16
181 17
181 18
181 19
181 20
181 21
181 22
181 23
181 24
181 25
181 26
181 27
181 28
181 29
181 30
181 32
181 33
181 34
181 35
181 36
181 37
181 38
181 39
181 41
181 42
181 43
181 44
181 45
181 47
181 48
181 49
181 50
181 51
181 52
181 53
181 54
181 55
181 56
181 57
181 60
181 61
181 64
181 66
181 67
181 68
181 69
181 71
181 72
181 73
181 74
181 77
181 81
181 82
181 83
181 84
181 85
181 87
181 88
181 89
181 90
181 91
181 92
181 94
181 95
181 96
181 97
181 98
181 99
181 101
181 102
181 104
181 105
181 106
181 108
181 109
181 111
181 113
181 114
181 115
181 116
181 117
181 118
181 120
181 121
181 123
181 124
181 125
181 126
181 128
181 129
181 131
181 134
181 135
181 137
181 138
181 139
181 141
181 142
181 143
181 144
181 145
181 150
181 152
181 154
181 156
181 157
181 159
181 160
181 163
181 164
181 166
181 169
181 171
181 172
181 173
181 174
181 176
181 177
181 178
181 179
181 180
182 0
182 1
182 2
182 3
182 4
182 5
182 6
182 7
182 8
182 9
182 10
182 11
182 13
182 14
182 16
182 17
182 21
182 22
182 24
182 25
182 26
182 28
182 29
182 32
182 34
182 36
182 37
182 38
182 39
182 41
182 43
182 44
182 45
182 47
182 49
182 52
182 53
182 61
182 65
182 66
182 77
182 81
182 82
182 88
182 90
182 94
182 97
182 98
182 102
182 109
182 111
182 118
182 120
182 121
182 123
182 125
182 126
182 134
182 142
182 143
182 144
182 148
182 150
182 152
182 154
182 156
182 160
182 162
182 163
182 164
182 166
182 171
182 172
182 173
182 174
182 178
182 181
183 0
183 1
183 2
183 3
183 4
183 5
183 6
183 7
183 8
183 9
183 10
183 11
183 12
183 13
183 14
183 15
183 16
183 17
183 19
183 20
183 22
183 23
183 24
183 25
183 26
183 27
183 28
183 29
183 30
183 31
183 32
183 34
183 35
183 36
183 37
183 38
183 39
183 41
183 42
183 43
183 44
183 47
183 48
183 49
183 50
183 51
183 52
183 53
183 54
183 55
183 57
183 59
183 61
183 64
183 66
183 67
183 68
183 69
183 71
183 72
183 74
183 77
183 79
183 80
183 81
183 82
183 83
183 84
183 86
183 88
183 89
183 90
183 92
183 94
183 97
183 98
183 99
183 100
183 101
183 102
183 104
183 106
183 108
183 109
183 111
183 113
183 114
183 115
183 116
183 117
183 118
183 120
183 121
183 123
183 124
183 126
183 127
183 132
183 134
183 135
183 137
183 139
183 141
183 142
183 143
183 144
183 148
183 150
183 151
183 152
183 154
183 156
183 160
183 162
183 163
183 164
183 166
183 168
183 169
183 171
183 172
183 173
183 174
183 177
183 178
183 179
183 180
183 181
183 182
184 23
184 42
184 175
185 0
185 1
185 2
185 3
185 4
185 5
185 6
185 7
185 8
185 9
185 10
185 11
185 12
185 13
185 14
185 15
185 16
185 17
185 18
185 19
185 20
185 21
185 22
185 23
185 24
185 25
185 27
185 28
185 29
185 30
185 31
185 32
185 33
185 34
185 36
185 37
185 38
185 39
185 40
185 41
185 42
185 43
185 44
185 45
185 46
185 47
185 48
185 49
185 50
185 51
185 52
185 53
185 54
185 55
185 56
185 57
185 58
185 60
185 61
185 62
185 64
185 66
185 67
185 68
185 69
185 70
185 71
185 73
185 74
185 75
185 77
185 80
185 81
185 82
185 84
185 85
185 86
185 87
185 88
185 89
185 90
185 94
185 95
185 96
185 97
185 98
185 100
185 101
185 102
185 104
185 106
185 109
185 110
185 111
185 112
185 113
185 114
185 115
185 116
185 117
185 118
185 120
185 121
185 123
185 124
185 125
185 126
185 128
185 130
185 131
185 132
185 134
185 135
185 137
185 138
185 139
185 140
185 141
185 142
185 143
185 144
185 148
185 150
185 152
185 154
185 156
185 160
185 163
185 164
185 166
185 168
185 169
185 171
185 172
185 173
185 174
185 175
185 178
185 180
185 181
185 182
185 183
185 184
186 0
186 1
186 2
186 3
186 4
186 5
186 6
186 7
186 8
186 9
186 10
186 11
186 12
186 13
186 14
186 15
186 16
186 17
186 19
186 20
186 22
186 23
186 24
186 25
186 27
186 29
186 32
186 35
186 36
186 37
186 38
186 39
186 41
186 42
186 43
186 44
186 45
186 47
186 48
186 49
186 50
186 51
186 52
186 53
186 54
186 55
186 56
186 57
186 58
186 59
186 60
186 61
186 64
186 66
186 67
186 68
186 69
186 72
186 74
186 81
186 82
186 84
186 87
186 88
186 89
186 90
186 95
186 96
186 97
186 98
186 99
186 100
186 101
186 102
186 104
186 106
186 108
186 109
186 110
186 111
186 113
186 114
186 115
186 116
186 118
186 120
186 121
186 123
186 125
186 129
186 134
186 135
186 137
186 139
186 141
186 142
186 143
186 144
186 148
186 150
186 152
186 154
186 155
186 156
186 157
186 160
186 163
186 164
186 171
186 172
186 173
186 174
186 175
186 178
186 181
186 182
186 183
186 184
186 185
187 1
187 4
187 182
188 0
188 1
188 2
188 3
188 4
188 5
188 6
188 7
188 8
188 9
188 10
188 11
188 12
188 13
188 14
188 15
188 16
188 17
188 18
188 19
188 20
188 21
188 22
188 23
188 24
188 25
188 26
188 27
188 28
188 29
188 30
188 31
188 32
188 33
188 34
188 35
188 36
188 37
188 38
188 39
188 41
188 42
188 43
188 44
188 45
188 46
188 47
188 48
188 49
188 50
188 51
188 52
188 53
188 54
188 55
188 59
188 61
188 63
188 64
188 65
188 66
188 67
188 68
188 69
188 71
188 74
188 75
188 77
188 81
188 82
188 83
188 84
188 86
188 88
188 89
188 90
188 92
188 95
188 96
188 97
188 98
188 99
188 100
188 101
188 102
188 106
188 108
188 109
188 110
188 111
188 113
188 114
188 115
188 116
188 118
188 119
188 120
188 121
188 122
188 123
188 126
188 127
188 131
188 134
188 135
188 137
188 139
188 141
188 142
188 143
188 144
188 150
188 151
188 152
188 153
188 154
188 156
188 159
188 160
188 162
188 163
188 164
188 169
188 171
188 172
188 173
188 174
188 176
188 178
188 179
188 181
188 182
188 183
188 184
188 185
188 186
189 4
189 8
189 38
189 43
189 81
189 186
190 0
190 1
190 2
190 3
190 4
190 5
190 6
190 7
190 8
190 9
190 10
190 11
190 12
190 13
190 14
190 15
190 16
190 17
190 19
190 20
190 21
190 22
190 23
190 24
190 27
190 28
190 29
190 30
190 32
190 33
190 34
190 35
190 36
190 37
190 38
190 39
190 40
190 41
190 42
190 43
190 44
190 45
190 47
190 48
190 49
190 52
190 53
190 54
190 55
190 57
190 58
190 60
190 61
190 64
190 66
190 67
190 68
190 69
190 71
190 77
190 79
190 81
190 82
190 84
190 87
190 88
190 89
190 90
190 92
190 95
190 97
190 98
190 99
190 101
190 102
190 104
190 106
190 108
190 109
190 111
190 113
190 114
190 115
190 116
190 117
190 118
190 120
190 121
190 123
190 125
190 126
190 131
190 134
190 135
190 137
190 139
190 140
190 141
190 142
190 143
190 144
190 145
190 147
190 148
190 150
190 152
190 154
190 156
190 160
190 161
190 163
190 164
190 165
190 168
190 169
190 170
190 171
190 172
190 173
190 174
190 177
190 178
190 181
190 182
190 183
190 185
190 186
190 188
190 189
191 168
192 144
193 4
193 76
193 93
194 132
195 10
195 12
195 23
195 39
195 111
195 156
195 178
196 96
197 8
197 73
197 137
197 163
197 173
197 178
197 181
197 190
198 90
199 25
199 152
200 60
200 102
200 163
201 75
202 0
202 1
202 2
202 3
202 4
202 5
202 6
202 7
202 8
202 9
202 10
202 11
202 12
202 13
202 14
202 15
202 16
202 17
202 19
202 20
202 21
202 22
202 23
202 24
202 25
202 27
202 28
202 29
202 30
202 31
202 32
202 33
202 34
202 35
202 36
202 37
202 38
202 39
202 40
202 41
202 42
202 43
202 44
202 45
202 47
202 48
202 49
202 50
202 51
202 52
202 53
202 54
202 55
202 56
202 57
202 58
202 59
202 60
202 61
202 63
202 64
202 65
202 66
202 67
202 68
202 69
202 73
202 74
202 75
202 77
202 78
202 80
202 81
202 82
202 84
202 85
202 86
202 88
202 89
202 90
202 92
202 94
202 95
202 96
202 97
202 98
202 99
202 100
202 101
202 102
202 104
202 106
202 107
202 108
202 109
202 111
202 112
202 114
202 115
202 116
202 118
202 120
202 121
202 123
202 124
202 125
202 128
202 129
202 131
202 134
202 135
202 137
202 139
202 141
202 142
202 143
202 144
202 148
202 150
202 152
202 153
202 154
202 155
202 156
202 160
202 163
202 164
202 169
202 171
202 172
202 173
202 174
202 175
202 178
202 179
202 181
202 182
202 183
202 184
202 185
202 186
202 187
202 188
202 190
202 192
202 195
202 196
202 197
202 199
202 200
203 0
203 2
203 7
203 37
203 41
203 64
203 90
203 137
203 141
203 160
203 163
203 173
203 174
203 188
204 0
204 1
204 2
204 3
204 4
204 5
204 6
204 7
204 8
204 9
204 10
204 11
204 12
204 13
204 14
204 15
204 16
204 17
204 19
204 21
204 22
204 23
204 24
204 25
204 28
204 29
204 32
204 34
204 35
204 36
204 37
204 38
204 39
204 41
204 42
204 43
204 44
204 45
204 47
204 48
204 49
204 50
204 51
204 52
204 53
204 54
204 55
204 57
204 60
204 61
204 62
204 64
204 65
204 66
204 67
204 68
204 69
204 70
204 71
204 74
204 79
204 81
204 82
204 84
204 86
204 87
204 88
204 89
204 90
204 91
204 92
204 94
204 95
204 96
204 97
204 98
204 99
204 100
204 101
204 102
204 104
204 106
204 108
204 109
204 111
204 113
204 114
204 115
204 116
204 117
204 118
204 119
204 120
204 121
204 123
204 125
204 126
204 129
204 131
204 134
204 135
204 137
204 138
204 141
204 142
204 143
204 144
204 149
204 150
204 152
204 154
204 156
204 160
204 163
204 164
204 165
204 166
204 169
204 171
204 172
204 173
204 174
204 178
204 180
204 181
204 182
204 183
204 185
204 186
204 188
204 190
204 195
204 197
204 202
204 203
205 0
205 1
205 2
205 3
205 4
205 5
205 6
205 7
205 8
205 9
205 10
205 11
205 12
205 13
205 14
205 15
205 16
205 17
205 18
205 21
205 22
205 23
205 24
205 25
205 27
205 28
205 29
205 30
205 31
205 32
205 33
205 34
205 35
205 36
205 37
205 38
205 39
205 41
205 42
205 43
205 44
205 45
205 47
205 48
205 49
205 50
205 51
205 52
205 53
205 54
205 55
205 56
205 57
205 58
205 60
205 61
205 62
205 63
205 64
205 66
205 67
205 68
205 69
205 70
205 73
205 74
205 75
205 79
205 81
205 82
205 83
205 84
205 86
205 87
205 88
205 89
205 90
205 91
205 92
205 94
205 95
205 96
205 97
205 98
205 99
205 100
205 101
205 102
205 104
205 106
205 108
205 109
205 111
205 112
205 113
205 114
205 115
205 116
205 117
205 118
205 120
205 121
205 123
205 124
205 126
205 127
205 128
205 131
205 134
205 135
205 137
205 139
205 141
205 142
205 143
205 144
205 145
205 148
205 150
205 152
205 153
205 154
205 156
205 160
205 161
205 163
205 164
205 167
205 169
205 171
205 172
205 173
205 174
205 177
205 178
205 180
205 181
205 182
205 183
205 184
205 185
205 186
205 187
205 188
205 189
205 190
205 192
205 195
205 197
205 198
205 199
205 200
205 201
205 202
205 203
205 204
206 0
206 1
206 2
206 3
206 4
206 5
206 6
206 7
206 8
206 9
206 10
206 11
206 12
206 13
206 14
206 15
206 16
206 18
206 19
206 21
206 22
206 23
206 24
206 25
206 26
206 27
206 28
206 29
206 30
206 33
206 34
206 35
206 36
206 37
206 38
206 39
206 41
206 42
206 43
206 44
206 45
206 46
206 47
206 48
206 49
206 50
206 51
206 52
206 53
206 54
206 55
206 56
206 57
206 59
206 60
206 61
206 64
206 65
206 66
206 67
206 68
206 69
206 70
206 71
206 73
206 74
206 75
206 77
206 81
206 82
206 84
206 86
206 87
206 88
206 89
206 90
206 91
206 92
206 97
206 98
206 99
206 100
206 101
206 102
206 104
206 105
206 106
206 108
206 109
206 111
206 113
206 114
206 115
206 116
206 118
206 120
206 121
206 122
206 123
206 124
206 125
206 134
206 135
206 137
206 140
206 141
206 142
206 143
206 144
206 150
206 152
206 154
206 156
206 160
206 161
206 163
206 164
206 167
206 169
206 171
206 172
206 173
206 174
206 178
206 179
206 180
206 181
206 182
206 183
206 184
206 185
206 186
206 188
206 189
206 190
206 192
206 195
206 201
206 202
206 203
206 204
206 205
207 29
208 104
208 129
209 10
210 0
210 1
210 2
210 3
210 4
210 5
210 6
210 7
210 8
210 9
210 10
210 11
210 12
210 13
210 14
210 15
210 16
210 17
210 19
210 20
210 21
210 22
210 23
210 24
210 27
210 28
210 29
210 30
210 32
210 33
210 34
210 35
210 36
210 37
210 38
210 39
210 41
210 42
210 43
210 44
210 45
210 47
210 48
210 49
210 50
210 51
210 53
210 55
210 56
210 57
210 58
210 61
210 65
210 66
210 67
210 68
210 69
210 71
210 74
210 77
210 78
210 81
210 82
210 84
210 85
210 86
210 87
210 88
210 89
210 90
210 92
210 94
210 95
210 97
210 98
210 101
210 102
210 104
210 106
210 111
210 112
210 114
210 115
210 116
210 118
210 120
210 121
210 123
210 124
210 125
210 126
210 128
210 131
210 134
210 135
210 137
210 139
210 141
210 142
210 143
210 144
210 148
210 150
210 152
210 154
210 155
210 156
210 157
210 160
210 163
210 164
210 171
210 172
210 173
210 174
210 178
210 179
210 181
210 182
210 183
210 185
210 186
210 188
210 189
210 190
210 195
210 197
210 202
210 204
210 205
210 206
211 0
211 1
211 2
211 74
211 88
211 97
211 111
211 137
211 158
211 164
211 172
211 182
211 183
211 185
211 190
211 200
211 202
211 206
211 210
212 0
212 75
212 206
213 145
213 164
214 0
214 2
214 12
214 18
214 135
214 139
214 154
214 161
214 188
214 190
214 206
214 210
214 211
215 142
216 0
216 1
216 2
216 3
216 4
216 5
216 6
216 7
216 8
216 9
216 10
216 11
216 12
216 13
216 14
216 15
216 16
216 17
216 18
216 19
216 21
216 22
216 23
216 24
216 25
216 27
216 28
216 29
216 30
216 32
216 33
216 34
216 35
216 36
216 37
216 38
216 39
216 40
216 41
216 42
216 43
216 44
216 45
216 46
216 47
216 48
216 49
216 51
216 52
216 53
216 54
216 55
216 57
216 58
216 60
216 61
216 62
216 63
216 64
216 66
216 68
216 69
216 70
216 73
216 74
216 75
216 77
216 79
216 81
216 82
216 83
216 84
216 86
216 88
216 89
216 90
216 92
216 94
216 96
216 97
216 98
216 99
216 100
216 101
216 102
216 104
216 106
216 108
216 109
216 111
216 114
216 115
216 116
216 117
216 118
216 119
216 120
216 121
216 122
216 123
216 125
216 126
216 131
216 134
216 135
216 137
216 141
216 142
216 143
216 144
216 145
216 147
216 150
216 152
216 154
216 156
216 157
216 159
216 160
216 162
216 163
216 164
216 166
216 169
216 171
216 172
216 173
216 174
216 178
216 181
216 182
216 183
216 185
216 186
216 188
216 189
216 190
216 197
216 198
216 200
216 202
216 203
216 204
216 205
216 206
216 210
216 211
216 212
216 214
217 54
218 4
219 150
220 0
220 1
220 2
220 3
220 4
220 5
220 6
220 7
220 8
220 9
220 10
220 11
220 12
220 13
220 14
220 15
220 16
220 17
220 18
220 19
220 20
220 21
220 22
220 23
220 24
220 25
220 27
220 28
220 29
220 32
220 34
220 35
220 36
220 37
220 38
220 39
220 41
220 42
220 43
220 44
220 45
220 47
220 48
220 49
220 50
220 51
220 52
220 53
220 54
220 55
220 57
220 59
220 61
220 63
220 64
220 65
220 66
220 67
220 68
220 69
220 71
220 73
220 74
220 75
220 77
220 78
220 81
220 82
220 84
220 85
220 86
220 88
220 89
220 90
220 92
220 94
220 95
220 96
220 97
220 98
220 99
220 100
220 101
220 102
220 104
220 106
220 108
220 109
220 111
220 114
220 115
220 116
220 118
220 119
220 120
220 121
220 123
220 124
220 126
220 131
220 132
220 134
220 135
220 137
220 140
220 141
220 142
220 143
220 144
220 145
220 148
220 150
220 152
220 154
220 155
220 156
220 159
220 160
220 162
220 163
220 164
220 166
220 168
220 169
220 170
220 171
220 172
220 173
220 174
220 178
220 181
220 182
220 183
220 185
220 186
220 188
220 189
220 190
220 194
220 197
220 202
220 203
220 204
220 205
220 206
220 210
220 211
220 212
220 213
220 214
220 216
221 0
221 1
221 2
221 3
221 4
221 5
221 6
221 7
221 8
221 9
221 10
221 11
221 12
221 13
221 14
221 15
221 16
221 17
221 19
221 21
221 22
221 23
221 24
221 25
221 27
221 29
221 32
221 34
221 35
221 36
221 37
221 38
221 39
221 41
221 42
221 43
221 44
221 45
221 46
221 47
221 48
221 49
221 50
221 52
221 53
221 54
221 55
221 56
221 57
221 59
221 60
221 61
221 62
221 63
221 64
221 66
221 67
221 68
221 69
221 73
221 74
221 75
221 81
221 82
221 83
221 84
221 86
221 88
221 89
221 90
221 92
221 95
221 96
221 97
221 98
221 99
221 100
221 101
221 102
221 104
221 105
221 106
221 108
221 109
221 111
221 113
221 114
221 115
221 116
221 118
221 119
221 120
221 121
221 122
221 123
221 134
221 135
221 137
221 139
221 141
221 142
221 143
221 144
221 145
221 147
221 150
221 152
221 154
221 156
221 158
221 159
221 160
221 163
221 164
221 166
221 169
221 171
221 172
221 173
221 174
221 175
221 178
221 181
221 182
221 183
221 184
221 185
221 186
221 188
221 189
221 190
221 195
221 196
221 197
221 199
221 200
221 202
221 203
221 204
221 205
221 206
221 210
221 211
221 214
221 216
221 220
222 0
222 1
222 2
222 3
222 4
222 5
222 6
222 7
222 8
222 9
222 10
222 11
222 12
222 13
222 14
222 15
222 16
222 17
222 19
222 20
222 21
222 22
222 23
222 24
222 25
222 26
222 27
222 28
222 29
222 30
222 31
222 32
222 33
222 34
222 35
222 36
222 37
222 38
222 39
222 40
222 41
222 42
222 43
222 44
222 45
222 46
222 47
222 48
222 49
222 50
222 51
222 52
222 53
222 54
222 55
222 56
222 57
222 58
222 59
222 60
222 61
222 62
222 63
222 64
222 66
222 67
222 68
222 69
222 70
222 71
222 72
222 73
222 74
222 75
222 77
222 78
222 79
222 80
222 81
222 82
222 84
222 85
222 86
222 87
222 88
222 89
222 90
222 92
222 94
222 95
222 96
222 97
222 98
222 99
222 100
222 101
222 102
222 104
222 106
222 107
222 109
222 111
222 112
222 113
222 114
222 115
222 116
222 117
222 118
222 120
222 121
222 123
222 125
222 126
222 127
222 128
222 131
222 132
222 134
222 135
222 137
222 139
222 140
222 141
222 142
222 143
222 144
222 145
222 147
222 148
222 150
222 151
222 152
222 154
222 155
222 156
222 160
222 162
222 163
222 164
222 166
222 167
222 168
222 169
222 170
222 171
222 172
222 173
222 174
222 177
222 178
222 180
222 181
222 182
222 183
222 185
222 186
222 188
222 189
222 190
222 191
222 195
222 196
222 197
222 198
222 199
222 200
222 202
222 203
222 204
222 205
222 206
222 210
222 211
222 214
222 215
222 216
222 219
222 220
222 221
223 171
224 1
224 4
224 13
224 66
225 0
225 1
225 2
225 3
225 4
225 5
225 6
225 7
225 8
225 9
225 12
225 13
225 14
225 15
225 16
225 17
225 23
225 24
225 27
225 29
225 32
225 33
225 34
225 35
225 36
225 37
225 38
225 39
225 40
225 42
225 43
225 44
225 47
225 48
225 50
225 53
225 54
225 64
225 71
225 81
225 82
225 83
225 85
225 86
225 89
225 94
225 97
225 98
225 102
225 105
225 115
225 116
225 121
225 125
225 129
225 134
225 137
225 142
225 143
225 144
225 150
225 152
225 154
225 163
225 166
225 173
225 178
225 181
225 186
225 188
225 189
225 190
225 202
225 204
225 205
225 206
225 210
225 214
225 216
225 218
225 220
225 222
226 45
227 0
227 1
227 2
227 3
227 4
227 5
227 6
227 7
227 8
227 9
227 10
227 11
227 12
227 13
227 14
227 15
227 16
227 17
227 19
227 20
227 21
227 22
227 23
227 24
227 25
227 27
227 28
227 29
227 30
227 31
227 32
227 33
227 34
227 35
227 36
227 37
227 38
227 40
227 41
227 42
227 43
227 44
227 45
227 47
227 48
227 49
227 50
227 51
227 52
227 53
227 54
227 55
227 56
227 57
227 58
227 59
227 60
227 61
227 63
227 64
227 66
227 67
227 68
227 69
227 73
227 74
227 77
227 78
227 81
227 82
227 83
227 84
227 85
227 86
227 87
227 88
227 89
227 90
227 92
227 94
227 95
227 96
227 97
227 98
227 99
227 100
227 101
227 102
227 104
227 105
227 106
227 107
227 108
227 109
227 110
227 111
227 112
227 114
227 115
227 116
227 118
227 119
227 120
227 121
227 122
227 123
227 124
227 125
227 126
227 128
227 129
227 131
227 134
227 135
227 137
227 138
227 139
227 141
227 142
227 143
227 144
227 145
227 147
227 148
227 149
227 150
227 152
227 154
227 156
227 157
227 158
227 160
227 163
227 164
227 166
227 168
227 169
227 171
227 172
227 173
227 174
227 175
227 178
227 180
227 181
227 182
227 183
227 184
227 185
227 186
227 188
227 190
227 191
227 192
227 196
227 197
227 198
227 199
227 200
227 202
227 203
227 204
227 205
227 206
227 208
227 210
227 211
227 214
227 216
227 220
227 221
227 222
227 223
227 224
227 225
228 0
228 1
228 2
228 3
228 4
228 5
228 6
228 7
228 8
228 9
228 10
228 11
228 12
228 13
228 14
228 15
228 16
228 17
228 18
228 19
228 20
228 21
228 22
228 23
228 24
228 25
228 27
228 29
228 32
228 34
228 35
228 36
228 37
228 38
228 39
228 41
228 42
228 43
228 44
228 45
228 47
228 48
228 49
228 51
228 52
228 53
228 54
228 55
228 57
228 58
228 59
228 60
228 61
228 62
228 63
228 64
228 66
228 67
228 68
228 69
228 71
228 72
228 77
228 79
228 81
228 82
228 84
228 85
228 86
228 88
228 89
228 90
228 91
228 96
228 97
228 98
228 99
228 100
228 101
228 102
228 103
228 104
228 106
228 111
228 114
228 115
228 116
228 118
228 120
228 121
228 123
228 124
228 125
228 126
228 134
228 135
228 137
228 141
228 142
228 143
228 144
228 146
228 150
228 152
228 154
228 156
228 159
228 160
228 161
228 162
228 163
228 164
228 165
228 169
228 171
228 172
228 173
228 174
228 176
228 178
228 179
228 180
228 181
228 182
228 183
228 184
228 185
228 186
228 188
228 189
228 190
228 192
228 195
228 196
228 198
228 202
228 203
228 204
228 205
228 206
228 210
228 214
228 215
228 216
228 220
228 221
228 222
228 225
228 227
229 0
229 1
229 2
229 3
229 4
229 5
229 6
229 7
229 8
229 9
229 10
229 11
229 12
229 13
229 14
229 15
229 16
229 17
229 18
229 19
229 20
229 21
229 22
229 23
229 24
229 25
229 27
229 28
229 29
229 30
229 32
229 34
229 35
229 36
229 37
229 38
229 39
229 41
229 42
229 43
229 44
229 45
229 47
229 48
229 49
229 51
229 52
229 53
229 54
229 55
229 56
229 57
229 58
229 60
229 61
229 63
229 64
229 65
229 66
229 68
229 69
229 71
229 73
229 74
229 77
229 81
229 82
229 83
229 84
229 85
229 86
229 87
229 88
229 89
229 90
229 94
229 95
229 97
229 98
229 99
229 100
229 101
229 102
229 104
229 105
229 106
229 108
229 109
229 111
229 112
229 113
229 114
229 115
229 116
229 118
229 119
229 120
229 121
229 123
229 124
229 125
229 126
229 128
229 129
229 131
229 132
229 134
229 135
229 137
229 139
229 141
229 142
229 143
229 144
229 149
229 150
229 152
229 154
229 156
229 159
229 160
229 163
229 164
229 166
229 169
229 171
229 172
229 173
229 174
229 178
229 180
229 181
229 182
229 183
229 184
229 185
229 186
229 187
229 188
229 189
229 190
229 194
229 195
229 202
229 203
229 204
229 205
229 206
229 210
229 211
229 214
229 216
229 220
229 221
229 222
229 225
229 227
229 228
230 0
230 2
230 56
230 83
230 128
230 138
230 154
231 0
231 1
231 2
231 3
231 4
231 5
231 6
231 7
231 8
231 9
231 10
231 11
231 13
231 14
231 15
231 16
231 17
231 18
231 19
231 20
231 21
231 22
231 23
231 24
231 25
231 26
231 27
231 29
231 31
231 32
231 33
231 34
231 35
231 36
231 37
231 38
231 39
231 40
231 41
231 42
231 43
231 44
231 45
231 46
231 47
231 48
231 49
231 50
231 51
231 53
231 54
231 55
231 56
231 57
231 60
231 61
231 63
231 64
231 65
231 67
231 68
231 69
231 71
231 73
231 77
231 81
231 82
231 84
231 86
231 87
231 88
231 89
231 90
231 94
231 95
231 97
231 98
231 99
231 100
231 101
231 102
231 104
231 106
231 109
231 111
231 112
231 113
231 114
231 115
231 116
231 118
231 119
231 120
231 121
231 123
231 128
231 134
231 135
231 137
231 140
231 141
231 142
231 143
231 144
231 145
231 150
231 152
231 154
231 155
231 156
231 160
231 163
231 164
231 169
231 171
231 172
231 173
231 174
231 176
231 178
231 181
231 182
231 183
231 185
231 186
231 188
231 190
231 197
231 202
231 203
231 204
231 205
231 206
231 210
231 211
231 213
231 214
231 216
231 220
231 221
231 222
231 223
231 225
231 226
231 227
231 228
231 229
231 230
232 0
232 1
232 2
232 3
232 4
232 5
232 6
232 7
232 8
232 9
232 10
232 11
232 12
232 13
232 14
232 15
232 16
232 17
232 19
232 20
232 21
232 22
232 23
232 24
232 25
232 27
232 28
232 29
232 30
232 31
232 32
232 33
232 34
232 35
232 36
232 37
232 38
232 39
232 40
232 41
232 42
232 43
232 44
232 45
232 47
232 48
232 49
232 50
232 51
232 52
232 53
232 54
232 55
232 57
232 58
232 59
232 60
232 61
232 64
232 66
232 67
232 68
232 69
232 71
232 73
232 74
232 77
232 78
232 79
232 80
232 81
232 82
232 83
232 84
232 85
232 86
232 87
232 88
232 89
232 90
232 92
232 94
232 95
232 96
232 97
232 98
232 99
232 100
232 101
232 102
232 104
232 106
232 107
232 109
232 111
232 112
232 113
232 114
232 115
232 116
232 118
232 119
232 120
232 121
232 122
232 123
232 125
232 128
232 131
232 132
232 133
232 134
232 135
232 136
232 137
232 138
232 139
232 140
232 141
232 142
232 143
232 144
232 148
232 150
232 152
232 154
232 156
232 159
232 160
232 163
232 164
232 165
232 168
232 169
232 171
232 172
232 173
232 174
232 175
232 178
232 181
232 182
232 183
232 185
232 186
232 188
232 190
232 194
232 195
232 196
232 197
232 200
232 202
232 204
232 205
232 206
232 210
232 211
232 213
232 214
232 216
232 220
232 221
232 222
232 224
232 225
232 227
232 228
232 229
232 230
232 231
233 228
234 0
234 1
234 2
234 3
234 4
234 5
234 6
234 7
234 8
234 9
234 10
234 11
234 12
234 13
234 14
234 15
234 16
234 17
234 18
234 19
234 20
234 21
234 22
234 23
234 24
234 25
234 27
234 28
234 29
234 30
234 31
234 32
234 33
234 34
234 35
234 36
234 37
234 38
234 39
234 40
234 41
234 42
234 43
234 44
234 45
234 46
234 47
234 48
234 49
234 50
234 51
234 52
234 53
234 54
234 55
234 56
234 57
234 58
234 60
234 61
234 62
234 63
234 64
234 65
234 66
234 67
234 68
234 69
234 71
234 72
234 73
234 74
234 75
234 77
234 78
234 80
234 81
234 82
234 83
234 85
234 86
234 87
234 88
234 89
234 90
234 92
234 94
234 95
234 96
234 97
234 98
234 99
234 100
234 101
234 102
234 104
234 105
234 106
234 107
234 108
234 109
234 110
234 111
234 113
234 114
234 115
234 116
234 117
234 118
234 120
234 121
234 123
234 124
234 126
234 128
234 129
234 131
234 134
234 135
234 137
234 138
234 139
234 140
234 141
234 142
234 143
234 144
234 148
234 150
234 152
234 154
234 155
234 156
234 158
234 160
234 161
234 163
234 164
234 168
234 169
234 171
234 172
234 173
234 174
234 176
234 178
234 180
234 181
234 182
234 183
234 184
234 185
234 186
234 188
234 189
234 190
234 191
234 195
234 197
234 200
234 201
234 202
234 203
234 204
234 205
234 206
234 208
234 210
234 211
234 212
234 214
234 216
234 219
234 220
234 221
234 222
234 223
234 224
234 225
234 227
234 228
234 229
234 230
234 231
234 232
235 0
235 1
235 2
235 3
235 4
235 5
235 6
235 7
235 8
235 9
235 10
235 11
235 12
235 13
235 14
235 15
235 16
235 17
235 18
235 19
235 20
235 21
235 22
235 23
235 24
235 25
235 27
235 28
235 29
235 30
235 32
235 33
235 34
235 35
235 36
235 37
235 38
235 39
235 40
235 41
235 42
235 43
235 44
235 45
235 46
235 47
235 48
235 49
235 50
235 51
235 52
235 54
235 55
235 56
235 58
235 60
235 61
235 63
235 64
235 66
235 67
235 68
235 69
235 73
235 74
235 77
235 79
235 81
235 82
235 83
235 84
235 86
235 87
235 88
235 89
235 90
235 94
235 96
235 97
235 98
235 99
235 100
235 101
235 102
235 104
235 106
235 109
235 111
235 113
235 114
235 115
235 116
235 118
235 120
235 121
235 123
235 124
235 125
235 126
235 134
235 135
235 137
235 139
235 141
235 142
235 143
235 144
235 145
235 147
235 150
235 152
235 154
235 156
235 157
235 158
235 160
235 161
235 163
235 164
235 166
235 169
235 171
235 172
235 173
235 174
235 178
235 179
235 181
235 182
235 183
235 185
235 186
235 188
235 189
235 190
235 192
235 195
235 196
235 197
235 200
235 202
235 203
235 204
235 205
235 206
235 208
235 210
235 211
235 212
235 213
235 214
235 216
235 219
235 220
235 221
235 222
235 224
235 225
235 226
235 227
235 228
235 229
235 231
235 232
235 234
236 107
237 0
237 1
237 2
237 3
237 4
237 5
237 6
237 7
237 8
237 9
237 10
237 11
237 12
237 13
237 14
237 15
237 16
237 17
237 19
237 20
237 21
237 22
237 23
237 24
237 25
237 27
237 28
237 29
237 30
237 32
237 34
237 35
237 36
237 37
237 38
237 39
237 41
237 42
237 43
237 44
237 45
237 46
237 47
237 48
237 49
237 50
237 51
237 53
237 54
237 55
237 56
237 57
237 60
237 61
237 62
237 64
237 65
237 66
237 67
237 68
237 69
237 70
237 71
237 73
237 74
237 77
237 79
237 81
237 82
237 83
237 87
237 88
237 89
237 90
237 92
237 95
237 96
237 97
237 98
237 99
237 101
237 102
237 104
237 105
237 106
237 108
237 109
237 111
237 113
237 114
237 115
237 116
237 118
237 120
237 121
237 123
237 124
237 126
237 128
237 134
237 135
237 137
237 139
237 140
237 141
237 142
237 143
237 144
237 148
237 149
237 150
237 152
237 154
237 156
237 160
237 163
237 164
237 165
237 167
237 169
237 171
237 172
237 173
237 174
237 176
237 178
237 179
237 180
237 181
237 182
237 183
237 185
237 186
237 187
237 188
237 190
237 192
237 195
237 196
237 197
237 200
237 202
237 204
237 205
237 206
237 207
237 210
237 211
237 213
237 214
237 216
237 220
237 221
237 222
237 225
237 226
237 227
237 228
237 229
237 230
237 231
237 232
237 233
237 234
237 235
238 1
238 4
238 53
238 182
238 187
238 229
239 141
239 190
240 177
241 4
241 6
241 8
241 10
242 0
242 1
242 3
242 5
242 11
242 51
242 139
242 160
242 181
242 205
242 210
242 227
242 234
243 8
243 22
243 71
243 164
243 183
243 235
243 237
244 26
245 0
245 1
245 2
245 3
245 4
245 5
245 6
245 7
245 8
245 9
245 10
245 11
245 12
245 13
245 14
245 15
245 16
245 17
245 19
245 20
245 21
245 22
245 23
245 24
245 25
245 27
245 28
245 29
245 30
245 32
245 33
245 34
245 35
245 36
245 37
245 38
245 39
245 41
245 42
245 43
245 44
245 45
245 46
245 47
245 48
245 49
245 50
245 51
245 52
245 53
245 55
245 57
245 58
245 59
245 60
245 61
245 64
245 65
245 66
245 67
245 68
245 69
245 70
245 71
245 73
245 74
245 77
245 78
245 81
245 82
245 84
245 86
245 87
245 88
245 89
245 90
245 92
245 94
245 95
245 96
245 97
245 98
245 99
245 100
245 101
245 102
245 104
245 106
245 107
245 108
245 109
245 110
245 111
245 113
245 114
245 115
245 116
245 117
245 118
245 119
245 120
245 121
245 122
245 123
245 124
245 125
245 126
245 127
245 128
245 129
245 131
245 132
245 134
245 135
245 136
245 137
245 139
245 141
245 142
245 143
245 144
245 148
245 149
245 150
245 152
245 154
245 155
245 156
245 159
245 160
245 163
245 164
245 166
245 169
245 171
245 172
245 173
245 174
245 175
245 177
245 178
245 179
245 180
245 181
245 182
245 183
245 184
245 185
245 186
245 188
245 189
245 190
245 192
245 195
245 197
245 199
245 202
245 204
245 205
245 206
245 208
245 210
245 211
245 214
245 216
245 220
245 221
245 222
245 225
245 227
245 228
245 229
245 231
245 232
245 234
245 235
245 237
245 242
245 243
246 0
246 1
246 2
246 3
246 4
246 5
246 6
246 7
246 8
246 9
246 10
246 11
246 12
246 13
246 14
246 15
246 16
246 17
246 19
246 20
246 21
246 22
246 23
246 24
246 25
246 26
246 27
246 28
246 29
246 31
246 32
246 33
246 34
246 35
246 36
246 37
246 38
246 39
246 41
246 42
246 43
246 44
246 45
246 47
246 48
246 49
246 51
246 52
246 53
246 55
246 56
246 57
246 59
246 60
246 61
246 62
246 63
246 64
246 67
246 68
246 69
246 70
246 71
246 73
246 74
246 75
246 78
246 81
246 82
246 83
246 84
246 86
246 87
246 88
246 89
246 90
246 92
246 94
246 95
246 96
246 97
246 98
246 99
246 100
246 101
246 102
246 104
246 106
246 107
246 108
246 109
246 111
246 112
246 113
246 114
246 115
246 116
246 117
246 118
246 120
246 121
246 123
246 126
246 128
246 134
246 135
246 137
246 138
246 141
246 142
246 143
246 144
246 150
246 152
246 153
246 154
246 155
246 156
246 160
246 161
246 163
246 164
246 166
246 171
246 172
246 173
246 174
246 175
246 178
246 180
246 181
246 182
246 183
246 184
246 185
246 186
246 188
246 190
246 195
246 199
246 200
246 202
246 204
246 205
246 206
246 210
246 211
246 212
246 214
246 216
246 220
246 221
246 222
246 223
246 225
246 227
246 228
246 229
246 231
246 232
246 234
246 235
246 237
246 244
246 245
247 0
247 1
247 2
247 3
247 4
247 5
247 6
247 7
247 8
247 9
247 10
247 11
247 12
247 13
247 14
247 15
247 16
247 17
247 19
247 20
247 21
247 22
247 23
247 24
247 25
247 27
247 28
247 29
247 30
247 32
247 33
247 34
247 35
247 36
247 37
247 38
247 39
247 40
247 41
247 42
247 43
247 44
247 45
247 47
247 48
247 49
247 51
247 52
247 53
247 55
247 56
247 57
247 58
247 59
247 60
247 61
247 62
247 63
247 68
247 69
247 70
247 73
247 77
247 79
247 80
247 81
247 82
247 83
247 84
247 87
247 88
247 90
247 96
247 97
247 98
247 99
247 100
247 101
247 102
247 104
247 105
247 106
247 109
247 111
247 112
247 113
247 114
247 115
247 116
247 117
247 118
247 120
247 121
247 123
247 125
247 126
247 128
247 131
247 134
247 135
247 136
247 137
247 138
247 139
247 142
247 143
247 144
247 148
247 150
247 152
247 154
247 156
247 160
247 163
247 164
247 165
247 166
247 167
247 171
247 172
247 173
247 174
247 177
247 178
247 180
247 181
247 182
247 183
247 185
247 186
247 187
247 188
247 189
247 190
247 196
247 202
247 204
247 205
247 206
247 210
247 211
247 216
247 220
247 221
247 222
247 225
247 227
247 228
247 229
247 230
247 231
247 232
247 234
247 235
247 237
247 238
247 243
247 245
247 246
248 0
248 1
248 2
248 3
248 4
248 5
248 6
248 7
248 8
248 9
248 10
248 11
248 12
248 13
248 14
248 15
248 16
248 17
248 19
248 21
248 22
248 23
248 24
248 25
248 26
248 28
248 29
248 30
248 32
248 34
248 35
248 36
248 37
248 38
248 39
248 40
248 41
248 42
248 43
248 44
248 45
248 46
248 47
248 48
248 49
248 50
248 51
248 52
248 53
248 54
248 55
248 60
248 61
248 64
248 66
248 67
248 68
248 69
248 70
248 71
248 72
248 74
248 75
248 77
248 80
248 81
248 82
248 84
248 85
248 86
248 88
248 89
248 90
248 91
248 92
248 94
248 95
248 96
248 97
248 98
248 99
248 100
248 101
248 102
248 103
248 104
248 105
248 106
248 108
248 109
248 110
248 111
248 113
248 114
248 115
248 116
248 118
248 120
248 121
248 122
248 123
248 125
248 126
248 131
248 134
248 135
248 137
248 141
248 142
248 143
248 144
248 146
248 148
248 150
248 152
248 154
248 156
248 160
248 163
248 164
248 166
248 169
248 171
248 172
248 173
248 174
248 176
248 178
248 181
248 182
248 183
248 185
248 186
248 187
248 188
248 189
248 190
248 195
248 196
248 197
248 200
248 202
248 203
248 204
248 205
248 206
248 208
248 210
248 211
248 213
248 214
248 216
248 220
248 221
248 222
248 225
248 227
248 228
248 229
248 231
248 232
248 234
248 235
248 237
248 239
248 242
248 243
248 244
248 245
248 246
248 247
249 120
250 52
251 174
252 0
252 1
252 2
252 3
252 4
252 5
252 6
252 7
252 8
252 9
252 10
252 11
252 12
252 13
252 14
252 15
252 16
252 17
252 18
252 19
252 20
252 21
252 22
252 23
252 24
252 25
252 27
252 28
252 29
252 30
252 32
252 33
252 34
252 35
252 36
252 37
252 38
252 39
252 40
252 41
252 42
252 43
252 44
252 45
252 46
252 47
252 48
252 49
252 50
252 51
252 52
252 53
252 54
252 55
252 57
252 58
252 60
252 61
252 63
252 64
252 66
252 67
252 68
252 69
252 71
252 73
252 74
252 75
252 77
252 79
252 81
252 82
252 84
252 86
252 87
252 88
252 89
252 90
252 92
252 95
252 96
252 97
252 98
252 99
252 101
252 102
252 104
252 106
252 108
252 109
252 111
252 113
252 114
252 115
252 116
252 117
252 118
252 120
252 121
252 123
252 125
252 126
252 127
252 131
252 132
252 134
252 135
252 137
252 139
252 141
252 142
252 143
252 144
252 150
252 152
252 154
252 156
252 157
252 158
252 159
252 160
252 161
252 162
252 163
252 164
252 166
252 169
252 171
252 172
252 173
252 174
252 177
252 178
252 181
252 182
252 183
252 184
252 185
252 186
252 188
252 190
252 195
252 197
252 200
252 201
252 202
252 203
252 204
252 205
252 206
252 210
252 211
252 212
252 213
252 214
252 216
252 220
252 221
252 222
252 225
252 227
252 228
252 229
252 231
252 232
252 234
252 235
252 237
252 238
252 239
252 242
252 243
252 245
252 246
252 247
252 248
252 249
253 74
254 1
254 3
254 8
254 22
254 55
254 75
254 88
254 96
254 102
254 178
254 183
254 202
255 0
255 13
255 34
255 48
255 55
255 132
255 174
255 185
255 186
255 214
255 222
255 225
255 231
255 232
255 247
256 0
256 1
256 2
256 3
256 4
256 5
256 6
256 7
256 8
256 9
256 10
256 11
256 12
256 13
256 15
256 16
256 17
256 19
256 20
256 21
256 22
256 23
256 24
256 25
256 27
256 28
256 29
256 30
256 31
256 32
256 33
256 34
256 35
256 36
256 37
256 38
256 39
256 40
256 41
256 42
256 43
256 44
256 45
256 46
256 47
256 48
256 49
256 50
256 51
256 52
256 53
256 54
256 55
256 56
256 57
256 58
256 59
256 60
256 61
256 62
256 63
256 64
256 66
256 67
256 68
256 70
256 71
256 72
256 73
256 74
256 77
256 79
256 80
256 81
256 82
256 84
256 85
256 86
256 88
256 89
256 90
256 91
256 92
256 95
256 96
256 97
256 98
256 99
256 101
256 102
256 103
256 106
256 108
256 109
256 110
256 111
256 112
256 114
256 115
256 116
256 118
256 120
256 121
256 123
256 124
256 125
256 126
256 128
256 134
256 135
256 137
256 138
256 141
256 142
256 143
256 144
256 148
256 150
256 152
256 154
256 156
256 160
256 161
256 163
256 164
256 165
256 167
256 169
256 171
256 172
256 173
256 174
256 175
256 177
256 178
256 180
256 181
256 182
256 183
256 184
256 185
256 186
256 188
256 189
256 190
256 193
256 200
256 202
256 204
256 205
256 206
256 210
256 211
256 214
256 216
256 220
256 221
256 222
256 225
256 227
256 228
256 229
256 230
256 231
256 232
256 234
256 235
256 237
256 242
256 243
256 245
256 246
256 247
256 248
256 251
256 252
256 254
256 255
257 0
257 1
257 2
257 3
257 4
257 5
257 6
257 7
257 8
257 9
257 10
257 11
257 12
257 13
257 14
257 15
257 16
257 17
257 18
257 19
257 20
257 21
257 22
257 23
257 24
257 25
257 27
257 28
257 29
257 30
257 31
257 32
257 33
257 34
257 35
257 36
257 37
257 39
257 40
257 41
257 42
257 43
257 44
257 45
257 46
257 47
257 48
257 49
257 50
257 51
257 52
257 53
257 54
257 55
257 56
257 57
257 58
257 59
257 60
257 61
257 63
257 64
257 66
257 67
257 68
257 69
257 71
257 73
257 74
257 75
257 77
257 79
257 80
257 81
257 82
257 83
257 84
257 85
257 86
257 87
257 88
257 89
257 90
257 92
257 95
257 96
257 97
257 98
257 99
257 100
257 101
257 102
257 104
257 106
257 108
257 109
257 111
257 112
257 114
257 115
257 116
257 117
257 118
257 120
257 121
257 123
257 125
257 126
257 127
257 128
257 131
257 134
257 135
257 137
257 138
257 139
257 140
257 142
257 143
257 144
257 145
257 147
257 150
257 152
257 154
257 155
257 156
257 157
257 159
257 160
257 163
257 164
257 165
257 168
257 169
257 170
257 171
257 172
257 173
257 174
257 175
257 178
257 180
257 181
257 182
257 183
257 184
257 185
257 186
257 188
257 190
257 191
257 195
257 196
257 199
257 200
257 201
257 202
257 203
257 204
257 205
257 206
257 210
257 211
257 212
257 214
257 216
257 218
257 220
257 221
257 222
257 223
257 225
257 227
257 228
257 229
257 230
257 231
257 232
257 234
257 235
257 237
257 242
257 243
257 245
257 246
257 247
257 248
257 249
257 252
257 254
257 255
257 256
258 44
259 144
259 192
259 206
260 101
261 5
261 23
261 27
261 39
261 42
261 142
261 195
261 222
261 234
261 246
261 252
261 256
261 257
262 241
263 0
263 1
263 2
263 3
263 4
263 5
263 6
263 7
263 8
263 9
263 10
263 11
263 12
263 13
263 14
263 15
263 16
263 17
263 18
263 19
263 20
263 21
263 22
263 23
263 24
263 25
263 26
263 27
263 28
263 29
263 30
263 31
263 32
263 34
263 35
263 36
263 37
263 38
263 39
263 41
263 42
263 43
263 44
263 45
263 47
263 48
263 49
263 50
263 51
263 52
263 53
263 54
263 55
263 56
263 57
263 58
263 60
263 61
263 62
263 63
263 64
263 66
263 67
263 68
263 69
263 74
263 75
263 77
263 79
263 81
263 82
263 83
263 84
263 85
263 86
263 87
263 88
263 89
263 90
263 92
263 94
263 95
263 97
263 98
263 99
263 100
263 101
263 102
263 104
263 105
263 106
263 108
263 109
263 111
263 112
263 113
263 114
263 115
263 116
263 117
263 118
263 120
263 121
263 123
263 124
263 125
263 126
263 128
263 131
263 134
263 135
263 137
263 138
263 139
263 140
263 141
263 142
263 143
263 144
263 146
263 148
263 150
263 152
263 154
263 156
263 158
263 160
263 163
263 164
263 166
263 168
263 169
263 171
263 172
263 173
263 174
263 178
263 179
263 181
263 182
263 183
263 185
263 186
263 188
263 190
263 191
263 192
263 195
263 197
263 200
263 202
263 203
263 204
263 205
263 206
263 208
263 210
263 211
263 212
263 214
263 216
263 217
263 220
263 221
263 222
263 225
263 227
263 228
263 229
263 230
263 231
263 232
263 234
263 235
263 237
263 242
263 244
263 245
263 246
263 247
263 248
263 249
263 252
263 255
263 256
263 257
263 259
263 261
264 0
264 1
264 3
264 4
264 6
264 11
264 13
264 14
264 17
264 19
264 41
264 43
264 131
264 173
265 0
265 1
265 2
265 3
265 4
265 5
265 6
265 7
265 8
265 9
265 10
265 11
265 12
265 13
265 14
265 15
265 16
265 17
265 19
265 20
265 21
265 22
265 23
265 24
265 25
265 27
265 28
265 29
265 30
265 32
265 33
265 34
265 35
265 36
265 37
265 38
265 40
265 41
265 42
265 43
265 44
265 45
265 46
265 47
265 48
265 49
265 50
265 51
265 52
265 53
265 54
265 55
265 56
265 57
265 58
265 59
265 60
265 61
265 63
265 64
265 65
265 66
265 67
265 68
265 69
265 72
265 73
265 74
265 75
265 77
265 80
265 81
265 82
265 84
265 85
265 86
265 87
265 88
265 89
265 90
265 91
265 92
265 95
265 97
265 98
265 99
265 100
265 101
265 102
265 106
265 108
265 109
265 111
265 112
265 113
265 114
265 115
265 116
265 117
265 118
265 119
265 120
265 121
265 122
265 123
265 124
265 125
265 126
265 128
265 134
265 135
265 137
265 139
265 140
265 141
265 142
265 143
265 144
265 145
265 147
265 148
265 150
265 152
265 154
265 156
265 157
265 160
265 162
265 163
265 164
265 166
265 168
265 169
265 171
265 172
265 173
265 174
265 178
265 180
265 181
265 182
265 183
265 184
265 185
265 186
265 187
265 188
265 189
265 190
265 192
265 197
265 199
265 200
265 202
265 203
265 204
265 205
265 206
265 210
265 211
265 214
265 216
265 220
265 221
265 222
265 225
265 227
265 228
265 229
265 230
265 231
265 232
265 233
265 234
265 235
265 237
265 239
265 242
265 243
265 245
265 246
265 247
265 248
265 252
265 254
265 255
265 256
265 257
265 259
265 263
266 44
266 258
267 0
267 1
267 2
267 3
267 4
267 5
267 6
267 7
267 8
267 9
267 10
267 11
267 12
267 13
267 14
267 15
267 16
267 17
267 18
267 19
267 20
267 21
267 22
267 23
267 24
267 25
267 27
267 28
267 29
267 30
267 32
267 33
267 34
267 35
267 36
267 37
267 38
267 39
267 41
267 42
267 43
267 44
267 45
267 46
267 47
267 48
267 49
267 50
267 51
267 52
267 53
267 55
267 56
267 57
267 58
267 60
267 61
267 62
267 63
267 64
267 65
267 66
267 67
267 68
267 69
267 70
267 71
267 73
267 74
267 75
267 77
267 78
267 79
267 81
267 82
267 84
267 85
267 86
267 87
267 88
267 89
267 90
267 91
267 95
267 97
267 98
267 99
267 101
267 102
267 103
267 106
267 107
267 108
267 109
267 110
267 111
267 112
267 113
267 114
267 115
267 116
267 117
267 118
267 120
267 121
267 123
267 125
267 128
267 131
267 134
267 135
267 136
267 137
267 138
267 139
267 140
267 141
267 142
267 143
267 144
267 146
267 150
267 152
267 154
267 156
267 157
267 158
267 160
267 161
267 163
267 164
267 165
267 166
267 169
267 170
267 171
267 172
267 173
267 174
267 178
267 179
267 180
267 181
267 182
267 183
267 185
267 186
267 188
267 190
267 192
267 195
267 197
267 198
267 200
267 202
267 203
267 204
267 205
267 206
267 210
267 211
267 212
267 214
267 216
267 220
267 221
267 222
267 225
267 227
267 228
267 229
267 231
267 232
267 233
267 234
267 235
267 236
267 237
267 238
267 242
267 243
267 245
267 246
267 247
267 248
267 250
267 251
267 252
267 254
267 255
267 256
267 257
267 258
267 261
267 263
267 264
267 265
267 266
268 130
269 216
270 101
271 251
272 49
273 0
273 1
273 2
273 3
273 4
273 5
273 6
273 7
273 8
273 9
273 10
273 11
273 12
273 13
273 14
273 15
273 16
273 17
273 19
273 20
273 21
273 22
273 23
273 24
273 25
273 27
273 28
273 29
273 34
273 35
273 36
273 37
273 38
273 39
273 40
273 41
273 42
273 43
273 44
273 45
273 47
273 48
273 49
273 50
273 51
273 52
273 53
273 54
273 55
273 57
273 61
273 63
273 64
273 65
273 66
273 67
273 68
273 74
273 75
273 77
273 79
273 81
273 82
273 84
273 87
273 88
273 89
273 90
273 95
273 96
273 97
273 101
273 102
273 106
273 111
273 113
273 114
273 115
273 116
273 117
273 118
273 120
273 121
273 123
273 124
273 126
273 128
273 134
273 135
273 137
273 139
273 141
273 142
273 143
273 144
273 148
273 150
273 152
273 154
273 156
273 160
273 163
273 164
273 165
273 168
273 169
273 171
273 172
273 173
273 174
273 178
273 179
273 180
273 181
273 182
273 183
273 185
273 186
273 188
273 189
273 190
273 195
273 196
273 199
273 201
273 202
273 203
273 204
273 205
273 206
273 210
273 211
273 212
273 214
273 216
273 217
273 220
273 221
273 222
273 225
273 227
273 228
273 229
273 231
273 232
273 234
273 235
273 237
273 238
273 242
273 243
273 245
273 246
273 247
273 248
273 249
273 252
273 254
273 255
273 256
273 257
273 261
273 263
273 264
273 265
273 267
274 197
275 223
276 0
276 1
276 2
276 3
276 4
276 5
276 6
276 7
276 8
276 9
276 10
276 11
276 12
276 13
276 14
276 15
276 16
276 17
276 19
276 20
276 21
276 22
276 23
276 24
276 25
276 26
276 27
276 28
276 29
276 30
276 32
276 33
276 34
276 35
276 36
276 37
276 38
276 39
276 40
276 41
276 42
276 43
276 44
276 45
276 46
276 47
276 48
276 49
276 50
276 51
276 52
276 53
276 54
276 55
276 56
276 57
276 58
276 60
276 61
276 62
276 64
276 66
276 67
276 68
276 69
276 70
276 73
276 74
276 75
276 77
276 79
276 81
276 82
276 85
276 86
276 88
276 89
276 90
276 92
276 95
276 96
276 97
276 98
276 99
276 100
276 102
276 104
276 105
276 106
276 108
276 109
276 111
276 114
276 115
276 116
276 117
276 118
276 119
276 120
276 121
276 122
276 123
276 124
276 125
276 126
276 128
276 131
276 134
276 135
276 137
276 138
276 139
276 140
276 141
276 142
276 143
276 144
276 148
276 150
276 152
276 154
276 156
276 158
276 160
276 162
276 163
276 164
276 165
276 169
276 171
276 172
276 173
276 174
276 175
276 178
276 179
276 181
276 182
276 183
276 184
276 185
276 186
276 188
276 190
276 195
276 197
276 200
276 202
276 204
276 205
276 206
276 210
276 211
276 213
276 214
276 216
276 220
276 221
276 222
276 225
276 226
276 227
276 228
276 229
276 231
276 232
276 233
276 234
276 235
276 237
276 242
276 244
276 245
276 246
276 247
276 248
276 252
276 253
276 255
276 256
276 257
276 261
276 263
276 265
276 267
276 273
276 274
277 0
277 1
277 2
277 3
277 4
277 5
277 6
277 7
277 8
277 9
277 10
277 11
277 12
277 13
277 14
277 15
277 16
277 17
277 18
277 19
277 20
277 21
277 22
277 23
277 24
277 25
277 27
277 28
277 29
277 30
277 31
277 32
277 33
277 34
277 35
277 36
277 37
277 38
277 39
277 40
277 41
277 42
277 43
277 44
277 45
277 46
277 47
277 48
277 49
277 50
277 51
277 52
277 53
277 54
277 55
277 56
277 57
277 58
277 59
277 60
277 61
277 62
277 63
277 64
277 65
277 66
277 67
277 68
277 69
277 70
277 72
277 73
277 74
277 75
277 77
277 78
277 79
277 80
277 81
277 82
277 83
277 84
277 86
277 87
277 88
277 89
277 90
277 92
277 94
277 96
277 97
277 98
277 99
277 100
277 101
277 102
277 104
277 106
277 108
277 109
277 110
277 111
277 112
277 113
277 114
277 115
277 116
277 117
277 118
277 119
277 120
277 121
277 123
277 124
277 125
277 126
277 128
277 131
277 134
277 135
277 137
277 138
277 139
277 141
277 142
277 143
277 144
277 148
277 150
277 152
277 154
277 156
277 160
277 161
277 163
277 164
277 167
277 169
277 170
277 171
277 172
277 173
277 174
277 175
277 178
277 179
277 180
277 181
277 182
277 183
277 184
277 185
277 186
277 187
277 188
277 189
277 190
277 195
277 196
277 197
277 199
277 200
277 201
277 202
277 204
277 205
277 206
277 210
277 211
277 214
277 215
277 216
277 220
277 221
277 222
277 225
277 226
277 227
277 228
277 229
277 230
277 231
277 232
277 233
277 234
277 235
277 237
277 238
277 242
277 245
277 246
277 247
277 248
277 250
277 252
277 254
277 255
277 256
277 257
277 260
277 261
277 263
277 264
277 265
277 267
277 270
277 273
277 276
278 0
278 1
278 2
278 6
278 10
278 12
278 21
278 22
278 37
278 44
278 102
278 144
278 168
278 185
279 198
280 1
280 11
280 14
280 104
280 111
280 172
280 216
281 0
281 1
281 2
281 3
281 4
281 5
281 6
281 7
281 8
281 9
281 10
281 11
281 12
281 13
281 14
281 15
281 16
281 17
281 18
281 19
281 20
281 21
281 22
281 23
281 24
281 25
281 26
281 27
281 28
281 29
281 30
281 31
281 32
281 33
281 34
281 35
281 36
281 37
281 38
281 39
281 40
281 41
281 42
281 43
281 44
281 45
281 46
281 47
281 48
281 49
281 50
281 51
281 52
281 53
281 54
281 55
281 56
281 57
281 58
281 59
281 60
281 61
281 62
281 63
281 64
281 65
281 66
281 67
281 68
281 69
281 71
281 74
281 75
281 77
281 78
281 79
281 80
281 81
281 82
281 83
281 84
281 85
281 86
281 87
281 88
281 89
281 90
281 92
281 94
281 95
281 96
281 97
281 98
281 99
281 100
281 101
281 102
281 104
281 106
281 107
281 108
281 109
281 111
281 112
281 113
281 114
281 115
281 116
281 117
281 118
281 119
281 120
281 121
281 123
281 124
281 125
281 126
281 128
281 129
281 131
281 132
281 134
281 135
281 137
281 138
281 139
281 141
281 142
281 143
281 144
281 145
281 148
281 150
281 152
281 154
281 156
281 157
281 159
281 160
281 161
281 163
281 164
281 168
281 169
281 171
281 172
281 173
281 174
281 178
281 181
281 182
281 183
281 184
281 185
281 186
281 188
281 189
281 190
281 191
281 194
281 196
281 197
281 199
281 202
281 203
281 204
281 205
281 206
281 208
281 210
281 211
281 214
281 215
281 216
281 220
281 221
281 222
281 224
281 225
281 227
281 228
281 229
281 230
281 231
281 232
281 234
281 235
281 237
281 238
281 244
281 245
281 246
281 247
281 248
281 249
281 252
281 254
281 255
281 256
281 257
281 261
281 263
281 264
281 265
281 267
281 269
281 273
281 276
281 277
281 278
281 280
282 47
283 12
283 14
283 23
283 60
283 68
283 108
283 109
283 118
283 156
283 232
284 50
284 206
285 0
285 1
285 2
285 3
285 4
285 5
285 6
285 7
285 8
285 9
285 10
285 11
285 12
285 13
285 14
285 15
285 16
285 17
285 18
285 19
285 20
285 21
285 22
285 23
285 24
285 25
285 26
285 27
285 28
285 29
285 30
285 31
285 32
285 33
285 34
285 35
285 36
285 37
285 38
285 39
285 40
285 41
285 42
285 43
285 44
285 45
285 46
285 47
285 48
285 49
285 50
285 51
285 52
285 53
285 54
285 55
285 56
285 57
285 58
285 60
285 61
285 62
285 63
285 64
285 66
285 67
285 68
285 69
285 70
285 74
285 75
285 77
285 80
285 81
285 82
285 83
285 84
285 85
285 86
285 87
285 88
285 89
285 90
285 92
285 94
285 95
285 96
285 97
285 98
285 99
285 101
285 102
285 104
285 106
285 108
285 109
285 111
285 112
285 113
285 114
285 115
285 116
285 117
285 118
285 120
285 121
285 123
285 125
285 126
285 128
285 131
285 132
285 134
285 135
285 137
285 138
285 139
285 140
285 141
285 142
285 143
285 144
285 150
285 152
285 153
285 154
285 155
285 156
285 157
285 158
285 160
285 161
285 162
285 163
285 164
285 166
285 167
285 168
285 169
285 171
285 172
285 173
285 174
285 176
285 178
285 179
285 181
285 182
285 183
285 185
285 186
285 187
285 188
285 189
285 190
285 200
285 202
285 203
285 204
285 205
285 206
285 208
285 210
285 211
285 214
285 216
285 219
285 220
285 221
285 222
285 225
285 227
285 228
285 229
285 231
285 232
285 234
285 235
285 237
285 238
285 242
285 244
285 245
285 246
285 247
285 248
285 251
285 252
285 254
285 255
285 256
285 257
285 263
285 265
285 267
285 271
285 273
285 276
285 277
285 278
285 280
285 281
285 283
286 0
286 1
286 2
286 3
286 4
286 5
286 6
286 7
286 8
286 9
286 10
286 11
286 12
286 13
286 14
286 15
286 16
286 17
286 18
286 19
286 21
286 22
286 23
286 24
286 25
286 27
286 28
286 29
286 30
286 31
286 32
286 33
286 34
286 35
286 36
286 37
286 38
286 39
286 40
286 41
286 42
286 43
286 44
286 45
286 47
286 48
286 49
286 50
286 51
286 52
286 53
286 54
286 55
286 56
286 57
286 58
286 59
286 60
286 61
286 62
286 63
286 64
286 66
286 67
286 68
286 69
286 70
286 71
286 73
286 74
286 75
286 77
286 79
286 80
286 81
286 82
286 83
286 84
286 85
286 86
286 88
286 89
286 90
286 92
286 95
286 96
286 97
286 98
286 99
286 100
286 101
286 102
286 104
286 106
286 107
286 108
286 109
286 110
286 111
286 113
286 114
286 115
286 116
286 117
286 118
286 119
286 120
286 121
286 122
286 123
286 124
286 126
286 127
286 128
286 129
286 131
286 132
286 134
286 135
286 137
286 139
286 140
286 141
286 142
286 143
286 144
286 145
286 147
286 148
286 150
286 152
286 154
286 155
286 156
286 157
286 158
286 159
286 160
286 161
286 162
286 163
286 164
286 166
286 168
286 169
286 170
286 171
286 172
286 173
286 174
286 177
286 178
286 180
286 181
286 182
286 183
286 184
286 185
286 186
286 188
286 190
286 195
286 196
286 197
286 200
286 202
286 203
286 204
286 205
286 206
286 210
286 211
286 213
286 214
286 216
286 218
286 220
286 221
286 222
286 223
286 224
286 225
286 226
286 227
286 228
286 229
286 230
286 231
286 232
286 234
286 235
286 237
286 239
286 242
286 243
286 245
286 246
286 247
286 248
286 252
286 254
286 255
286 256
286 257
286 260
286 261
286 263
286 264
286 265
286 267
286 270
286 273
286 275
286 276
286 277
286 278
286 280
286 281
286 283
286 284
286 285
287 0
287 1
287 2
287 3
287 4
287 5
287 6
287 7
287 8
287 9
287 10
287 11
287 12
287 13
287 14
287 15
287 16
287 17
287 19
287 21
287 22
287 23
287 24
287 25
287 27
287 28
287 29
287 30
287 31
287 32
287 34
287 35
287 36
287 37
287 38
287 39
287 41
287 42
287 43
287 44
287 46
287 47
287 48
287 49
287 50
287 51
287 52
287 53
287 54
287 55
287 59
287 60
287 61
287 62
287 63
287 64
287 65
287 66
287 67
287 68
287 70
287 71
287 73
287 74
287 75
287 77
287 81
287 82
287 83
287 84
287 85
287 86
287 87
287 88
287 89
287 90
287 92
287 95
287 97
287 98
287 99
287 102
287 104
287 106
287 108
287 109
287 111
287 114
287 115
287 116
287 117
287 118
287 120
287 121
287 123
287 124
287 125
287 129
287 132
287 134
287 135
287 137
287 139
287 141
287 142
287 143
287 144
287 148
287 149
287 150
287 152
287 154
287 156
287 158
287 159
287 160
287 161
287 163
287 164
287 167
287 169
287 171
287 172
287 173
287 174
287 178
287 181
287 182
287 183
287 185
287 186
287 187
287 188
287 189
287 190
287 194
287 195
287 197
287 200
287 202
287 203
287 204
287 205
287 206
287 210
287 211
287 216
287 220
287 221
287 222
287 224
287 225
287 227
287 228
287 229
287 231
287 232
287 234
287 235
287 237
287 238
287 239
287 245
287 246
287 247
287 248
287 252
287 255
287 256
287 257
287 261
287 263
287 265
287 267
287 273
287 274
287 276
287 277
287 278
287 280
287 281
287 283
287 285
287 286
288 35
288 62
289 0
289 1
289 2
289 3
289 4
289 5
289 6
289 7
289 8
289 9
289 10
289 11
289 12
289 13
289 14
289 15
289 16
289 17
289 18
289 19
289 20
289 21
289 22
289 23
289 24
289 25
289 26
289 27
289 29
289 30
289 32
289 34
289 35
289 36
289 37
289 38
289 39
289 41
289 42
289 43
289 44
289 45
289 46
289 47
289 48
289 49
289 50
289 51
289 52
289 53
289 54
289 55
289 56
289 57
289 58
289 59
289 60
289 61
289 62
289 63
289 64
289 65
289 66
289 67
289 68
289 69
289 70
289 71
289 73
289 74
289 75
289 77
289 78
289 81
289 82
289 84
289 85
289 86
289 87
289 88
289 89
289 90
289 91
289 92
289 94
289 96
289 97
289 98
289 99
289 101
289 102
289 103
289 104
289 106
289 107
289 108
289 109
289 111
289 113
289 114
289 115
289 116
289 117
289 118
289 120
289 121
289 123
289 126
289 128
289 134
289 135
289 137
289 138
289 139
289 140
289 141
289 142
289 143
289 144
289 146
289 148
289 150
289 152
289 154
289 156
289 157
289 158
289 159
289 160
289 163
289 164
289 166
289 167
289 168
289 169
289 171
289 172
289 173
289 174
289 176
289 177
289 178
289 180
289 181
289 182
289 183
289 184
289 185
289 186
289 187
289 188
289 190
289 192
289 195
289 200
289 202
289 203
289 204
289 205
289 206
289 208
289 210
289 211
289 212
289 214
289 216
289 220
289 221
289 222
289 225
289 227
289 228
289 229
289 231
289 232
289 234
289 235
289 237
289 238
289 239
289 242
289 243
289 244
289 245
289 246
289 247
289 248
289 252
289 253
289 254
289 255
289 256
289 257
289 258
289 259
289 261
289 263
289 265
289 266
289 267
289 273
289 276
289 277
289 278
289 281
289 283
289 285
289 286
289 287
290 31
291 0
291 1
291 2
291 3
291 4
291 5
291 6
291 7
291 8
291 9
291 10
291 11
291 12
291 13
291 14
291 15
291 16
291 17
291 18
291 19
291 20
291 21
291 22
291 23
291 24
291 25
291 27
291 28
291 29
291 30
291 31
291 32
291 33
291 34
291 35
291 36
291 37
291 38
291 39
291 40
291 41
291 42
291 43
291 44
291 45
291 46
291 47
291 48
291 49
291 50
291 51
291 52
291 53
291 54
291 55
291 56
291 57
291 58
291 60
291 61
291 62
291 63
291 64
291 65
291 66
291 67
291 68
291 69
291 70
291 71
291 73
291 74
291 75
291 77
291 78
291 79
291 80
291 81
291 82
291 83
291 84
291 86
291 87
291 88
291 89
291 90
291 92
291 95
291 96
291 97
291 98
291 99
291 101
291 102
291 104
291 106
291 107
291 108
291 109
291 111
291 112
291 113
291 114
291 115
291 116
291 117
291 118
291 120
291 121
291 123
291 125
291 126
291 128
291 131
291 134
291 135
291 137
291 138
291 139
291 140
291 141
291 142
291 143
291 144
291 145
291 147
291 148
291 150
291 152
291 154
291 156
291 157
291 160
291 163
291 164
291 166
291 167
291 168
291 169
291 171
291 172
291 173
291 174
291 177
291 178
291 180
291 181
291 182
291 183
291 185
291 186
291 187
291 188
291 190
291 193
291 197
291 199
291 200
291 202
291 203
291 204
291 205
291 206
291 210
291 211
291 212
291 214
291 216
291 220
291 221
291 222
291 225
291 227
291 228
291 229
291 231
291 232
291 234
291 235
291 237
291 238
291 239
291 242
291 243
291 245
291 246
291 247
291 248
291 252
291 253
291 254
291 255
291 256
291 257
291 261
291 263
291 265
291 267
291 273
291 274
291 276
291 277
291 278
291 281
291 283
291 285
291 286
291 287
291 289
291 290
292 271
292 285
293 0
293 1
293 2
293 3
293 4
293 5
293 6
293 7
293 8
293 9
293 10
293 11
293 12
293 13
293 14
293 15
293 16
293 17
293 18
293 19
293 20
293 21
293 22
293 23
293 24
293 25
293 26
293 27
293 28
293 29
293 30
293 31
293 32
293 33
293 34
293 35
293 36
293 37
293 38
293 39
293 40
293 41
293 42
293 43
293 44
293 45
293 46
293 47
293 48
293 49
293 50
293 51
293 52
293 53
293 54
293 55
293 56
293 57
293 58
293 59
293 60
293 61
293 62
293 63
293 64
293 65
293 67
293 68
293 69
293 70
293 71
293 72
293 73
293 74
293 75
293 77
293 79
293 80
293 81
293 82
293 83
293 84
293 85
293 86
293 87
293 88
293 89
293 90
293 91
293 92
293 94
293 95
293 96
293 97
293 98
293 99
293 100
293 101
293 102
293 104
293 106
293 108
293 109
293 110
293 111
293 113
293 114
293 115
293 116
293 117
293 118
293 119
293 120
293 121
293 122
293 123
293 125
293 127
293 128
293 134
293 135
293 137
293 138
293 139
293 141
293 142
293 143
293 144
293 149
293 150
293 151
293 152
293 154
293 156
293 160
293 163
293 164
293 168
293 169
293 170
293 171
293 172
293 173
293 174
293 177
293 178
293 180
293 181
293 182
293 183
293 185
293 186
293 188
293 190
293 192
293 195
293 197
293 199
293 200
293 201
293 202
293 203
293 204
293 205
293 206
293 210
293 211
293 214
293 216
293 220
293 221
293 222
293 225
293 227
293 228
293 229
293 230
293 231
293 232
293 233
293 234
293 235
293 237
293 238
293 239
293 240
293 242
293 243
293 244
293 245
293 246
293 247
293 248
293 252
293 254
293 255
293 256
293 257
293 260
293 261
293 263
293 265
293 267
293 270
293 273
293 276
293 277
293 278
293 280
293 281
293 283
293 285
293 286
293 287
293 288
293 289
293 291
294 0
294 1
294 2
294 3
294 4
294 5
294 6
294 8
294 9
294 11
294 13
294 14
294 15
294 16
294 19
294 21
294 24
294 29
294 32
294 34
294 38
294 52
294 53
294 57
294 64
294 75
294 85
294 88
294 89
294 90
294 98
294 99
294 102
294 104
294 118
294 123
294 128
294 138
294 139
294 142
294 150
294 152
294 154
294 156
294 166
294 188
294 202
294 204
294 205
294 212
294 234
294 235
294 237
294 247
294 252
294 267
294 286
294 287
294 291
295 0
295 1
295 2
295 3
295 4
295 5
295 6
295 7
295 8
295 9
295 10
295 11
295 12
295 13
295 14
295 15
295 16
295 17
295 18
295 19
295 20
295 21
295 22
295 23
295 24
295 25
295 26
295 27
295 28
295 29
295 30
295 31
295 32
295 33
295 34
295 35
295 36
295 37
295 38
295 39
295 40
295 41
295 42
295 43
295 44
295 45
295 47
295 48
295 49
295 50
295 51
295 52
295 53
295 54
295 55
295 56
295 57
295 60
295 61
295 63
295 64
295 65
295 66
295 67
295 68
295 69
295 71
295 74
295 75
295 77
295 78
295 80
295 81
295 82
295 83
295 84
295 85
295 86
295 87
295 88
295 89
295 90
295 92
295 94
295 95
295 96
295 97
295 98
295 99
295 100
295 101
295 102
295 104
295 106
295 107
295 108
295 109
295 111
295 112
295 113
295 114
295 115
295 116
295 117
295 118
295 120
295 121
295 123
295 124
295 125
295 126
295 128
295 132
295 134
295 135
295 137
295 138
295 139
295 140
295 141
295 142
295 143
295 144
295 150
295 152
295 154
295 156
295 159
295 160
295 162
295 163
295 164
295 166
295 168
295 169
295 171
295 172
295 173
295 174
295 177
295 178
295 179
295 180
295 181
295 182
295 183
295 185
295 186
295 188
295 189
295 190
295 195
295 196
295 197
295 201
295 202
295 203
295 204
295 205
295 206
295 210
295 211
295 212
295 214
295 216
295 220
295 221
295 222
295 225
295 227
295 228
295 229
295 230
295 231
295 232
295 234
295 235
295 237
295 240
295 243
295 245
295 246
295 247
295 248
295 252
295 253
295 254
295 255
295 256
295 257
295 261
295 263
295 265
295 267
295 272
295 273
295 276
295 277
295 280
295 281
295 285
295 286
295 287
295 289
295 291
295 293
295 294
296 0
296 1
296 2
296 3
296 4
296 5
296 6
296 7
296 8
296 9
296 10
296 11
296 12
296 13
296 14
296 15
296 16
296 17
296 19
296 20
296 21
296 22
296 23
296 24
296 25
296 27
296 28
296 29
296 32
296 33
296 34
296 35
296 36
296 37
296 38
296 39
296 41
296 42
296 43
296 44
296 45
296 46
296 47
296 48
296 49
296 51
296 52
296 53
296 54
296 55
296 56
296 60
296 61
296 62
296 63
296 64
296 66
296 67
296 68
296 69
296 70
296 71
296 72
296 73
296 74
296 75
296 77
296 78
296 80
296 81
296 82
296 83
296 84
296 86
296 87
296 88
296 90
296 91
296 92
296 94
296 95
296 96
296 97
296 98
296 99
296 100
296 101
296 102
296 104
296 105
296 106
296 107
296 109
296 111
296 112
296 113
296 114
296 115
296 116
296 117
296 118
296 120
296 121
296 123
296 125
296 126
296 128
296 131
296 134
296 135
296 136
296 137
296 138
296 139
296 140
296 141
296 142
296 143
296 144
296 149
296 150
296 152
296 154
296 156
296 159
296 160
296 161
296 163
296 164
296 166
296 167
296 168
296 169
296 171
296 172
296 173
296 174
296 178
296 180
296 181
296 182
296 183
296 185
296 186
296 188
296 190
296 191
296 192
296 195
296 197
296 199
296 200
296 202
296 203
296 204
296 205
296 206
296 207
296 210
296 211
296 214
296 216
296 217
296 220
296 221
296 222
296 225
296 227
296 228
296 229
296 230
296 231
296 232
296 234
296 235
296 236
296 237
296 239
296 241
296 242
296 245
296 246
296 247
296 248
296 252
296 254
296 255
296 256
296 257
296 258
296 259
296 261
296 263
296 264
296 265
296 266
296 267
296 270
296 273
296 274
296 276
296 277
296 278
296 280
296 281
296 283
296 285
296 286
296 287
296 289
296 291
296 292
296 293
296 294
296 295
297 0
297 1
297 2
297 3
297 4
297 5
297 6
297 7
297 8
297 9
297 10
297 11
297 12
297 13
297 14
297 15
297 16
297 17
297 18
297 19
297 20
297 21
297 22
297 23
297 24
297 25
297 26
297 27
297 28
297 29
297 30
297 32
297 33
297 34
297 35
297 36
297 37
297 38
297 39
297 40
297 41
297 42
297 43
297 44
297 45
297 46
297 47
297 48
297 49
297 50
297 51
297 52
297 53
297 54
297 55
297 56
297 57
297 59
297 60
297 61
297 63
297 64
297 65
297 66
297 67
297 68
297 69
297 71
297 73
297 77
297 81
297 82
297 84
297 87
297 88
297 89
297 92
297 94
297 95
297 96
297 97
297 98
297 101
297 102
297 104
297 105
297 106
297 108
297 109
297 111
297 113
297 114
297 115
297 116
297 117
297 118
297 120
297 121
297 123
297 124
297 125
297 126
297 132
297 134
297 135
297 137
297 140
297 142
297 143
297 144
297 149
297 150
297 152
297 154
297 156
297 158
297 160
297 163
297 164
297 166
297 167
297 168
297 171
297 172
297 173
297 174
297 178
297 181
297 182
297 183
297 185
297 186
297 188
297 190
297 194
297 195
297 202
297 204
297 205
297 206
297 210
297 211
297 212
297 216
297 219
297 220
297 221
297 222
297 224
297 225
297 227
297 228
297 229
297 231
297 232
297 234
297 235
297 237
297 238
297 241
297 242
297 243
297 245
297 246
297 247
297 248
297 252
297 255
297 256
297 257
297 261
297 263
297 265
297 267
297 269
297 273
297 276
297 277
297 278
297 280
297 281
297 283
297 285
297 286
297 287
297 289
297 291
297 293
297 294
297 295
297 296
298 10
298 181
298 209
298 232
299 0
299 1
299 2
299 3
299 4
299 5
299 6
299 7
299 8
299 9
299 10
299 11
299 12
299 13
299 14
299 15
299 16
299 17
299 18
299 19
299 20
299 21
299 22
299 23
299 24
299 25
299 26
299 27
299 28
299 29
299 30
299 32
299 33
299 34
299 35
299 36
299 37
299 38
299 39
299 40
299 41
299 42
299 43
299 44
299 45
299 47
299 48
299 49
299 50
299 51
299 52
299 53
299 54
299 55
299 56
299 57
299 58
299 59
299 60
299 61
299 62
299 63
299 64
299 65
299 66
299 67
299 68
299 69
299 70
299 71
299 73
299 74
299 77
299 78
299 79
299 81
299 82
299 83
299 85
299 87
299 88
299 89
299 90
299 94
299 95
299 96
299 97
299 98
299 99
299 100
299 101
299 102
299 104
299 106
299 108
299 109
299 111
299 112
299 113
299 114
299 115
299 116
299 118
299 119
299 120
299 121
299 123
299 125
299 126
299 128
299 129
299 130
299 131
299 134
299 135
299 137
299 139
299 141
299 142
299 143
299 144
299 145
299 147
299 148
299 149
299 150
299 152
299 154
299 156
299 157
299 158
299 160
299 161
299 162
299 163
299 164
299 166
299 169
299 170
299 171
299 172
299 173
299 174
299 175
299 176
299 178
299 180
299 181
299 182
299 183
299 184
299 185
299 186
299 188
299 189
299 190
299 195
299 196
299 197
299 199
299 202
299 204
299 205
299 206
299 210
299 211
299 214
299 216
299 220
299 221
299 222
299 225
299 226
299 227
299 228
299 229
299 231
299 232
299 233
299 234
299 235
299 237
299 238
299 239
299 242
299 243
299 244
299 245
299 246
299 247
299 248
299 249
299 252
299 253
299 254
299 255
299 256
299 257
299 258
299 261
299 263
299 265
299 266
299 267
299 269
299 273
299 274
299 276
299 277
299 278
299 280
299 281
299 282
299 283
299 284
299 285
299 286
299 287
299 289
299 291
299 292
299 293
299 294
299 295
299 296
299 297
