50891
57910
51322
57438
59375
52840
54516
55796
57650
58631
51979
51345
52758
55559
53002
53893
54293
54191
52894
51838
56745
59987
56467
54412
56138
56592
55481
53709
54424
56230
57198
57878
52917
54666
50651
51289
57156
58386
57131
50951
51687
58175
51994
55751
50764
56337
54224
53799
52756
52835
57749
53230
51950
50275
54083
53435
50894
54953
57665
52736
56313
51263
54163
58801
56654
58383
53343
56013
54913
51525
55570
57923
52338
57869
58103
50803
57080
58758
52247
58254
58626
54982
58556
50712
50527
58365
55260
56380
50573
53988
57530
53959
52110
57343
58788
52430
53802
58782
51599
58834
57321
50702
56400
55084
58779
57110
56198
55209
51344
55232
54080
53671
59187
54811
53380
55685
55509
52462
51614
55048
58250
59245
57849
57632
54420
56614
57750
57813
55504
57569
57355
54710
55255
50289
53104
57245
57770
54189
58620
56610
53775
51539
53621
53750
58171
53806
56233
58256
53617
56698
58867
55218
54135
58657
54160
53489
55670
57007
53491
56759
58821
54049
57168
52401
58075
58296
55453
51331
55799
59475
50469
59954
55585
50463
57382
51016
58123
58958
59454
54995
54183
52415
58290
53338
54922
52587
56390
59958
57877
56387
51410
56594
57801
54571
55403
54766
56103
54142
58036
52460
