1 0 79
2 0 26
2 1 64
3 0 69
3 1 25
3 2 92
4 1 76
5 3 21
6 0 32
6 1 99
6 4 94
7 0 72
8 4 5
8 6 9
9 3 45
9 5 40
10 0 92
10 4 6
10 6 46
10 8 23
11 0 51
11 1 19
11 2 9
11 3 79
11 4 43
11 6 30
11 7 75
11 8 7
11 10 87
12 10 91
13 0 33
13 1 92
13 2 11
13 3 16
13 4 81
13 6 66
13 7 40
13 10 17
13 11 63
14 11 52
14 13 4
15 1 56
15 4 30
16 0 24
16 1 5
16 4 87
16 6 38
16 8 20
16 10 27
16 11 46
17 0 100
17 1 95
17 6 40
17 11 86
17 13 31
18 12 10
19 1 23
19 2 18
19 3 50
19 5 43
19 9 6
19 13 46
20 19 29
21 0 27
21 1 24
22 16 63
23 12 97
24 0 39
24 1 62
24 2 44
24 3 87
24 4 57
24 6 10
24 7 42
24 8 15
24 10 87
24 11 68
24 12 54
24 13 98
24 15 88
24 16 3
24 17 10
24 19 91
24 21 74
25 0 6
26 2 77
27 0 76
27 10 72
27 13 7
28 0 52
29 0 26
29 1 12
29 2 17
29 3 80
29 5 20
29 8 44
29 9 11
29 11 46
29 13 53
29 16 94
29 19 1
29 21 2
29 24 80
30 28 79
31 28 14
31 30 7
32 0 11
32 1 66
32 4 43
32 7 13
32 11 22
32 13 10
32 14 84
32 24 2
33 27 1
34 4 58
34 6 15
34 8 100
34 29 70
34 32 91
35 0 15
35 1 5
35 2 88
35 3 3
35 16 52
35 22 26
36 0 43
36 1 25
36 2 2
36 3 64
36 4 50
36 15 70
36 17 95
37 2 85
38 4 35
38 6 40
38 8 41
39 23 57
40 27 83
40 33 23
41 0 72
41 1 30
41 2 49
41 3 66
41 4 24
41 6 74
41 7 68
41 8 98
41 9 58
41 10 78
41 11 45
41 13 8
41 14 58
41 16 93
41 17 32
41 19 95
41 21 66
41 22 64
41 27 10
41 32 9
41 35 37
41 36 24
41 37 58
41 38 70
42 23 82
42 39 32
43 0 47
43 1 26
43 2 63
43 3 76
43 4 56
43 5 89
43 6 34
43 7 27
43 8 14
43 9 56
43 10 91
43 11 80
43 13 23
43 14 99
43 15 22
43 16 24
43 17 18
43 19 94
43 22 66
43 24 21
43 28 6
43 29 44
43 30 10
43 31 76
43 32 71
43 34 71
43 35 73
43 36 62
43 38 52
43 41 62
44 0 66
44 1 26
44 2 32
44 3 23
44 4 8
44 5 59
44 6 72
44 8 65
44 9 73
44 10 71
44 11 3
44 13 15
44 15 13
44 16 8
44 17 45
44 19 58
44 22 32
44 24 80
44 29 49
44 32 95
44 34 1
44 35 20
44 36 42
44 37 71
44 38 44
44 41 16
44 43 79
45 0 49
45 25 24
45 43 89
46 6 21
47 1 4
47 4 9
47 6 30
47 8 2
47 16 23
47 17 67
47 38 93
47 41 34
48 0 61
48 1 95
48 2 11
48 3 60
48 16 44
48 21 36
48 22 73
48 35 79
48 44 36
49 0 85
49 1 74
49 2 13
49 3 28
49 4 85
49 6 7
49 7 18
49 8 60
49 10 98
49 11 43
49 13 15
49 16 43
49 17 12
49 19 95
49 21 58
49 22 76
49 24 100
49 25 76
49 29 1
49 35 73
49 36 8
49 37 30
49 38 1
49 41 35
49 43 8
49 44 39
49 45 34
49 47 1
49 48 32
50 39 54
50 42 53
51 2 93
51 5 31
51 16 85
51 29 71
51 34 31
51 36 25
51 37 46
51 41 16
51 43 36
51 44 100
52 1 46
52 4 88
52 34 81
53 0 8
53 1 79
53 2 29
53 3 34
53 4 12
53 5 86
53 6 83
53 7 52
53 8 11
53 9 91
53 10 13
53 11 60
53 12 7
53 13 56
53 15 71
53 16 63
53 17 49
53 19 1
53 22 67
53 23 88
53 24 32
53 27 40
53 28 53
53 29 93
53 32 8
53 34 100
53 35 48
53 36 34
53 37 100
53 38 94
53 41 89
53 43 51
53 44 52
53 47 28
53 48 69
53 49 35
53 51 74
54 23 52
55 2 66
55 22 10
55 28 46
55 35 6
55 37 55
55 41 76
55 43 84
55 44 6
55 47 81
55 48 51
55 49 37
55 51 3
55 53 83
56 1 45
56 4 59
57 0 64
57 1 3
57 4 42
57 6 7
57 8 3
57 16 25
57 29 43
57 49 93
57 55 47
58 27 93
59 41 22
60 13 79
60 14 61
61 0 76
61 1 28
61 2 45
61 3 41
61 4 31
61 6 39
61 7 4
61 8 61
61 10 62
61 11 25
61 12 62
61 13 63
61 14 78
61 15 52
61 16 21
61 17 4
61 18 16
61 19 5
61 22 73
61 23 10
61 24 63
61 27 75
61 29 9
61 32 91
61 33 53
61 35 40
61 36 88
61 37 30
61 38 1
61 39 21
61 41 35
61 42 52
61 43 57
61 44 74
61 45 77
61 47 22
61 48 32
61 49 58
61 50 77
61 51 19
61 53 26
61 55 83
61 57 12
61 60 34
62 35 83
63 52 50
64 37 61
65 29 92
66 0 58
66 1 67
66 4 4
66 5 28
66 11 92
66 13 54
66 43 76
66 45 8
66 49 61
67 23 68
67 39 31
67 42 23
67 50 67
67 54 52
67 61 43
68 10 81
68 12 84
68 14 9
68 22 27
68 23 19
68 39 43
68 42 80
68 50 56
68 54 9
68 60 13
68 61 80
68 67 60
69 0 40
69 3 61
69 5 91
69 7 15
69 24 38
69 41 79
69 43 30
69 45 3
69 51 34
70 62 83
71 0 96
71 1 48
71 4 19
71 6 72
72 8 61
73 21 67
74 8 53
74 61 40
75 0 41
75 25 73
76 4 88
77 0 16
77 10 72
77 13 48
77 27 99
77 28 7
77 30 74
77 33 22
77 38 45
77 40 70
77 43 58
77 53 10
77 58 100
77 61 89
78 1 44
79 58 95
80 28 4
80 30 74
80 31 6
81 0 85
81 1 89
81 2 54
81 3 49
81 4 54
81 5 46
81 6 58
81 7 65
81 8 80
81 9 13
81 10 6
81 11 41
81 12 45
81 13 59
81 14 77
81 15 29
81 16 86
81 17 27
81 18 95
81 19 78
81 21 70
81 22 49
81 23 47
81 24 8
81 25 60
81 27 37
81 28 73
81 29 99
81 32 44
81 34 15
81 35 17
81 36 27
81 37 8
81 38 53
81 39 72
81 41 52
81 42 39
81 43 62
81 44 94
81 45 66
81 46 2
81 47 83
81 48 58
81 49 83
81 50 90
81 51 75
81 53 23
81 54 61
81 55 34
81 57 86
81 61 50
81 62 64
81 64 35
81 65 21
81 67 59
81 68 9
81 69 44
81 70 30
81 75 6
81 77 74
82 0 46
82 1 34
82 2 11
82 3 92
82 4 73
82 5 25
82 6 70
82 7 48
82 8 6
82 9 35
82 10 85
82 11 43
82 12 54
82 13 78
82 14 24
82 16 77
82 17 34
82 18 64
82 19 55
82 20 91
82 21 76
82 22 78
82 23 9
82 24 54
82 26 93
82 27 89
82 29 14
82 32 30
82 34 75
82 35 36
82 36 5
82 37 68
82 39 55
82 41 9
82 42 8
82 43 66
82 44 92
82 45 27
82 47 70
82 48 8
82 49 22
82 51 25
82 52 43
82 53 20
82 55 20
82 57 58
82 59 88
82 60 52
82 61 81
82 63 83
82 64 43
82 66 39
82 68 81
82 69 31
82 73 33
82 81 50
83 35 98
83 48 89
84 41 2
84 81 71
84 82 97
85 9 99
86 37 2
86 64 29
86 81 55
87 1 17
87 4 4
87 56 25
88 0 60
88 1 15
88 2 27
88 3 41
88 4 24
88 6 98
88 7 54
88 8 54
88 9 24
88 10 58
88 11 8
88 12 68
88 13 21
88 15 2
88 16 23
88 17 35
88 19 64
88 21 45
88 22 12
88 24 84
88 27 2
88 28 71
88 29 1
88 30 29
88 32 12
88 34 29
88 35 86
88 36 60
88 38 62
88 41 25
88 42 11
88 43 22
88 44 80
88 49 93
88 51 62
88 52 41
88 53 83
88 55 38
88 57 20
88 61 19
88 69 38
88 73 21
88 77 75
88 78 19
88 81 39
88 82 81
88 84 94
88 85 69
89 0 13
89 1 42
89 2 19
89 4 65
89 6 75
89 8 61
89 34 22
89 37 33
89 46 19
89 64 70
89 71 98
89 81 38
89 82 83
89 84 93
89 86 50
89 88 17
90 0 58
90 1 8
90 2 24
90 3 25
90 6 63
90 8 31
90 17 19
90 24 32
90 25 34
90 29 45
90 34 74
90 41 92
90 43 6
90 44 30
90 45 28
90 47 20
90 48 25
90 52 24
90 53 62
90 55 82
90 61 46
90 63 39
90 66 20
90 69 88
90 74 69
90 81 9
90 82 28
90 84 78
90 88 11
90 89 2
91 54 23
92 12 77
92 23 83
93 76 21
94 47 38
95 0 28
95 2 7
95 12 50
95 13 96
95 23 25
95 27 1
95 82 41
95 90 87
95 92 59
96 55 14
96 88 10
97 0 83
97 1 37
97 2 97
97 3 86
97 4 2
97 5 81
97 6 93
97 7 62
97 8 8
97 9 47
97 10 62
97 11 51
97 12 61
97 13 89
97 15 18
97 16 85
97 19 29
97 20 7
97 23 46
97 24 29
97 26 46
97 27 78
97 29 81
97 33 64
97 34 53
97 35 55
97 38 67
97 39 88
97 41 62
97 43 87
97 44 9
97 45 6
97 47 45
97 48 70
97 49 2
97 51 29
97 52 62
97 53 78
97 55 47
97 57 25
97 61 69
97 65 79
97 66 73
97 67 28
97 68 92
97 69 32
97 71 6
97 74 69
97 77 65
97 81 5
97 82 88
97 84 58
97 88 51
97 89 4
97 90 52
97 94 45
97 95 4
97 96 15
98 6 41
98 7 67
98 13 99
98 69 34
98 97 33
99 98 15
100 98 33
100 99 17
101 0 21
101 1 35
101 2 61
101 3 1
101 4 38
101 6 57
101 7 54
101 8 63
101 10 15
101 11 98
101 13 20
101 16 95
101 22 52
101 23 34
101 24 90
101 29 10
101 37 42
101 39 52
101 42 17
101 43 57
101 44 50
101 48 5
101 53 51
101 55 96
101 61 62
101 64 82
101 81 87
101 82 80
101 88 6
101 90 70
101 95 42
101 96 51
102 0 76
102 1 26
102 2 97
102 3 52
102 4 13
102 5 10
102 6 47
102 7 83
102 8 88
102 9 72
102 11 13
102 12 99
102 13 40
102 14 14
102 15 19
102 16 10
102 19 5
102 22 13
102 23 60
102 24 30
102 25 93
102 27 82
102 29 27
102 30 94
102 32 98
102 33 82
102 34 20
102 35 87
102 36 92
102 37 97
102 38 36
102 40 48
102 41 61
102 43 80
102 44 61
102 45 67
102 46 9
102 47 20
102 48 100
102 49 36
102 53 78
102 55 97
102 57 16
102 58 24
102 60 51
102 61 66
102 64 64
102 66 86
102 68 13
102 69 45
102 75 20
102 77 57
102 79 56
102 81 63
102 82 2
102 84 89
102 86 41
102 88 45
102 89 89
102 90 11
102 92 24
102 94 51
102 95 11
102 97 1
102 98 40
102 100 59
102 101 80
103 91 65
104 9 78
104 13 87
104 14 76
104 53 77
104 68 8
104 102 47
105 48 89
106 0 70
106 1 8
106 2 6
106 3 26
106 4 86
106 5 4
106 6 28
106 7 81
106 9 20
106 13 4
106 14 4
106 16 90
106 17 29
106 21 98
106 36 38
106 37 90
106 42 87
106 44 67
106 47 69
106 48 29
106 51 52
106 53 65
106 57 90
106 60 80
106 61 59
106 67 57
106 68 19
106 81 52
106 82 47
106 84 81
106 88 80
106 94 61
106 97 17
106 102 33
106 104 14
107 78 82
108 10 75
108 12 2
108 23 9
108 54 42
108 92 91
109 19 22
109 68 31
109 97 47
109 98 62
109 99 80
109 100 11
109 102 14
109 104 66
109 106 49
110 23 95
111 0 69
111 1 51
111 2 18
111 3 86
111 4 73
111 5 21
111 6 55
111 9 54
111 10 1
111 13 4
111 19 31
111 21 89
111 22 64
111 27 87
111 35 55
111 36 23
111 39 91
111 42 71
111 43 78
111 44 42
111 46 6
111 47 35
111 48 37
111 49 70
111 52 21
111 61 41
111 63 39
111 67 69
111 68 20
111 73 71
111 81 85
111 88 72
111 90 73
111 97 78
111 102 2
111 106 5
111 109 7
112 56 51
113 0 31
113 1 71
113 4 43
113 6 81
113 7 57
113 16 45
113 22 11
113 49 57
113 82 85
114 0 94
114 1 6
114 2 19
114 3 72
114 4 25
114 5 15
114 6 2
114 7 68
114 8 37
114 9 47
114 10 24
114 11 33
114 13 17
114 14 78
114 15 20
114 16 3
114 17 60
114 19 74
114 20 81
114 22 5
114 24 43
114 25 24
114 27 47
114 29 83
114 32 38
114 33 15
114 34 30
114 36 41
114 41 85
114 43 58
114 44 1
114 45 32
114 46 44
114 47 3
114 49 40
114 51 16
114 53 85
114 55 38
114 57 3
114 58 98
114 61 19
114 64 58
114 65 40
114 66 45
114 68 69
114 69 57
114 71 22
114 77 41
114 81 22
114 82 77
114 84 80
114 86 26
114 88 8
114 89 95
114 90 47
114 97 82
114 98 58
114 101 10
114 102 66
114 106 51
114 109 3
114 111 42
115 0 21
115 1 15
115 2 79
115 3 46
115 4 58
115 5 26
115 6 20
115 7 17
115 8 33
115 9 15
115 10 1
115 11 66
115 13 90
115 14 76
115 16 83
115 17 35
115 19 47
115 20 36
115 22 11
115 24 31
115 27 62
115 28 64
115 29 48
115 30 28
115 32 86
115 34 66
115 36 61
115 41 39
115 43 32
115 44 20
115 45 43
115 47 26
115 49 2
115 51 67
115 52 64
115 53 52
115 55 20
115 57 28
115 61 20
115 63 40
115 69 33
115 71 93
115 80 34
115 81 62
115 82 71
115 88 55
115 89 19
115 90 47
115 96 69
115 97 90
115 98 2
115 99 46
115 100 85
115 101 74
115 102 18
115 104 92
115 106 5
115 109 76
115 111 3
115 113 44
115 114 86
116 0 8
116 1 53
116 2 14
116 3 74
116 4 5
116 5 59
116 6 92
116 8 94
116 9 38
116 10 77
116 11 78
116 13 3
116 14 52
116 15 57
116 16 56
116 19 91
116 21 37
116 24 14
116 26 1
116 27 64
116 29 17
116 34 94
116 36 85
116 37 36
116 38 91
116 41 14
116 43 79
116 44 99
116 45 39
116 46 97
116 49 91
116 52 88
116 53 46
116 55 40
116 57 92
116 60 78
116 61 15
116 63 99
116 64 69
116 66 50
116 68 1
116 69 94
116 71 40
116 77 57
116 81 14
116 82 81
116 84 12
116 85 65
116 86 95
116 88 39
116 89 76
116 90 34
116 95 85
116 97 13
116 98 10
116 100 5
116 101 10
116 102 99
116 104 12
116 106 10
116 109 11
116 111 44
116 114 55
116 115 17
117 1 86
117 87 68
118 0 20
118 1 100
118 2 90
118 3 54
118 4 60
118 5 67
118 6 22
118 7 21
118 8 17
118 10 79
118 11 23
118 12 58
118 13 73
118 14 90
118 17 47
118 24 38
118 37 80
118 38 98
118 39 7
118 43 18
118 44 43
118 45 2
118 48 95
118 49 81
118 57 78
118 60 77
118 61 47
118 64 63
118 66 66
118 68 61
118 69 75
118 77 39
118 90 14
118 95 82
118 97 68
118 98 65
118 101 76
118 102 79
118 104 13
118 106 65
118 108 86
118 109 100
118 111 53
118 114 88
118 115 89
118 116 80
119 98 54
119 100 92
120 0 71
120 1 84
120 2 9
120 3 65
120 4 21
120 6 71
120 8 82
120 9 12
120 10 25
120 11 79
120 12 90
120 13 60
120 16 49
120 21 69
120 22 74
120 23 51
120 24 52
120 25 45
120 29 63
120 32 66
120 34 58
120 35 88
120 39 68
120 40 73
120 41 89
120 43 5
120 44 62
120 47 2
120 48 34
120 49 1
120 50 36
120 51 28
120 52 68
120 53 38
120 55 7
120 57 66
120 61 95
120 68 95
120 69 43
120 74 76
120 77 40
120 81 36
120 82 23
120 83 84
120 88 51
120 90 40
120 97 3
120 98 80
120 101 86
120 102 56
120 106 86
120 109 89
120 111 14
120 114 64
120 115 16
120 116 71
120 118 89
121 0 82
121 1 41
121 2 64
121 3 34
121 4 52
121 5 6
121 6 28
121 7 7
121 8 56
121 9 3
121 10 2
121 11 68
121 12 83
121 13 38
121 14 98
121 16 49
121 17 43
121 18 10
121 19 76
121 21 20
121 22 64
121 23 15
121 24 51
121 29 49
121 32 63
121 34 49
121 35 36
121 36 39
121 37 46
121 38 14
121 39 72
121 41 13
121 42 74
121 43 24
121 44 97
121 48 23
121 49 20
121 50 87
121 51 100
121 53 55
121 54 69
121 55 97
121 56 80
121 57 46
121 60 70
121 61 72
121 64 90
121 65 56
121 66 4
121 67 3
121 68 81
121 69 49
121 74 29
121 77 99
121 81 54
121 82 16
121 88 22
121 89 72
121 90 62
121 91 13
121 92 87
121 95 1
121 96 61
121 97 20
121 98 11
121 101 48
121 102 83
121 104 26
121 106 4
121 108 64
121 111 51
121 113 74
121 114 31
121 115 89
121 116 73
121 118 74
121 120 16
122 98 93
122 119 87
123 0 98
123 1 24
123 2 75
123 3 29
123 4 92
123 5 75
123 6 76
123 7 7
123 8 1
123 9 82
123 10 14
123 11 49
123 12 88
123 13 100
123 14 4
123 16 20
123 17 66
123 20 40
123 21 47
123 22 68
123 23 43
123 24 96
123 25 61
123 27 16
123 28 70
123 29 72
123 30 4
123 31 8
123 32 19
123 34 92
123 35 39
123 36 73
123 37 45
123 38 77
123 41 48
123 43 10
123 44 53
123 45 35
123 46 84
123 47 20
123 48 6
123 49 19
123 50 96
123 51 85
123 52 62
123 53 66
123 54 69
123 55 87
123 57 82
123 58 79
123 60 54
123 61 82
123 62 94
123 63 91
123 66 19
123 67 94
123 68 88
123 69 41
123 70 64
123 74 35
123 75 27
123 77 40
123 80 11
123 81 80
123 82 58
123 83 93
123 84 50
123 86 24
123 88 80
123 89 79
123 90 49
123 92 8
123 95 33
123 97 67
123 98 39
123 101 85
123 102 99
123 104 3
123 106 23
123 108 67
123 111 94
123 113 24
123 114 94
123 115 84
123 116 27
123 118 16
123 120 19
123 121 28
124 82 14
125 0 60
125 1 89
125 2 56
125 3 37
125 5 23
125 9 48
125 19 87
125 20 21
125 88 7
125 121 89
125 123 80
126 0 66
126 1 73
126 25 90
126 45 9
126 114 85
126 117 1
126 120 2
127 28 64
127 30 20
128 0 5
128 1 83
128 2 93
128 36 74
128 56 39
128 87 98
128 112 81
128 121 5
129 104 44
130 0 15
131 0 99
131 43 42
131 69 4
132 0 21
132 1 91
132 2 36
132 37 65
133 2 82
134 0 5
134 1 90
134 2 39
134 3 28
134 4 95
134 5 13
134 6 28
134 7 92
134 8 17
134 10 62
134 11 83
134 12 81
134 13 6
134 16 22
134 17 81
134 19 20
134 20 6
134 21 80
134 22 16
134 23 90
134 24 21
134 29 86
134 34 50
134 35 58
134 37 78
134 39 35
134 41 63
134 43 46
134 44 11
134 47 49
134 48 95
134 49 35
134 51 67
134 53 19
134 54 67
134 55 91
134 57 48
134 61 8
134 66 40
134 68 32
134 74 54
134 77 59
134 81 39
134 82 22
134 88 31
134 89 3
134 90 69
134 92 31
134 94 97
134 97 59
134 101 4
134 102 11
134 106 88
134 108 83
134 111 87
134 113 57
134 114 14
134 115 60
134 116 36
134 117 55
134 118 48
134 120 48
134 121 75
134 123 23
134 124 20
134 125 66
134 126 37
135 0 66
135 1 51
135 2 19
135 3 6
135 4 26
135 5 56
135 6 100
135 7 73
135 8 94
135 9 48
135 10 35
135 11 83
135 12 44
135 13 83
135 14 27
135 15 12
135 16 76
135 17 51
135 18 58
135 19 2
135 20 68
135 21 26
135 22 11
135 23 23
135 24 72
135 25 52
135 26 43
135 27 53
135 29 64
135 32 69
135 33 58
135 34 65
135 35 62
135 36 99
135 37 88
135 38 61
135 39 17
135 41 51
135 42 100
135 43 52
135 44 49
135 45 52
135 47 31
135 48 76
135 49 67
135 50 32
135 51 41
135 52 29
135 53 72
135 54 76
135 55 21
135 57 47
135 58 94
135 59 10
135 60 37
135 61 42
135 63 93
135 64 36
135 66 85
135 67 62
135 68 38
135 69 41
135 71 36
135 74 91
135 75 57
135 77 2
135 78 91
135 81 46
135 82 13
135 84 51
135 85 36
135 88 68
135 89 2
135 90 74
135 92 13
135 95 46
135 96 28
135 97 6
135 98 76
135 99 84
135 100 92
135 101 91
135 102 40
135 104 40
135 106 50
135 108 76
135 109 5
135 110 36
135 111 11
135 113 17
135 114 53
135 115 83
135 116 44
135 118 43
135 120 25
135 121 75
135 123 15
135 125 8
135 126 80
135 128 71
135 131 82
135 134 20
136 107 81
137 0 56
137 1 98
137 2 86
137 3 68
137 4 81
137 5 10
137 6 82
137 7 28
137 8 3
137 9 24
137 10 86
137 11 81
137 12 83
137 13 80
137 14 55
137 16 81
137 18 49
137 19 57
137 20 7
137 22 21
137 23 61
137 24 24
137 25 81
137 27 59
137 28 40
137 29 95
137 30 88
137 31 53
137 32 98
137 34 3
137 35 76
137 36 73
137 37 17
137 38 51
137 39 90
137 41 88
137 42 23
137 43 16
137 44 10
137 45 30
137 47 12
137 48 25
137 49 28
137 50 41
137 51 9
137 53 24
137 54 25
137 55 15
137 57 44
137 58 94
137 61 48
137 64 74
137 65 34
137 66 8
137 67 28
137 68 2
137 69 24
137 77 42
137 79 37
137 80 70
137 81 87
137 82 22
137 83 40
137 86 99
137 88 42
137 90 49
137 92 14
137 94 5
137 95 73
137 97 51
137 98 76
137 99 26
137 101 67
137 102 11
137 104 31
137 106 70
137 108 27
137 109 35
137 111 60
137 113 37
137 114 78
137 115 45
137 116 93
137 118 74
137 120 72
137 121 12
137 123 84
137 126 3
137 127 20
137 129 94
137 131 64
137 134 79
137 135 72
138 128 89
139 0 56
139 1 28
139 4 52
139 6 50
139 8 78
139 17 43
139 44 85
139 74 86
140 20 20
141 0 86
141 1 98
141 2 47
141 3 12
141 5 21
141 9 36
141 10 72
141 13 99
141 16 84
141 19 82
141 22 85
141 37 24
141 41 97
141 43 79
141 44 22
141 49 82
141 64 80
141 86 73
141 106 58
141 120 76
141 135 79
141 137 77
142 0 99
142 1 88
142 2 29
142 3 12
142 4 63
142 5 39
142 6 25
142 7 86
142 8 5
142 9 61
142 10 97
142 11 71
142 12 11
142 13 72
142 14 97
142 15 15
142 16 86
142 17 56
142 18 89
142 19 69
142 20 74
142 21 54
142 22 57
142 23 22
142 24 80
142 25 99
142 27 34
142 30 61
142 32 50
142 33 99
142 34 30
142 35 65
142 39 63
142 40 68
142 41 42
142 42 5
142 43 53
142 44 31
142 45 43
142 47 34
142 49 84
142 50 84
142 52 94
142 53 3
142 54 72
142 58 51
142 61 94
142 66 74
142 67 98
142 68 62
142 69 15
142 71 94
142 75 43
142 77 11
142 78 47
142 81 88
142 82 77
142 84 55
142 85 88
142 87 79
142 88 27
142 89 94
142 90 65
142 91 38
142 92 44
142 97 65
142 98 79
142 99 68
142 100 15
142 102 27
142 104 74
142 106 34
142 107 8
142 108 55
142 109 5
142 111 20
142 114 78
142 115 21
142 116 89
142 117 86
142 118 28
142 120 89
142 121 90
142 123 90
142 126 84
142 128 1
142 129 92
142 131 74
142 134 98
142 135 1
142 136 96
142 137 99
142 141 56
143 0 5
143 1 26
143 2 65
143 4 92
143 13 53
143 14 97
143 16 16
143 29 78
143 35 21
143 36 63
143 43 78
143 45 76
143 49 84
143 53 52
143 56 96
143 60 77
143 66 35
143 70 35
143 81 48
143 87 3
143 88 39
143 97 15
143 98 41
143 99 94
143 101 50
143 102 50
143 104 36
143 109 70
143 111 78
143 112 37
143 115 7
143 116 85
143 120 3
143 121 38
143 123 44
143 128 13
143 134 87
143 135 69
143 137 24
143 138 38
143 141 1
143 142 68
144 0 57
144 1 74
144 2 20
144 3 87
144 4 54
144 5 11
144 6 90
144 7 39
144 8 58
144 9 44
144 10 42
144 11 74
144 13 90
144 15 7
144 16 65
144 17 99
144 19 46
144 20 77
144 21 65
144 22 20
144 24 40
144 25 33
144 27 36
144 29 100
144 33 77
144 34 73
144 35 76
144 36 82
144 37 74
144 38 63
144 40 61
144 41 70
144 42 28
144 43 76
144 44 90
144 45 23
144 46 72
144 47 23
144 48 91
144 49 62
144 51 21
144 53 90
144 55 78
144 56 44
144 58 71
144 61 100
144 64 53
144 65 39
144 66 34
144 69 24
144 71 73
144 75 89
144 77 4
144 78 97
144 81 10
144 82 27
144 84 32
144 85 48
144 86 52
144 87 90
144 88 44
144 89 20
144 90 34
144 94 10
144 97 97
144 98 69
144 99 30
144 100 28
144 101 38
144 102 26
144 104 46
144 105 6
144 106 60
144 107 24
144 109 31
144 111 52
144 112 15
144 114 36
144 115 18
144 116 66
144 117 28
144 118 71
144 119 40
144 120 29
144 121 24
144 123 75
144 125 46
144 126 48
144 128 17
144 129 52
144 134 8
144 135 65
144 136 70
144 137 32
144 139 95
144 140 88
144 141 28
144 142 64
144 143 10
145 43 39
145 45 85
146 91 96
146 103 43
147 45 22
147 145 67
148 124 57
148 134 71
149 47 49
150 0 10
150 1 71
150 2 90
150 3 93
150 4 19
150 5 23
150 6 39
150 7 24
150 8 41
150 9 91
150 10 36
150 11 12
150 12 98
150 13 36
150 14 81
150 16 52
150 17 20
150 19 35
150 20 63
150 21 61
150 22 29
150 23 46
150 24 6
150 25 6
150 27 87
150 28 50
150 29 29
150 30 31
150 32 16
150 35 59
150 36 26
150 37 14
150 38 9
150 39 64
150 41 11
150 42 2
150 43 10
150 44 95
150 45 28
150 47 28
150 48 50
150 49 24
150 51 57
150 53 76
150 54 1
150 55 87
150 56 93
150 57 58
150 58 39
150 60 64
150 61 12
150 64 78
150 66 7
150 67 22
150 68 87
150 69 93
150 71 38
150 73 100
150 77 92
150 78 97
150 79 72
150 81 100
150 82 69
150 84 39
150 86 52
150 87 52
150 88 14
150 89 60
150 90 84
150 95 86
150 96 7
150 97 4
150 98 59
150 99 12
150 100 77
150 101 16
150 102 46
150 104 67
150 106 58
150 107 45
150 109 82
150 110 39
150 111 88
150 112 78
150 114 62
150 115 35
150 116 14
150 117 69
150 118 49
150 120 12
150 121 27
150 123 52
150 125 12
150 126 90
150 128 71
150 134 48
150 135 37
150 136 58
150 137 79
150 138 73
150 141 41
150 142 54
150 143 30
150 144 8
151 127 85
152 0 77
152 1 46
152 2 41
152 3 91
152 4 34
152 5 33
152 6 56
152 7 16
152 8 99
152 9 54
152 10 9
152 11 78
152 12 28
152 13 22
152 16 68
152 19 20
152 20 45
152 21 14
152 22 79
152 23 6
152 25 39
152 29 93
152 32 35
152 34 87
152 35 43
152 37 28
152 39 52
152 41 90
152 42 22
152 43 63
152 44 21
152 47 31
152 48 46
152 50 24
152 51 47
152 52 79
152 53 65
152 54 12
152 57 19
152 58 45
152 59 97
152 61 49
152 63 45
152 67 45
152 68 84
152 73 100
152 75 86
152 79 14
152 81 26
152 82 99
152 83 8
152 84 20
152 85 76
152 88 79
152 92 10
152 94 62
152 95 30
152 97 82
152 101 51
152 102 38
152 104 92
152 106 81
152 109 49
152 111 7
152 114 79
152 115 36
152 116 24
152 118 31
152 120 56
152 121 41
152 123 38
152 125 28
152 128 11
152 134 83
152 135 98
152 137 80
152 138 93
152 141 66
152 142 95
152 143 63
152 144 6
152 150 88
153 3 67
154 0 42
154 1 82
154 2 95
154 3 55
154 4 80
154 5 100
154 6 62
154 7 9
154 8 59
154 9 92
154 10 47
154 11 77
154 12 98
154 13 58
154 14 32
154 16 57
154 17 25
154 18 12
154 19 55
154 21 14
154 22 86
154 23 82
154 24 96
154 25 51
154 27 22
154 28 5
154 29 87
154 30 92
154 31 64
154 32 84
154 33 17
154 34 36
154 35 76
154 36 58
154 37 10
154 38 87
154 39 69
154 40 88
154 41 39
154 42 79
154 43 18
154 44 75
154 45 79
154 46 1
154 47 61
154 48 21
154 49 34
154 50 28
154 51 98
154 52 30
154 53 76
154 55 17
154 56 34
154 57 11
154 58 97
154 59 59
154 60 83
154 61 9
154 62 83
154 63 95
154 64 6
154 66 10
154 67 13
154 68 98
154 69 30
154 70 26
154 74 32
154 75 34
154 77 41
154 80 68
154 81 24
154 82 28
154 83 64
154 84 3
154 85 7
154 86 59
154 87 98
154 88 83
154 89 78
154 90 25
154 92 80
154 95 49
154 96 2
154 97 22
154 98 37
154 99 81
154 101 68
154 102 29
154 104 63
154 105 59
154 106 67
154 109 22
154 111 65
154 112 56
154 113 62
154 114 41
154 115 34
154 116 20
154 117 20
154 118 5
154 120 60
154 121 96
154 123 94
154 126 57
154 128 55
154 129 81
154 131 85
154 134 6
154 135 69
154 137 49
154 138 80
154 141 42
154 142 10
154 143 47
154 144 56
154 150 52
154 152 85
155 143 1
156 0 60
156 1 39
156 2 45
156 3 19
156 4 22
156 5 34
156 6 51
156 7 60
156 8 66
156 9 87
156 10 54
156 11 49
156 12 81
156 13 59
156 14 24
156 15 23
156 16 74
156 17 94
156 18 70
156 19 99
156 20 97
156 21 59
156 22 11
156 23 80
156 24 37
156 25 2
156 27 51
156 29 28
156 32 18
156 33 70
156 34 79
156 35 67
156 36 69
156 37 14
156 38 49
156 39 56
156 41 57
156 42 47
156 43 29
156 44 80
156 45 18
156 46 67
156 47 41
156 48 75
156 49 58
156 50 4
156 51 57
156 53 92
156 54 72
156 55 65
156 57 74
156 58 15
156 59 39
156 60 60
156 61 44
156 62 96
156 66 24
156 67 35
156 68 38
156 69 58
156 71 41
156 74 16
156 77 70
156 81 38
156 82 76
156 84 92
156 85 44
156 87 34
156 88 27
156 89 65
156 90 31
156 91 86
156 94 43
156 95 20
156 97 41
156 98 20
156 101 22
156 102 47
156 103 59
156 104 26
156 106 75
156 108 26
156 109 77
156 111 18
156 113 4
156 114 13
156 115 82
156 116 93
156 117 10
156 118 9
156 120 11
156 121 46
156 123 35
156 125 65
156 126 7
156 128 82
156 131 16
156 132 13
156 134 45
156 135 35
156 137 69
156 138 45
156 139 54
156 141 2
156 142 83
156 143 5
156 144 42
156 146 92
156 150 46
156 152 47
156 153 1
156 154 14
156 155 18
157 118 41
158 2 16
159 98 35
159 99 49
160 0 87
160 1 29
160 2 1
160 3 10
160 4 26
160 5 64
160 6 1
160 7 98
160 8 21
160 9 69
160 10 59
160 11 93
160 12 33
160 13 5
160 14 22
160 16 47
160 17 63
160 19 28
160 20 25
160 21 14
160 22 62
160 23 100
160 24 89
160 25 91
160 27 84
160 28 74
160 29 65
160 30 93
160 32 33
160 34 95
160 35 59
160 36 65
160 37 27
160 38 93
160 39 70
160 41 77
160 43 48
160 44 23
160 45 4
160 47 11
160 48 78
160 49 30
160 50 70
160 52 85
160 53 96
160 54 82
160 55 57
160 56 1
160 61 35
160 63 66
160 64 10
160 68 52
160 69 53
160 71 57
160 77 13
160 81 50
160 82 92
160 84 44
160 85 27
160 86 11
160 87 18
160 88 10
160 89 80
160 90 32
160 92 30
160 94 92
160 95 87
160 97 37
160 101 28
160 102 36
160 104 63
160 106 56
160 108 33
160 109 80
160 111 64
160 113 53
160 114 37
160 115 34
160 116 88
160 117 6
160 118 94
160 120 3
160 121 76
160 123 84
160 125 86
160 126 46
160 129 59
160 130 27
160 134 64
160 135 18
160 137 31
160 139 85
160 140 33
160 141 46
160 142 9
160 143 61
160 144 97
160 149 86
160 150 97
160 152 92
160 154 100
160 155 49
160 156 59
161 154 76
162 37 15
163 0 69
163 1 82
163 2 3
163 3 18
163 4 19
163 5 4
163 6 90
163 7 26
163 8 51
163 9 80
163 10 54
163 11 19
163 12 45
163 13 37
163 14 71
163 15 57
163 16 91
163 17 57
163 19 74
163 21 6
163 22 38
163 23 97
163 24 67
163 25 43
163 27 43
163 28 78
163 29 93
163 30 16
163 31 5
163 32 64
163 34 50
163 35 27
163 36 100
163 37 77
163 38 60
163 39 88
163 40 4
163 41 47
163 42 81
163 43 8
163 44 83
163 45 72
163 47 74
163 48 55
163 49 56
163 50 41
163 51 67
163 52 20
163 53 67
163 54 23
163 55 35
163 56 38
163 57 26
163 58 45
163 60 16
163 61 82
163 63 23
163 64 32
163 65 85
163 66 43
163 67 100
163 68 95
163 69 55
163 73 37
163 74 21
163 77 82
163 80 3
163 81 91
163 82 21
163 83 75
163 84 81
163 87 31
163 88 42
163 90 99
163 92 63
163 94 12
163 95 66
163 97 5
163 98 53
163 99 29
163 100 18
163 101 48
163 102 91
163 104 10
163 106 66
163 108 61
163 109 89
163 110 61
163 111 77
163 114 29
163 115 4
163 116 70
163 117 56
163 118 12
163 120 10
163 121 53
163 123 40
163 125 7
163 126 32
163 134 22
163 135 79
163 137 62
163 139 3
163 141 48
163 142 6
163 143 65
163 144 82
163 150 84
163 152 52
163 154 81
163 156 51
163 160 23
163 161 11
164 0 60
164 1 98
164 2 30
164 3 32
164 4 88
164 5 94
164 6 16
164 7 47
164 8 87
164 9 84
164 10 26
164 11 20
164 12 22
164 13 30
164 14 40
164 15 6
164 16 62
164 17 11
164 19 29
164 22 74
164 23 47
164 24 67
164 25 82
164 26 64
164 27 45
164 28 13
164 29 31
164 30 57
164 31 78
164 32 50
164 34 78
164 35 47
164 36 35
164 37 55
164 38 87
164 39 24
164 41 83
164 42 86
164 43 74
164 44 99
164 45 24
164 47 44
164 48 76
164 49 68
164 50 93
164 51 58
164 53 41
164 54 56
164 55 81
164 57 46
164 58 44
164 60 63
164 61 84
164 64 83
164 65 51
164 66 90
164 67 84
164 68 80
164 69 60
164 74 61
164 75 78
164 77 93
164 80 29
164 81 97
164 82 70
164 84 65
164 85 27
164 86 57
164 88 99
164 89 44
164 90 59
164 92 75
164 95 73
164 96 80
164 97 47
164 98 11
164 99 31
164 100 43
164 101 15
164 102 4
164 104 89
164 106 11
164 111 46
164 113 83
164 114 63
164 115 54
164 116 45
164 118 70
164 120 21
164 121 7
164 123 40
164 124 36
164 125 59
164 126 86
164 131 64
164 134 22
164 135 12
164 137 14
164 139 38
164 141 94
164 142 98
164 143 15
164 144 48
164 145 84
164 148 35
164 150 89
164 152 50
164 154 21
164 156 39
164 157 72
164 160 46
164 163 84
165 79 35
166 13 62
166 44 83
166 90 87
166 97 29
166 150 66
167 62 51
167 70 40
168 6 24
168 13 18
168 19 50
168 20 98
168 140 98
169 0 50
169 2 93
169 5 87
169 9 100
169 25 13
169 28 8
169 30 68
169 31 58
169 37 4
169 43 25
169 64 3
169 80 61
169 81 100
169 86 86
169 101 27
169 160 91
169 163 86
169 164 78
170 99 29
171 0 67
171 1 45
171 2 51
171 3 99
171 4 93
171 5 33
171 6 32
171 7 21
171 8 93
171 10 8
171 11 63
171 12 45
171 13 21
171 14 44
171 15 28
171 16 8
171 17 54
171 19 72
171 21 72
171 23 25
171 24 4
171 27 29
171 29 45
171 36 37
171 37 79
171 38 69
171 41 91
171 44 31
171 45 96
171 47 68
171 49 56
171 50 95
171 51 31
171 55 11
171 57 27
171 58 2
171 59 82
171 64 93
171 66 75
171 67 84
171 69 56
171 77 47
171 81 12
171 82 28
171 86 86
171 88 67
171 89 8
171 90 86
171 95 49
171 96 19
171 97 86
171 98 10
171 101 23
171 102 73
171 106 1
171 112 66
171 114 56
171 115 49
171 116 41
171 118 3
171 120 28
171 121 28
171 123 14
171 124 44
171 134 27
171 135 88
171 137 13
171 141 48
171 142 26
171 143 59
171 144 40
171 148 40
171 150 43
171 152 14
171 153 86
171 154 85
171 156 58
171 159 19
171 160 67
171 163 7
171 164 30
171 169 45
172 0 36
172 1 3
172 2 38
172 3 24
172 4 56
172 5 22
172 6 87
172 7 71
172 8 100
172 9 88
172 10 84
172 11 86
172 13 41
172 15 28
172 16 37
172 17 9
172 19 44
172 20 27
172 21 29
172 22 61
172 23 97
172 24 71
172 25 57
172 26 12
172 27 3
172 29 57
172 32 63
172 34 62
172 35 44
172 36 65
172 37 100
172 38 91
172 39 53
172 41 18
172 42 37
172 43 97
172 44 14
172 45 28
172 47 33
172 49 64
172 50 65
172 51 61
172 52 87
172 53 68
172 54 46
172 55 25
172 57 72
172 58 23
172 59 22
172 60 92
172 61 11
172 66 48
172 67 18
172 68 84
172 69 66
172 72 46
172 73 93
172 74 81
172 77 48
172 81 43
172 82 27
172 84 18
172 86 89
172 88 63
172 89 59
172 90 92
172 91 66
172 94 78
172 95 7
172 97 14
172 101 82
172 102 61
172 106 99
172 110 24
172 111 48
172 113 23
172 114 38
172 115 97
172 116 47
172 118 29
172 120 51
172 121 43
172 123 94
172 125 53
172 132 79
172 134 27
172 135 43
172 137 82
172 139 76
172 140 62
172 141 45
172 142 49
172 143 67
172 144 5
172 149 39
172 150 42
172 152 91
172 154 34
172 156 63
172 160 86
172 163 23
172 164 10
172 166 92
172 169 85
172 171 2
173 0 72
173 1 46
173 2 87
173 3 59
173 4 41
173 6 21
173 7 52
173 8 42
173 9 91
173 10 87
173 11 88
173 12 65
173 13 3
173 14 11
173 16 59
173 17 61
173 19 86
173 21 3
173 22 58
173 23 27
173 24 34
173 25 21
173 26 83
173 27 2
173 28 49
173 29 87
173 30 44
173 32 79
173 34 47
173 35 31
173 38 58
173 39 90
173 40 18
173 41 96
173 42 31
173 43 61
173 44 76
173 45 46
173 48 57
173 49 68
173 51 46
173 53 86
173 54 84
173 55 13
173 57 15
173 58 26
173 60 32
173 61 98
173 62 78
173 66 36
173 67 21
173 68 96
173 69 39
173 70 53
173 71 47
173 74 46
173 77 51
173 79 58
173 81 45
173 82 88
173 84 81
173 85 31
173 88 33
173 90 44
173 92 66
173 95 3
173 96 60
173 97 16
173 98 21
173 101 23
173 102 14
173 104 87
173 106 62
173 108 35
173 109 80
173 111 55
173 112 65
173 114 7
173 115 16
173 116 36
173 118 38
173 120 15
173 121 81
173 123 83
173 125 14
173 128 58
173 134 75
173 135 88
173 137 45
173 138 80
173 139 91
173 141 92
173 142 18
173 143 67
173 144 91
173 150 83
173 152 71
173 154 95
173 156 46
173 160 21
173 163 20
173 164 45
173 166 1
173 167 98
173 168 100
173 169 29
173 171 12
173 172 12
174 0 73
174 1 49
174 2 18
174 3 78
174 4 30
174 5 98
174 6 5
174 7 15
174 8 30
174 9 43
174 10 95
174 11 78
174 12 82
174 13 94
174 14 99
174 15 77
174 16 26
174 17 94
174 19 61
174 20 35
174 21 6
174 22 17
174 23 49
174 24 73
174 25 30
174 26 96
174 27 14
174 28 59
174 29 73
174 30 43
174 31 75
174 32 25
174 34 76
174 35 88
174 36 12
174 37 47
174 38 2
174 39 83
174 41 59
174 42 88
174 43 66
174 44 51
174 45 5
174 47 52
174 48 89
174 49 8
174 50 66
174 52 35
174 53 85
174 54 71
174 55 37
174 56 65
174 57 83
174 61 41
174 64 84
174 65 5
174 66 49
174 67 60
174 68 55
174 69 61
174 71 73
174 77 81
174 79 84
174 80 28
174 81 27
174 82 9
174 85 86
174 86 58
174 87 32
174 88 85
174 89 84
174 90 62
174 95 73
174 96 83
174 97 35
174 98 40
174 99 100
174 100 55
174 101 68
174 102 71
174 104 77
174 106 13
174 108 8
174 109 30
174 111 12
174 113 55
174 114 90
174 115 39
174 116 68
174 117 50
174 118 25
174 120 47
174 121 11
174 123 3
174 124 69
174 126 61
174 127 68
174 128 66
174 131 96
174 132 90
174 134 28
174 135 35
174 137 70
174 138 63
174 139 52
174 140 85
174 141 52
174 142 29
174 143 33
174 144 49
174 148 78
174 150 59
174 152 84
174 154 50
174 156 60
174 159 78
174 160 45
174 163 11
174 164 18
174 165 74
174 166 28
174 168 94
174 169 80
174 171 30
174 172 68
174 173 47
175 42 89
176 6 97
176 137 64
176 160 41
177 68 31
178 0 63
178 1 76
178 2 52
178 3 38
178 4 65
178 6 37
178 7 72
178 8 59
178 10 55
178 11 28
178 12 40
178 13 78
178 14 81
178 15 36
178 16 85
178 17 6
178 19 11
178 21 43
178 22 62
178 23 41
178 24 29
178 27 86
178 29 32
178 30 79
178 32 55
178 34 81
178 35 19
178 36 3
178 37 98
178 39 94
178 41 31
178 43 69
178 44 85
178 45 99
178 46 83
178 48 72
178 49 33
178 50 47
178 51 28
178 52 85
178 53 76
178 55 42
178 56 2
178 57 77
178 60 85
178 61 60
178 62 96
178 63 82
178 64 48
178 66 80
178 68 93
178 69 46
178 71 22
178 73 26
178 74 53
178 77 36
178 81 35
178 82 79
178 83 3
178 84 60
178 86 63
178 87 36
178 88 82
178 89 3
178 90 17
178 92 65
178 95 5
178 97 40
178 98 18
178 99 78
178 100 5
178 101 32
178 102 62
178 104 52
178 106 72
178 108 82
178 109 70
178 111 92
178 113 74
178 114 33
178 115 81
178 116 34
178 118 18
178 120 53
178 121 94
178 123 62
178 124 86
178 128 45
178 131 100
178 133 8
178 134 10
178 135 9
178 137 54
178 141 82
178 142 10
178 143 38
178 144 75
178 145 93
178 148 63
178 150 55
178 152 96
178 153 73
178 154 23
178 156 63
178 159 50
178 160 16
178 163 57
178 164 81
178 166 67
178 168 50
178 169 1
178 170 80
178 171 40
178 172 27
178 173 36
178 174 36
179 1 84
179 6 2
179 11 25
179 82 65
179 124 97
180 0 39
180 1 79
180 4 72
180 52 100
180 56 50
180 82 48
180 128 70
180 138 89
180 142 47
180 178 40
181 0 22
181 1 49
181 2 91
181 3 49
181 4 74
181 5 86
181 6 26
181 7 87
181 8 91
181 9 37
181 10 84
181 11 48
181 12 1
181 13 74
181 14 76
181 15 89
181 16 37
181 17 93
181 18 88
181 19 22
181 20 69
181 21 68
181 22 27
181 23 18
181 24 93
181 25 12
181 26 36
181 27 8
181 28 28
181 29 66
181 30 88
181 32 89
181 33 40
181 34 15
181 35 27
181 36 82
181 37 70
181 38 9
181 39 45
181 41 60
181 42 22
181 43 58
181 44 100
181 45 99
181 47 68
181 48 100
181 49 80
181 50 17
181 51 14
181 52 89
181 53 33
181 54 92
181 55 31
181 56 3
181 57 85
181 60 99
181 61 33
181 64 8
181 66 76
181 67 92
181 68 57
181 69 86
181 71 66
181 72 50
181 73 10
181 74 46
181 77 57
181 81 34
181 82 29
181 83 12
181 84 26
181 85 62
181 87 2
181 88 7
181 89 79
181 90 58
181 91 74
181 92 86
181 94 82
181 95 98
181 96 57
181 97 76
181 98 4
181 99 67
181 101 34
181 102 58
181 104 62
181 105 10
181 106 62
181 108 36
181 109 83
181 111 25
181 113 39
181 114 30
181 115 81
181 116 78
181 117 8
181 118 26
181 120 85
181 121 75
181 123 95
181 124 78
181 125 50
181 126 75
181 128 77
181 129 93
181 131 66
181 134 34
181 135 64
181 137 45
181 138 99
181 139 49
181 141 78
181 142 24
181 143 81
181 144 63
181 145 34
181 150 14
181 152 98
181 154 51
181 156 57
181 157 61
181 159 79
181 160 58
181 163 36
181 164 10
181 166 35
181 169 50
181 171 47
181 172 39
181 173 26
181 174 79
181 176 77
181 177 82
181 178 29
181 179 41
181 180 71
182 0 7
182 1 20
182 2 15
182 3 72
182 4 67
182 5 78
182 6 12
182 7 10
182 8 87
182 9 68
182 10 1
182 11 38
182 13 18
182 14 52
182 16 2
182 17 51
182 21 4
182 22 55
182 24 100
182 25 97
182 26 34
182 28 52
182 29 39
182 32 25
182 34 56
182 36 12
182 37 57
182 38 15
182 39 16
182 41 79
182 43 84
182 44 61
182 45 52
182 47 76
182 49 28
182 52 76
182 53 32
182 61 29
182 65 24
182 66 36
182 77 100
182 81 71
182 82 85
182 88 76
182 90 10
182 94 86
182 97 64
182 98 23
182 102 50
182 109 2
182 111 73
182 118 85
182 120 35
182 121 88
182 123 6
182 125 60
182 126 75
182 134 84
182 142 67
182 143 95
182 144 30
182 148 12
182 150 77
182 152 35
182 154 93
182 156 87
182 160 28
182 162 47
182 163 49
182 164 63
182 166 68
182 171 2
182 172 20
182 173 100
182 174 46
182 178 100
182 181 98
183 0 1
183 1 90
183 2 79
183 3 32
183 4 74
183 5 57
183 6 78
183 7 47
183 8 72
183 9 98
183 10 78
183 11 11
183 12 40
183 13 66
183 14 97
183 15 23
183 16 89
183 17 72
183 19 57
183 20 75
183 22 45
183 23 37
183 24 86
183 25 27
183 26 40
183 27 9
183 28 11
183 29 24
183 30 7
183 31 55
183 32 1
183 34 87
183 35 50
183 36 66
183 37 80
183 38 95
183 39 91
183 41 62
183 42 24
183 43 78
183 44 13
183 47 94
183 48 10
183 49 51
183 50 59
183 51 79
183 52 100
183 53 5
183 54 83
183 55 63
183 57 79
183 59 19
183 61 50
183 64 69
183 66 98
183 67 94
183 68 56
183 69 13
183 71 85
183 72 49
183 74 51
183 77 69
183 79 40
183 80 81
183 81 66
183 82 49
183 83 97
183 84 93
183 86 83
183 88 7
183 89 69
183 90 68
183 92 76
183 94 87
183 97 100
183 98 71
183 99 52
183 100 17
183 101 19
183 102 53
183 104 60
183 106 60
183 108 77
183 109 40
183 111 99
183 113 10
183 114 85
183 115 82
183 116 48
183 117 73
183 118 55
183 120 91
183 121 20
183 123 28
183 124 59
183 126 51
183 127 81
183 132 23
183 134 35
183 135 7
183 137 32
183 139 61
183 141 26
183 142 32
183 143 64
183 144 30
183 148 14
183 150 23
183 151 35
183 152 26
183 154 98
183 156 100
183 160 20
183 162 48
183 163 50
183 164 28
183 166 12
183 168 33
183 169 76
183 171 65
183 172 55
183 173 30
183 174 77
183 177 4
183 178 16
183 179 94
183 180 89
183 181 82
183 182 16
184 23 53
184 42 49
184 175 58
185 0 87
185 1 42
185 2 78
185 3 71
185 4 57
185 5 10
185 6 25
185 7 95
185 8 37
185 9 59
185 10 57
185 11 19
185 12 28
185 13 57
185 14 70
185 15 45
185 16 7
185 17 90
185 18 57
185 19 73
185 20 61
185 21 99
185 22 14
185 23 58
185 24 18
185 25 88
185 27 49
185 28 70
185 29 87
185 30 11
185 31 46
185 32 81
185 33 85
185 34 66
185 36 36
185 37 64
185 38 84
185 39 39
185 40 53
185 41 1
185 42 31
185 43 79
185 44 3
185 45 82
185 46 77
185 47 78
185 48 34
185 49 35
185 50 93
185 51 43
185 52 56
185 53 73
185 54 33
185 55 29
185 56 86
185 57 68
185 58 54
185 60 17
185 61 53
185 62 48
185 64 70
185 66 26
185 67 90
185 68 68
185 69 52
185 70 24
185 71 70
185 73 46
185 74 85
185 75 18
185 77 24
185 80 60
185 81 71
185 82 90
185 84 67
185 85 78
185 86 46
185 87 25
185 88 33
185 89 52
185 90 11
185 94 50
185 95 7
185 96 94
185 97 6
185 98 19
185 100 24
185 101 39
185 102 6
185 104 100
185 106 2
185 109 70
185 110 27
185 111 31
185 112 44
185 113 54
185 114 94
185 115 9
185 116 98
185 117 81
185 118 61
185 120 13
185 121 66
185 123 21
185 124 99
185 125 53
185 126 51
185 128 20
185 130 80
185 131 76
185 132 71
185 134 50
185 135 94
185 137 84
185 138 31
185 139 58
185 140 45
185 141 92
185 142 34
185 143 84
185 144 12
185 148 25
185 150 18
185 152 95
185 154 61
185 156 32
185 160 44
185 163 87
185 164 66
185 166 40
185 168 40
185 169 81
185 171 95
185 172 8
185 173 42
185 174 57
185 175 80
185 178 38
185 180 7
185 181 64
185 182 93
185 183 96
185 184 28
186 0 86
186 1 74
186 2 43
186 3 79
186 4 85
186 5 73
186 6 58
186 7 43
186 8 19
186 9 36
186 10 59
186 11 29
186 12 66
186 13 1
186 14 54
186 15 6
186 16 23
186 17 40
186 19 61
186 20 33
186 22 68
186 23 89
186 24 9
186 25 30
186 27 19
186 29 7
186 32 4
186 35 58
186 36 28
186 37 17
186 38 22
186 39 65
186 41 36
186 42 10
186 43 8
186 44 9
186 45 66
186 47 85
186 48 78
186 49 54
186 50 1
186 51 70
186 52 8
186 53 53
186 54 9
186 55 92
186 56 58
186 57 53
186 58 59
186 59 17
186 60 38
186 61 84
186 64 48
186 66 33
186 67 5
186 68 13
186 69 61
186 72 74
186 74 96
186 81 36
186 82 61
186 84 37
186 87 33
186 88 94
186 89 78
186 90 37
186 95 48
186 96 1
186 97 80
186 98 87
186 99 38
186 100 2
186 101 40
186 102 42
186 104 5
186 106 22
186 108 71
186 109 64
186 110 97
186 111 88
186 113 87
186 114 9
186 115 15
186 116 41
186 118 69
186 120 13
186 121 69
186 123 47
186 125 38
186 129 46
186 134 48
186 135 77
186 137 80
186 139 64
186 141 4
186 142 22
186 143 3
186 144 42
186 148 57
186 150 82
186 152 32
186 154 66
186 155 73
186 156 21
186 157 49
186 160 30
186 163 51
186 164 50
186 171 41
186 172 16
186 173 99
186 174 29
186 175 59
186 178 53
186 181 72
186 182 78
186 183 30
186 184 36
186 185 92
187 1 77
187 4 55
187 182 88
188 0 60
188 1 88
188 2 52
188 3 69
188 4 64
188 5 34
188 6 73
188 7 62
188 8 22
188 9 43
188 10 6
188 11 87
188 12 89
188 13 53
188 14 4
188 15 68
188 16 90
188 17 76
188 18 16
188 19 20
188 20 78
188 21 76
188 22 5
188 23 79
188 24 2
188 25 21
188 26 81
188 27 29
188 28 38
188 29 11
188 30 16
188 31 67
188 32 44
188 33 7
188 34 19
188 35 57
188 36 25
188 37 12
188 38 53
188 39 51
188 41 86
188 42 98
188 43 52
188 44 33
188 45 88
188 46 8
188 47 7
188 48 73
188 49 48
188 50 33
188 51 83
188 52 57
188 53 75
188 54 51
188 55 91
188 59 60
188 61 93
188 63 92
188 64 83
188 65 69
188 66 88
188 67 38
188 68 5
188 69 91
188 71 5
188 74 82
188 75 92
188 77 1
188 81 23
188 82 46
188 83 27
188 84 96
188 86 61
188 88 47
188 89 47
188 90 78
188 92 98
188 95 15
188 96 40
188 97 93
188 98 55
188 99 5
188 100 96
188 101 97
188 102 81
188 106 92
188 108 51
188 109 8
188 110 71
188 111 27
188 113 97
188 114 81
188 115 42
188 116 87
188 118 97
188 119 47
188 120 28
188 121 78
188 122 44
188 123 10
188 126 51
188 127 66
188 131 57
188 134 6
188 135 41
188 137 51
188 139 79
188 141 28
188 142 72
188 143 74
188 144 74
188 150 79
188 151 54
188 152 80
188 153 37
188 154 73
188 156 34
188 159 81
188 160 78
188 162 49
188 163 53
188 164 13
188 169 82
188 171 89
188 172 6
188 173 79
188 174 8
188 176 79
188 178 48
188 179 24
188 181 92
188 182 51
188 183 35
188 184 52
188 185 77
188 186 80
189 4 99
189 8 45
189 38 74
189 43 46
189 81 64
189 186 74
190 0 53
190 1 28
190 2 65
190 3 88
190 4 64
190 5 84
190 6 59
190 7 86
190 8 48
190 9 44
190 10 4
190 11 12
190 12 72
190 13 28
190 14 70
190 15 43
190 16 96
190 17 51
190 19 9
190 20 36
190 21 74
190 22 75
190 23 35
190 24 34
190 27 55
190 28 36
190 29 50
190 30 3
190 32 43
190 33 13
190 34 31
190 35 45
190 36 76
190 37 50
190 38 24
190 39 79
190 40 31
190 41 26
190 42 24
190 43 83
190 44 42
190 45 16
190 47 35
190 48 41
190 49 98
190 52 4
190 53 51
190 54 45
190 55 93
190 57 11
190 58 93
190 60 47
190 61 29
190 64 50
190 66 67
190 67 28
190 68 49
190 69 57
190 71 96
190 77 68
190 79 88
190 81 63
190 82 87
190 84 16
190 87 7
190 88 98
190 89 80
190 90 49
190 92 17
190 95 38
190 97 4
190 98 76
190 99 96
190 101 33
190 102 84
190 104 91
190 106 65
190 108 73
190 109 59
190 111 23
190 113 28
190 114 95
190 115 33
190 116 11
190 117 46
190 118 90
190 120 73
190 121 48
190 123 22
190 125 70
190 126 19
190 131 68
190 134 36
190 135 48
190 137 36
190 139 68
190 140 1
190 141 68
190 142 55
190 143 40
190 144 76
190 145 9
190 147 4
190 148 11
190 150 29
190 152 12
190 154 10
190 156 9
190 160 89
190 161 71
190 163 64
190 164 98
190 165 76
190 168 86
190 169 14
190 170 15
190 171 100
190 172 79
190 173 63
190 174 54
190 177 34
190 178 44
190 181 95
190 182 80
190 183 38
190 185 63
190 186 37
190 188 33
190 189 18
191 168 45
192 144 24
193 4 71
193 76 48
193 93 24
194 132 22
195 10 41
195 12 39
195 23 60
195 39 93
195 111 43
195 156 68
195 178 3
196 96 20
197 8 8
197 73 75
197 137 54
197 163 33
197 173 97
197 178 5
197 181 81
197 190 53
198 90 8
199 25 68
199 152 23
