0 1 88
0 2 2
0 3 97
0 4 24
0 5 87
0 6 38
0 7 54
0 8 82
0 9 24
0 10 43
0 11 2
0 12 62
0 13 44
0 14 77
0 15 41
0 16 41
0 17 53
0 18 88
0 19 48
0 20 93
0 21 56
0 22 15
0 23 55
0 24 71
0 25 77
0 26 41
0 27 72
0 28 82
0 29 62
0 30 3
0 31 43
0 32 36
0 33 29
0 34 49
0 35 98
0 36 88
0 37 34
0 38 6
0 39 22
0 40 27
0 41 7
0 42 30
0 43 99
0 44 68
0 45 13
0 46 31
0 47 33
0 48 19
0 49 8
0 50 45
0 51 23
0 52 54
0 53 40
0 54 95
0 55 90
0 56 52
0 57 35
0 59 68
0 60 99
0 62 13
0 63 3
0 64 34
0 65 36
0 66 28
0 67 39
0 70 58
0 71 77
0 72 67
0 74 94
0 75 29
0 77 32
0 78 15
0 79 44
0 81 12
0 82 28
0 83 67
0 84 81
0 85 7
0 86 64
0 87 48
0 88 7
0 89 65
0 90 61
0 91 14
0 92 80
0 94 69
0 95 4
0 97 4
0 99 46
0 100 91
0 102 80
0 103 23
0 104 99
0 105 57
0 108 59
0 109 27
0 111 4
0 112 19
0 113 45
0 119 38
0 121 19
0 126 48
0 127 63
0 131 26
0 134 22
0 138 85
0 145 16
0 146 85
0 148 54
0 149 73
0 150 11
0 151 45
0 152 74
0 153 55
0 161 94
0 163 63
0 165 95
0 166 50
0 167 38
0 169 74
0 170 60
0 173 46
0 174 67
0 175 62
0 180 52
0 185 67
0 186 48
0 187 45
0 191 1
0 192 2
0 195 7
0 197 3
0 198 44
1 33 28
1 34 44
1 35 79
1 36 19
1 37 95
1 38 53
1 40 12
1 41 60
1 45 75
1 46 73
1 49 98
1 50 31
1 51 75
1 52 41
1 53 50
1 54 83
1 55 12
1 56 59
1 58 79
1 59 71
1 60 4
1 61 52
1 63 11
1 67 84
1 68 24
1 75 73
1 79 33
1 81 87
1 83 93
1 84 21
1 87 48
1 88 30
1 91 47
1 100 48
1 103 82
1 104 50
1 109 25
1 111 61
1 113 63
1 115 82
1 116 53
1 118 53
1 129 61
1 130 94
1 139 27
1 146 73
1 148 44
1 156 18
1 160 51
1 161 62
1 174 40
1 177 57
1 178 29
1 196 77
2 32 93
2 33 81
2 34 42
2 35 30
2 38 22
2 40 14
2 42 93
2 43 64
2 44 42
2 45 1
2 46 14
2 48 79
2 49 10
2 51 51
2 52 92
2 53 100
2 56 30
2 64 99
2 69 96
2 70 23
2 73 34
2 76 85
2 77 39
2 80 82
2 82 92
2 96 24
2 97 68
2 98 66
2 104 78
2 110 98
2 112 70
2 123 74
2 126 94
2 129 10
2 135 39
2 154 51
2 157 17
2 163 47
3 32 26
3 33 1
3 35 16
3 36 99
3 37 72
3 39 88
3 40 56
3 41 22
3 43 45
3 46 61
3 47 81
3 52 48
3 54 57
3 62 36
3 66 65
3 70 53
3 73 40
3 74 57
3 76 64
3 77 84
3 84 13
3 88 7
3 93 44
3 95 61
3 102 50
3 105 51
3 106 42
3 114 17
3 115 36
3 118 15
3 124 68
3 128 64
3 133 33
3 134 89
3 139 20
3 149 4
3 151 47
3 152 43
3 161 15
3 167 88
3 170 73
3 180 48
3 188 59
3 195 37
4 32 43
4 33 25
4 34 5
4 35 5
4 36 55
4 38 18
4 39 13
4 41 56
4 44 58
4 45 54
4 47 18
4 48 55
4 50 6
4 52 30
4 54 48
4 55 87
4 61 23
4 62 85
4 65 82
4 69 47
4 74 14
4 81 76
4 89 9
4 90 79
4 100 43
4 103 37
4 112 70
4 120 18
4 132 52
4 133 26
4 156 48
4 158 24
4 160 35
4 167 40
4 169 93
4 174 1
4 179 92
5 32 29
5 33 71
5 34 54
5 35 88
5 36 43
5 38 55
5 39 54
5 40 98
5 41 75
5 42 78
5 43 94
5 44 56
5 46 33
5 49 72
5 50 28
5 51 39
5 52 48
5 59 49
5 61 61
5 62 69
5 63 19
5 64 85
5 66 3
5 69 36
5 73 21
5 74 81
5 76 25
5 77 31
5 79 44
5 85 74
5 87 64
5 92 41
5 101 31
5 107 98
5 108 98
5 113 71
5 120 88
5 128 13
5 137 63
5 143 96
5 162 34
5 168 43
5 171 17
5 179 39
5 187 66
6 32 100
6 33 72
6 34 65
6 35 7
6 36 3
6 37 78
6 38 70
6 39 89
6 42 7
6 43 64
6 44 39
6 46 71
6 49 21
6 55 87
6 56 88
6 60 95
6 65 69
6 69 36
6 74 89
6 86 6
6 89 74
6 94 32
6 96 89
6 108 18
6 126 75
6 143 38
6 144 5
6 148 51
6 150 89
6 157 80
6 158 23
6 164 96
6 166 60
6 168 29
6 174 88
7 32 96
7 33 78
7 34 19
7 36 11
7 37 45
7 38 4
7 39 19
7 42 49
7 43 27
7 44 64
7 45 2
7 46 73
7 47 25
7 53 58
7 54 39
7 55 94
7 56 50
7 57 32
7 58 31
7 60 8
7 61 2
7 62 13
7 66 88
7 67 99
7 69 24
7 78 44
7 82 22
7 85 71
7 87 1
7 88 52
7 89 27
7 92 39
7 96 28
7 97 44
7 99 58
7 101 34
7 107 53
7 115 55
7 117 80
7 119 98
7 121 78
7 124 84
7 125 94
7 127 74
7 139 53
7 154 20
7 157 94
7 163 15
7 175 82
7 179 31
7 191 19
7 194 59
8 32 70
8 33 45
8 34 92
8 35 60
8 36 91
8 37 46
8 38 87
8 39 18
8 41 65
8 42 63
8 44 97
8 45 99
8 46 26
8 47 65
8 51 70
8 54 43
8 55 13
8 56 74
8 60 67
8 64 35
8 68 71
8 71 73
8 77 68
8 78 28
8 100 50
8 103 1
8 108 42
8 111 77
8 114 87
8 127 41
8 132 47
8 142 60
8 143 32
8 146 29
8 153 5
8 163 87
8 176 66
8 181 13
8 197 76
9 32 2
9 33 51
9 34 93
9 35 73
9 37 41
9 39 64
9 44 82
9 45 51
9 50 97
9 53 19
9 54 89
9 58 36
9 63 54
9 70 73
9 73 90
9 75 76
9 77 72
9 83 6
9 85 28
9 96 43
9 113 67
9 116 61
9 118 54
9 130 74
9 141 99
9 158 40
9 165 67
9 166 55
9 167 68
9 187 38
10 32 57
10 33 35
10 34 20
10 35 33
10 36 17
10 37 83
10 38 98
10 39 8
10 41 21
10 43 4
10 44 53
10 45 69
10 47 5
10 49 37
10 50 94
10 52 95
10 55 48
10 58 18
10 61 12
10 62 42
10 64 59
10 73 40
10 79 87
10 80 52
10 82 34
10 83 16
10 85 10
10 91 99
10 93 33
10 106 64
10 110 94
10 112 93
10 117 38
10 118 64
10 119 34
10 122 64
10 124 32
10 125 61
10 126 100
10 130 25
10 138 15
10 144 29
10 147 43
10 149 17
10 150 50
10 151 71
10 153 23
10 159 86
10 163 49
10 166 22
10 167 66
10 168 7
10 169 8
10 171 41
10 177 68
10 181 97
10 190 52
10 196 15
10 198 63
11 32 56
11 33 72
11 34 78
11 35 48
11 36 20
11 37 67
11 39 35
11 40 39
11 41 23
11 42 61
11 43 47
11 45 20
11 48 94
11 50 82
11 51 64
11 52 44
11 53 12
11 55 24
11 59 35
11 64 98
11 65 71
11 67 89
11 68 100
11 72 98
11 75 37
11 77 38
11 79 52
11 90 85
11 92 23
11 98 97
11 99 35
11 103 21
11 106 14
11 109 15
11 112 19
11 122 98
11 127 30
11 128 42
11 130 5
11 137 82
11 142 28
11 147 51
11 154 9
11 156 87
11 160 3
11 176 78
11 188 97
11 194 33
11 199 33
12 32 4
12 33 69
12 34 72
12 35 28
12 36 33
12 37 45
12 40 12
12 41 82
12 42 12
12 43 80
12 45 46
12 47 53
12 48 15
12 51 36
12 53 100
12 55 33
12 57 87
12 62 89
12 66 75
12 67 12
12 75 61
12 78 39
12 84 90
12 95 5
12 97 31
12 98 64
12 99 69
12 103 95
12 105 41
12 106 57
12 109 33
12 120 37
12 122 94
12 124 32
12 127 53
12 129 71
12 149 42
12 159 15
12 162 48
12 163 73
12 178 31
12 186 17
12 194 88
12 198 28
13 32 36
13 33 98
13 34 46
13 35 34
13 36 31
13 37 97
13 38 59
13 39 90
13 40 33
13 41 19
13 42 78
13 43 4
13 44 78
13 45 38
13 47 57
13 48 70
13 50 13
13 52 96
13 53 86
13 55 36
13 56 77
13 65 37
13 66 45
13 67 14
13 69 89
13 72 76
13 73 92
13 74 47
13 76 11
13 78 49
13 81 12
13 82 19
13 83 42
13 87 6
13 88 74
13 90 69
13 94 96
13 95 49
13 98 66
13 100 83
13 111 89
13 114 3
13 116 54
13 117 84
13 124 8
13 126 84
13 134 97
13 146 28
13 150 38
13 152 34
13 155 9
13 156 73
13 157 88
13 160 74
13 166 49
13 169 80
13 171 89
13 176 9
13 177 85
13 179 46
13 183 34
13 190 86
13 192 18
13 196 99
14 32 82
14 34 73
14 35 29
14 36 81
14 38 1
14 40 12
14 41 61
14 42 98
14 43 9
14 45 33
14 46 88
14 47 18
14 51 80
14 54 68
14 58 70
14 61 1
14 62 56
14 63 43
14 64 87
14 66 70
14 71 40
14 73 1
14 74 78
14 76 33
14 79 7
14 96 15
14 97 99
14 101 12
14 104 50
14 110 94
14 112 87
14 113 8
14 136 22
14 142 48
14 152 1
14 164 34
14 170 69
14 172 94
14 173 19
14 175 59
14 177 35
14 186 68
15 32 92
15 33 47
15 34 43
15 35 67
15 36 95
15 37 7
15 39 55
15 40 53
15 41 2
15 42 87
15 43 38
15 44 53
15 46 91
15 47 41
15 49 2
15 50 9
15 52 39
15 56 66
15 58 35
15 60 69
15 61 46
15 62 70
15 63 32
15 64 25
15 66 65
15 70 41
15 73 76
15 75 48
15 76 44
15 77 29
15 81 85
15 82 40
15 90 99
15 91 6
15 95 87
15 99 50
15 104 91
15 108 42
15 111 25
15 113 41
15 116 42
15 124 20
15 125 32
15 130 50
15 137 38
15 139 65
15 140 64
15 146 64
15 155 87
15 159 86
15 162 41
15 163 2
15 170 82
15 176 21
15 191 60
16 32 59
16 33 56
16 34 93
16 35 1
16 36 87
16 37 67
16 38 46
16 39 66
16 40 100
16 42 81
16 43 15
16 44 43
16 45 32
16 48 15
16 54 1
16 55 50
16 58 37
16 59 10
16 66 24
16 67 57
16 70 26
16 75 57
16 84 97
16 91 61
16 98 35
16 110 88
16 111 1
16 112 73
16 125 65
16 127 72
16 144 95
16 170 58
16 172 51
16 185 12
16 194 68
17 32 77
17 33 98
17 34 80
17 36 43
17 37 98
17 38 77
17 39 27
17 40 8
17 41 21
17 42 62
17 47 8
17 48 39
17 49 9
17 51 90
17 52 33
17 55 31
17 65 91
17 70 28
17 76 18
17 91 37
17 114 11
17 122 4
17 140 67
17 143 35
17 149 46
17 157 21
17 177 3
17 188 82
17 189 27
17 190 11
17 199 71
18 32 4
18 33 56
18 34 51
18 35 88
18 36 61
18 38 36
18 40 49
18 46 43
18 48 15
18 49 48
18 53 54
18 54 28
18 56 81
18 57 26
18 59 86
18 62 90
18 72 90
18 76 61
18 82 79
18 84 25
18 85 95
18 86 47
18 91 33
18 95 57
18 100 18
18 108 99
18 110 73
18 113 18
18 115 62
18 121 63
18 123 2
18 125 14
18 129 89
18 134 77
18 136 73
18 137 8
18 141 38
18 142 87
18 144 65
18 147 71
18 151 45
18 154 65
18 160 18
18 168 81
18 180 44
18 182 30
18 183 42
18 186 59
18 194 2
18 199 58
19 32 1
19 33 85
19 34 76
19 36 53
19 37 78
19 38 5
19 39 69
19 40 92
19 41 19
19 42 33
19 47 68
19 51 71
19 52 4
19 54 83
19 57 89
19 58 76
19 60 3
19 62 69
19 63 60
19 73 23
19 74 4
19 80 40
19 82 62
19 89 76
19 90 3
19 106 100
19 107 67
19 120 87
19 129 58
19 131 40
19 139 48
19 148 72
19 170 30
19 176 16
19 182 46
19 196 36
19 198 83
20 32 53
20 33 38
20 34 95
20 35 16
20 37 63
20 38 69
20 40 73
20 42 61
20 46 85
20 51 55
20 53 1
20 57 50
20 58 12
20 61 21
20 62 8
20 65 77
20 71 65
20 74 66
20 78 100
20 80 88
20 81 80
20 90 62
20 99 55
20 102 67
20 116 79
20 125 38
20 130 38
20 139 36
20 141 5
20 163 44
20 166 44
20 172 54
20 173 63
20 180 100
20 183 52
20 184 33
20 187 49
20 189 19
20 194 20
21 32 14
21 33 43
21 34 78
21 35 9
21 36 12
21 37 93
21 38 10
21 39 99
21 40 100
21 42 69
21 44 91
21 45 62
21 46 80
21 48 75
21 49 25
21 53 80
21 56 19
21 57 2
21 59 68
21 63 24
21 66 6
21 67 84
21 69 48
21 73 67
21 75 92
21 79 22
21 81 63
21 83 19
21 84 36
21 85 33
21 86 85
21 87 50
21 91 11
21 92 2
21 93 64
21 99 55
21 102 64
21 106 66
21 112 89
21 113 87
21 122 89
21 128 97
21 129 23
21 133 53
21 139 42
21 140 66
21 155 35
21 189 25
21 191 84
21 192 9
21 199 50
22 32 5
22 33 72
22 34 27
22 35 11
22 36 92
22 37 34
22 39 49
22 40 78
22 41 29
22 49 1
22 50 55
22 51 31
22 52 89
22 54 14
22 56 2
22 57 76
22 58 90
22 64 6
22 65 25
22 68 15
22 72 82
22 76 52
22 79 68
22 81 67
22 83 66
22 86 27
22 94 77
22 100 79
22 102 73
22 112 94
22 115 81
22 118 80
22 120 47
22 128 10
22 129 77
22 132 72
22 145 22
22 147 35
22 150 31
22 153 67
22 180 8
22 195 52
22 198 71
23 32 70
23 33 14
23 34 20
23 35 26
23 36 78
23 37 8
23 38 79
23 39 67
23 40 90
23 41 86
23 43 99
23 44 85
23 45 50
23 46 26
23 50 47
23 51 10
23 56 49
23 57 24
23 68 29
23 69 100
23 73 61
23 77 95
23 78 83
23 86 67
23 93 1
23 98 43
23 99 25
23 102 41
23 107 61
23 114 38
23 117 63
23 119 49
23 128 48
23 130 29
23 133 51
23 136 8
23 141 76
23 145 58
23 149 83
23 152 86
23 168 32
23 176 32
24 32 55
24 33 59
24 35 43
24 36 76
24 37 19
24 38 32
24 40 29
24 41 7
24 42 100
24 43 32
24 44 34
24 49 1
24 50 6
24 54 3
24 55 57
24 64 78
24 67 78
24 71 41
24 80 28
24 94 92
24 97 8
24 104 99
24 108 48
24 111 62
24 114 88
24 115 7
24 119 74
24 129 39
24 131 36
24 150 6
24 156 90
24 157 11
24 182 76
24 183 84
24 185 33
24 190 63
25 32 91
25 33 92
25 34 44
25 35 7
25 36 37
25 38 41
25 40 32
25 41 72
25 42 91
25 44 8
25 45 76
25 48 11
25 49 79
25 50 36
25 53 65
25 59 95
25 62 74
25 63 82
25 65 2
25 70 62
25 73 43
25 79 39
25 81 79
25 86 13
25 88 92
25 89 17
25 91 53
25 98 66
25 99 69
25 101 12
25 102 96
25 103 21
25 105 56
25 107 9
25 111 60
25 115 22
25 118 44
25 123 48
25 124 30
25 136 32
25 152 70
25 153 70
25 160 47
25 161 91
25 162 4
25 175 55
25 176 24
25 181 21
26 32 98
26 33 45
26 35 74
26 37 69
26 38 58
26 39 36
26 41 29
26 42 49
26 43 9
26 46 86
26 47 67
26 48 74
26 49 34
26 50 8
26 52 88
26 57 5
26 58 96
26 60 94
26 64 79
26 66 76
26 75 39
26 78 92
26 82 36
26 83 17
26 89 39
26 93 70
26 96 77
26 102 58
26 121 54
26 123 37
26 132 82
26 143 17
26 145 43
26 148 38
26 154 42
26 155 52
26 172 76
26 182 17
26 193 57
26 195 97
27 32 4
27 33 86
27 34 38
27 36 7
27 37 27
27 38 31
27 39 8
27 42 29
27 43 4
27 44 10
27 45 48
27 46 15
27 47 14
27 48 62
27 49 27
27 52 79
27 57 20
27 65 2
27 68 45
27 70 98
27 71 94
27 72 81
27 77 39
27 79 48
27 88 15
27 91 65
27 93 57
27 96 56
27 104 7
27 117 100
27 118 2
27 135 46
27 140 67
27 146 65
27 156 61
27 176 67
27 186 61
27 190 71
27 193 36
28 32 45
28 34 31
28 35 36
28 37 83
28 38 22
28 39 57
28 40 57
28 43 35
28 44 68
28 48 68
28 49 11
28 53 71
28 58 90
28 60 68
28 61 42
28 70 68
28 78 26
28 79 86
28 83 51
28 93 53
28 96 6
28 107 57
28 111 18
28 136 79
28 140 34
28 144 62
28 148 47
28 153 45
28 179 12
28 183 17
28 193 60
28 195 52
29 32 25
29 33 68
29 34 7
29 35 63
29 36 70
29 37 80
29 38 29
29 39 82
29 41 69
29 43 36
29 44 64
29 45 71
29 46 1
29 47 6
29 55 24
29 57 61
29 61 27
29 63 4
29 65 39
29 66 91
29 67 75
29 68 49
29 69 52
29 70 91
29 72 35
29 73 52
29 79 97
29 85 59
29 88 13
29 91 28
29 97 40
29 101 36
29 103 96
29 106 56
29 109 16
29 110 57
29 117 45
29 119 49
29 120 96
29 123 98
29 129 70
29 131 37
29 132 69
29 135 88
29 138 42
29 142 50
29 144 5
29 162 49
29 175 19
29 176 96
29 182 45
29 186 39
29 188 1
29 189 84
29 190 64
30 32 69
30 33 52
30 34 32
30 35 93
30 36 21
30 37 38
30 38 95
30 39 89
30 40 85
30 41 64
30 42 88
30 43 26
30 44 33
30 46 62
30 47 6
30 48 66
30 49 20
30 50 30
30 51 40
30 54 46
30 59 33
30 61 47
30 63 38
30 67 80
30 70 89
30 72 44
30 75 34
30 81 72
30 82 1
30 83 78
30 84 26
30 85 13
30 86 56
30 88 19
30 93 75
30 101 73
30 102 60
30 110 26
30 111 71
30 113 59
30 114 81
30 119 22
30 121 87
30 125 17
30 126 77
30 128 82
30 136 61
30 141 28
30 142 53
30 146 68
30 147 75
30 150 98
30 152 100
30 156 55
30 157 52
30 158 56
30 160 75
30 167 4
30 174 12
30 175 34
30 180 18
30 192 99
30 193 54
30 198 65
31 32 99
31 33 21
31 34 66
31 35 7
31 36 16
31 37 42
31 39 15
31 40 61
31 41 1
31 46 17
31 47 86
31 51 80
31 53 42
31 57 63
31 59 94
31 60 25
31 64 29
31 67 96
31 71 26
31 74 46
31 82 81
31 94 74
31 95 25
31 99 82
31 101 69
31 118 48
31 121 13
31 130 91
31 133 63
31 134 50
31 151 100
31 169 60
31 180 73
31 190 93
31 198 54
32 33 79
32 34 18
32 35 13
32 36 33
32 37 48
32 38 41
32 39 79
32 40 35
32 41 38
32 42 32
32 43 45
32 44 17
32 45 34
32 46 97
32 47 57
32 48 24
32 49 96
32 51 51
32 52 66
32 53 11
32 54 69
32 55 8
32 56 32
32 58 77
32 59 15
32 60 7
32 61 78
32 62 54
32 63 6
32 64 16
32 67 47
32 68 36
32 71 100
32 72 72
32 73 6
32 74 85
32 75 73
32 76 56
32 77 3
32 78 4
32 81 14
32 84 16
32 86 86
32 87 79
32 90 51
32 93 57
32 96 47
32 98 24
32 100 96
32 103 71
32 104 41
32 107 59
32 110 97
32 115 74
32 116 4
32 122 52
32 123 57
32 125 57
32 127 11
32 129 7
32 130 7
32 131 99
32 134 66
32 136 59
32 141 47
32 142 68
32 145 79
32 148 8
32 161 87
32 164 75
32 167 16
32 170 85
32 172 78
32 173 71
32 177 82
32 179 59
32 182 69
32 183 3
32 184 39
32 188 4
32 189 1
32 195 66
32 196 14
32 198 59
32 199 27
33 34 63
33 35 38
33 36 59
33 37 25
33 38 32
33 39 6
33 40 87
33 41 91
33 42 54
33 43 12
33 44 5
33 45 59
33 46 74
33 47 65
33 48 77
33 50 23
33 53 94
33 55 41
33 56 16
33 57 48
33 62 21
33 63 62
33 64 18
33 66 37
33 68 45
33 71 98
33 72 80
33 73 83
33 75 47
33 76 26
33 77 71
33 78 38
33 80 66
33 83 43
33 86 9
33 89 91
33 90 39
33 92 94
33 93 53
33 95 44
33 97 27
33 98 70
33 100 57
33 101 1
33 102 59
33 105 7
33 107 70
33 108 28
33 111 64
33 114 66
33 117 64
33 118 5
33 119 91
33 120 47
33 124 9
33 127 39
33 130 79
33 131 72
33 133 27
33 138 84
33 139 67
33 140 23
33 143 35
33 145 3
33 146 31
33 148 37
33 152 55
33 156 57
33 159 29
33 165 64
33 171 86
33 172 91
33 173 84
33 177 52
33 178 40
33 180 38
33 181 3
33 186 11
33 187 2
33 189 75
33 194 17
33 196 8
33 197 64
34 35 37
34 36 43
34 37 48
34 38 66
34 39 43
34 40 78
34 41 80
34 42 45
34 43 89
34 45 77
34 46 6
34 47 90
34 48 63
34 50 14
34 51 31
34 52 97
34 53 32
34 54 75
34 55 94
34 57 65
34 58 49
34 61 91
34 63 36
34 64 97
34 65 90
34 67 62
34 68 73
34 71 32
34 72 62
34 73 100
34 75 60
34 76 22
34 78 53
34 80 61
34 81 79
34 83 40
34 86 94
34 88 67
34 89 14
34 92 13
34 94 9
34 95 79
34 97 78
34 98 19
34 99 17
34 100 24
34 101 9
34 103 33
34 104 38
34 106 9
34 107 86
34 108 75
34 109 46
34 110 74
34 112 16
34 113 56
34 115 21
34 116 50
34 118 62
34 123 96
34 126 54
34 127 37
34 128 10
34 132 94
34 134 28
34 139 62
34 141 84
34 142 38
34 144 15
34 145 18
34 149 98
34 150 52
34 152 52
34 153 17
34 157 12
34 162 92
34 168 55
34 175 45
34 180 45
34 181 90
34 182 14
34 192 45
34 198 85
35 36 63
35 37 24
35 38 50
35 39 5
35 40 94
35 41 98
35 42 42
35 43 7
35 44 58
35 45 85
35 46 14
35 47 52
35 48 48
35 49 74
35 50 54
35 51 8
35 52 60
35 53 47
35 54 84
35 56 5
35 57 85
35 58 51
35 59 42
35 60 46
35 62 98
35 63 61
35 64 95
35 66 16
35 68 29
35 69 26
35 70 22
35 71 1
35 72 98
35 76 2
35 77 100
35 78 38
35 79 18
35 80 48
35 81 92
35 82 43
35 83 71
35 84 15
35 88 100
35 89 45
35 90 84
35 91 26
35 94 46
35 97 50
35 106 59
35 107 86
35 108 13
35 109 73
35 113 97
35 115 98
35 116 33
35 117 71
35 118 31
35 119 91
35 120 67
35 121 86
35 122 17
35 123 46
35 125 24
35 128 58
35 133 67
35 135 76
35 139 59
35 140 62
35 141 91
35 142 60
35 144 69
35 147 31
35 149 33
35 150 67
35 151 95
35 158 24
35 161 16
35 162 35
35 164 38
35 165 72
35 167 50
35 168 33
35 171 65
35 172 43
35 173 2
35 175 33
35 177 84
35 178 7
35 180 99
35 184 6
35 185 44
35 187 96
35 188 12
35 192 99
35 193 25
35 194 1
35 195 97
35 196 12
36 37 56
36 38 77
36 39 83
36 40 87
36 41 43
36 42 46
36 43 56
36 44 90
36 45 25
36 47 89
36 48 57
36 49 23
36 50 85
36 51 2
36 52 60
36 53 2
36 54 17
36 57 81
36 58 73
36 59 76
36 60 17
36 61 85
36 62 6
36 64 86
36 65 8
36 67 47
36 68 39
36 69 36
36 70 1
36 71 81
36 72 3
36 73 16
36 74 20
36 78 16
36 81 98
36 82 75
36 83 82
36 85 91
36 89 62
36 91 14
36 94 59
36 95 98
36 97 31
36 99 49
36 100 12
36 103 5
36 105 83
36 109 63
36 111 91
36 112 81
36 115 84
36 117 34
36 119 21
36 123 30
36 126 14
36 131 42
36 132 90
36 133 51
36 134 19
36 138 99
36 143 91
36 145 99
36 146 94
36 149 21
36 153 83
36 154 7
36 156 82
36 157 75
36 159 8
36 160 36
36 161 33
36 164 23
36 171 62
36 172 40
36 179 63
36 181 15
36 184 58
36 187 10
36 188 54
36 196 84
36 197 33
36 198 80
37 38 35
37 39 86
37 40 8
37 41 5
37 42 92
37 43 23
37 44 83
37 45 93
37 47 5
37 48 54
37 49 90
37 50 52
37 51 78
37 53 84
37 54 99
37 55 15
37 56 80
37 57 70
37 58 30
37 59 56
37 60 57
37 61 34
37 62 94
37 63 74
37 64 66
37 65 20
37 66 54
37 67 27
37 68 29
37 69 16
37 71 17
37 72 95
37 73 46
37 74 50
37 75 37
37 76 85
37 77 18
37 79 24
37 80 90
37 82 7
37 84 26
37 86 79
37 87 49
37 91 41
37 93 46
37 95 93
37 97 90
37 98 37
37 100 19
37 101 67
37 104 38
37 105 85
37 106 10
37 108 13
37 109 69
37 113 60
37 114 27
37 117 92
37 121 68
37 124 43
37 125 94
37 126 94
37 132 11
37 135 81
37 136 6
37 137 65
37 142 59
37 144 20
37 146 7
37 148 28
37 152 7
37 154 25
37 159 32
37 161 53
37 164 85
37 166 79
37 170 40
37 180 28
37 183 90
37 191 21
37 196 10
37 197 66
37 199 92
38 39 61
38 40 73
38 41 27
38 42 13
38 43 87
38 44 72
38 45 46
38 46 91
38 47 54
38 48 85
38 49 86
38 50 59
38 51 81
38 52 29
38 53 12
38 54 46
38 55 46
38 56 93
38 58 37
38 59 45
38 61 44
38 62 47
38 63 7
38 64 18
38 65 64
38 66 29
38 70 48
38 72 81
38 74 36
38 75 6
38 76 69
38 77 42
38 78 98
38 79 89
38 80 14
38 82 81
38 83 72
38 84 39
38 87 33
38 90 34
38 92 33
38 95 63
38 96 70
38 101 61
38 102 97
38 103 92
38 104 18
38 105 54
38 106 58
38 111 21
38 112 10
38 116 38
38 120 57
38 122 68
38 125 44
38 127 50
38 128 10
38 137 24
38 147 41
38 148 79
38 149 85
38 151 65
38 152 85
38 153 70
38 154 32
38 155 12
38 160 42
38 161 65
38 174 15
38 176 63
38 177 74
38 180 14
38 183 45
38 190 68
38 193 72
38 194 20
38 196 95
38 197 18
38 198 88
38 199 93
39 40 62
39 41 35
39 42 1
39 43 29
39 44 45
39 45 49
39 46 16
39 47 69
39 48 11
39 49 45
39 50 57
39 51 14
39 52 35
39 53 76
39 54 24
39 55 83
39 56 83
39 57 19
39 60 23
39 62 93
39 64 53
39 65 5
39 66 16
39 67 95
39 68 53
39 70 85
39 71 59
39 72 20
39 73 31
39 77 39
39 78 66
39 79 79
39 80 16
39 81 87
39 83 70
39 84 4
39 85 84
39 86 43
39 89 89
39 91 29
39 92 47
39 93 34
39 95 10
39 96 17
39 97 81
39 98 70
39 100 2
39 101 1
39 103 23
39 104 47
39 105 95
39 106 51
39 107 72
39 108 71
39 109 55
39 110 57
39 114 59
39 115 57
39 117 49
39 118 65
39 120 85
39 122 54
39 130 10
39 131 19
39 132 27
39 138 6
39 140 56
39 141 57
39 143 1
39 148 56
39 150 37
39 151 32
39 152 35
39 155 18
39 156 97
39 160 2
39 161 95
39 163 5
39 164 24
39 166 3
39 167 31
39 171 28
39 173 100
39 174 80
39 185 26
39 187 49
39 188 89
39 197 53
39 199 15
40 41 29
40 42 84
40 43 68
40 44 27
40 45 68
40 46 60
40 47 6
40 48 89
40 49 52
40 50 99
40 51 28
40 52 30
40 53 55
40 54 76
40 55 32
40 56 19
40 57 83
40 58 21
40 59 60
40 60 76
40 61 78
40 62 97
40 64 13
40 65 23
40 67 99
40 68 77
40 70 91
40 71 55
40 72 50
40 74 39
40 75 16
40 77 56
40 79 23
40 82 53
40 83 11
40 85 74
40 87 23
40 90 86
40 91 42
40 92 100
40 93 13
40 95 63
40 100 80
40 102 25
40 105 100
40 106 65
40 107 38
40 109 71
40 111 57
40 112 37
40 118 20
40 121 37
40 124 40
40 127 45
40 129 76
40 135 41
40 137 64
40 138 92
40 142 24
40 147 41
40 148 94
40 151 15
40 152 35
40 153 38
40 154 81
40 157 92
40 160 46
40 163 17
40 169 38
40 177 43
40 179 60
40 181 59
40 184 48
40 185 72
40 194 11
40 196 19
41 42 53
41 43 82
41 44 79
41 45 20
41 46 61
41 47 99
41 48 77
41 49 53
41 50 29
41 51 39
41 52 56
41 54 54
41 55 20
41 56 22
41 58 88
41 59 89
41 60 17
41 61 55
41 63 28
41 64 17
41 66 48
41 67 62
41 70 18
41 71 24
41 72 48
41 73 87
41 75 84
41 78 95
41 84 30
41 85 34
41 86 12
41 87 68
41 88 38
41 90 21
41 92 16
41 93 5
41 94 78
41 95 91
41 96 86
41 97 1
41 99 53
41 101 53
41 102 97
41 103 90
41 106 14
41 107 98
41 108 59
41 114 50
41 118 38
41 121 81
41 122 69
41 125 3
41 127 95
41 130 35
41 131 41
41 134 97
41 139 54
41 140 46
41 144 43
41 145 93
41 148 10
41 151 84
41 153 37
41 157 5
41 159 93
41 160 13
41 168 72
41 169 52
41 170 9
41 173 72
41 184 91
41 185 65
41 187 79
41 188 35
41 191 56
41 195 82
41 196 100
42 43 3
42 44 85
42 45 85
42 46 14
42 47 70
42 48 22
42 49 24
42 50 97
42 51 21
42 52 3
42 53 60
42 54 56
42 55 91
42 56 32
42 58 90
42 59 62
42 60 91
42 61 73
42 62 42
42 64 34
42 65 98
42 66 28
42 67 82
42 68 69
42 69 5
42 71 30
42 76 52
42 79 46
42 83 53
42 85 80
42 86 88
42 87 27
42 89 72
42 91 12
42 95 2
42 96 60
42 97 78
42 98 23
42 101 65
42 102 69
42 105 29
42 107 49
42 113 1
42 116 70
42 119 62
42 121 8
42 123 66
42 125 56
42 126 45
42 134 81
42 138 5
42 139 75
42 142 95
42 147 35
42 149 28
42 156 66
42 158 23
42 170 84
42 182 77
42 186 38
42 188 63
42 191 8
43 44 19
43 45 29
43 46 24
43 47 28
43 48 84
43 49 81
43 50 43
43 53 83
43 55 7
43 56 67
43 57 2
43 59 66
43 60 33
43 61 24
43 65 74
43 67 51
43 68 20
43 69 70
43 70 9
43 71 79
43 72 24
43 73 14
43 75 92
43 76 3
43 79 63
43 80 82
43 82 44
43 84 16
43 85 38
43 87 76
43 92 44
43 95 76
43 98 51
43 99 90
43 100 19
43 101 43
43 104 91
43 105 45
43 112 48
43 113 41
43 115 53
43 116 40
43 120 79
43 121 93
43 122 42
43 123 59
43 125 28
43 130 86
43 132 81
43 136 100
43 138 19
43 141 49
43 143 89
43 144 78
43 145 28
43 147 24
43 149 58
43 153 65
43 154 3
43 155 76
43 159 13
43 162 89
43 164 24
43 167 5
43 180 20
43 181 32
43 182 83
43 187 67
43 189 57
43 191 72
43 194 77
43 198 91
44 45 70
44 46 41
44 47 10
44 48 70
44 49 46
44 50 41
44 51 96
44 52 88
44 54 21
44 56 44
44 57 54
44 59 97
44 60 4
44 64 85
44 65 93
44 66 94
44 70 41
44 72 13
44 75 20
44 80 19
44 81 67
44 85 92
44 88 83
44 91 25
44 93 86
44 97 37
44 101 49
44 104 24
44 107 6
44 108 61
44 109 44
44 115 20
44 120 36
44 121 67
44 126 9
44 128 3
44 129 94
44 130 98
44 133 78
44 134 3
44 139 44
44 140 42
44 145 11
44 147 16
44 150 51
44 157 9
44 160 10
44 162 17
44 165 19
44 166 6
44 169 37
44 170 98
44 172 91
44 175 75
44 180 49
44 182 92
44 183 5
44 184 71
44 186 33
44 188 62
44 192 47
44 195 56
44 197 47
45 46 51
45 47 85
45 48 78
45 49 65
45 50 49
45 51 60
45 52 45
45 53 50
45 57 41
45 58 96
45 59 11
45 60 1
45 61 69
45 64 11
45 66 25
45 67 3
45 69 89
45 70 33
45 73 66
45 74 45
45 77 34
45 78 87
45 79 80
45 80 4
45 81 10
45 82 3
45 83 65
45 84 16
45 85 10
45 89 52
45 94 88
45 99 39
45 102 12
45 105 27
45 108 9
45 110 76
45 111 65
45 112 87
45 114 53
45 116 56
45 119 12
45 122 55
45 123 28
45 124 4
45 128 27
45 130 1
45 131 100
45 132 30
45 135 51
45 138 35
45 139 69
45 141 80
45 143 87
45 144 17
45 149 44
45 152 22
45 153 69
45 155 63
45 156 2
45 158 55
45 160 28
45 163 24
45 170 35
45 172 96
45 180 38
45 183 39
45 185 43
45 186 97
45 188 25
45 191 16
45 194 26
46 48 52
46 49 38
46 50 7
46 51 100
46 52 77
46 53 5
46 54 91
46 56 76
46 58 52
46 59 85
46 60 20
46 61 83
46 63 39
46 66 90
46 68 87
46 70 37
46 74 97
46 75 38
46 76 42
46 77 4
46 84 47
46 85 10
46 87 97
46 89 28
46 90 70
46 94 73
46 95 56
46 96 20
46 97 63
46 100 40
46 103 67
46 110 23
46 111 3
46 112 52
46 114 70
46 115 81
46 118 15
46 119 69
46 120 71
46 121 62
46 122 66
46 124 32
46 125 88
46 126 7
46 133 66
46 134 99
46 135 27
46 140 72
46 145 29
46 147 94
46 153 9
46 160 41
46 164 38
46 167 78
46 176 100
46 177 59
46 179 55
46 180 19
46 182 10
46 184 66
46 193 81
46 196 17
47 48 90
47 50 7
47 51 88
47 52 56
47 53 96
47 54 50
47 55 74
47 57 95
47 58 85
47 59 71
47 60 44
47 61 17
47 62 11
47 64 69
47 65 57
47 67 25
47 68 100
47 70 13
47 75 4
47 78 83
47 80 14
47 81 67
47 82 65
47 83 55
47 84 100
47 87 65
47 88 42
47 93 40
47 94 35
47 96 18
47 97 89
47 98 1
47 101 49
47 102 83
47 105 82
47 106 62
47 109 35
47 111 71
47 115 18
47 119 95
47 120 58
47 130 4
47 131 53
47 144 40
47 145 89
47 146 32
47 148 69
47 165 63
47 167 82
47 172 52
47 182 68
47 183 64
47 184 81
47 196 79
47 197 1
48 49 90
48 51 52
48 52 40
48 54 25
48 56 83
48 58 27
48 63 58
48 66 85
48 67 78
48 68 3
48 70 1
48 71 23
48 74 50
48 76 56
48 77 43
48 78 27
48 87 59
48 88 16
48 89 38
48 90 26
48 93 11
48 98 91
48 100 75
48 101 90
48 102 20
48 104 34
48 105 23
48 108 58
48 114 12
48 118 87
48 126 42
48 148 1
48 151 1
48 154 81
48 155 22
48 158 56
48 159 45
48 166 82
48 167 1
48 172 91
48 176 65
48 177 22
48 178 17
48 179 21
48 180 28
48 186 53
48 187 65
48 188 32
48 189 64
48 192 54
48 198 31
49 50 34
49 52 71
49 53 36
49 55 32
49 56 15
49 57 46
49 58 66
49 59 100
49 60 41
49 61 27
49 65 8
49 68 45
49 69 8
49 71 30
49 74 3
49 79 49
49 83 3
49 84 19
49 86 78
49 87 48
49 88 9
49 89 97
49 90 71
49 92 51
49 93 43
49 94 11
49 95 88
49 103 29
49 105 18
49 108 94
49 110 79
49 112 25
49 113 6
49 114 35
49 116 21
49 117 86
49 125 56
49 127 68
49 129 56
49 130 26
49 132 31
49 134 12
49 135 90
49 139 9
49 143 28
49 152 31
49 158 15
49 159 90
49 162 43
49 163 3
49 164 7
49 168 93
49 172 80
49 173 70
49 177 69
49 184 44
49 196 62
49 198 42
50 51 37
50 52 47
50 54 39
50 55 93
50 56 64
50 57 6
50 58 60
50 59 34
50 61 31
50 62 36
50 63 5
50 65 90
50 66 88
50 68 61
50 69 16
50 71 82
50 74 20
50 79 67
50 81 57
50 82 32
50 83 42
50 85 89
50 86 26
50 87 26
50 89 30
50 93 39
50 96 49
50 98 30
50 100 8
50 101 59
50 102 8
50 104 72
50 105 20
50 106 77
50 107 59
50 108 50
50 109 28
50 110 81
50 111 51
50 113 32
50 116 17
50 119 17
50 120 86
50 122 28
50 124 59
50 125 76
50 126 20
50 129 19
50 130 37
50 131 74
50 134 37
50 137 31
50 140 7
50 141 57
50 142 72
50 143 3
50 144 38
50 147 54
50 148 34
50 150 13
50 153 5
50 156 9
50 157 16
50 158 50
50 159 34
50 163 70
50 165 16
50 169 69
50 172 65
50 174 57
50 175 77
50 182 86
50 183 12
50 188 81
50 189 99
50 190 36
50 199 89
51 53 77
51 54 86
51 55 24
51 56 37
51 57 55
51 59 62
51 60 26
51 61 5
51 62 83
51 63 6
51 65 1
51 66 65
51 67 12
51 68 95
51 69 63
51 72 7
51 77 78
51 80 28
51 81 84
51 82 45
51 83 82
51 84 76
51 85 27
51 87 5
51 89 54
51 96 4
51 97 38
51 102 3
51 106 71
51 114 28
51 115 8
51 123 44
51 124 24
51 125 38
51 126 98
51 130 82
51 134 60
51 135 60
51 137 50
51 138 93
51 141 84
51 145 54
51 146 71
51 147 91
51 149 82
51 151 35
51 154 56
51 158 32
51 163 31
51 164 44
51 165 73
51 166 17
51 169 18
51 172 52
51 177 41
51 178 78
51 182 51
51 183 80
51 184 57
51 187 81
51 190 94
51 191 27
51 193 58
51 199 93
52 53 47
52 54 38
52 55 67
52 56 24
52 57 56
52 58 34
52 59 63
52 61 10
52 63 63
52 64 24
52 65 41
52 66 35
52 67 76
52 69 1
52 71 3
52 72 70
52 73 10
52 75 83
52 76 76
52 78 93
52 79 72
52 82 18
52 86 84
52 87 42
52 92 100
52 93 75
52 94 4
52 95 37
52 97 37
52 98 47
52 99 54
52 101 80
52 104 76
52 105 8
52 107 77
52 108 69
52 115 23
52 116 80
52 121 19
52 122 74
52 123 96
52 128 9
52 131 32
52 143 32
52 144 92
52 145 29
52 149 7
52 152 55
52 154 2
52 160 62
52 162 46
52 165 11
52 168 18
52 172 6
52 179 87
52 183 8
52 185 60
53 55 93
53 56 43
53 57 59
53 59 1
53 60 24
53 61 69
53 64 97
53 65 43
53 66 47
53 69 88
53 70 76
53 72 10
53 74 79
53 77 76
53 80 95
53 81 57
53 84 12
53 91 41
53 93 42
53 94 72
53 98 80
53 100 56
53 104 14
53 106 94
53 107 34
53 110 52
53 112 64
53 117 76
53 120 32
53 122 84
53 129 73
53 131 5
53 133 3
53 135 20
53 137 39
53 138 30
53 139 7
53 143 8
53 147 91
53 149 8
53 153 87
53 158 88
53 159 30
53 163 9
53 165 40
53 166 30
53 174 69
53 175 90
53 177 53
53 179 47
53 181 14
53 183 48
53 186 5
53 189 58
53 190 64
53 193 63
53 194 35
53 195 47
53 199 9
54 55 7
54 56 80
54 58 92
54 60 95
54 61 9
54 62 72
54 63 40
54 66 36
54 68 13
54 69 21
54 70 56
54 71 19
54 73 66
54 76 3
54 78 45
54 87 49
54 92 47
54 94 12
54 96 24
54 100 91
54 101 57
54 102 70
54 103 58
54 108 70
54 110 53
54 112 5
54 117 56
54 119 60
54 121 24
54 124 48
54 126 10
54 127 26
54 128 99
54 129 31
54 130 99
54 133 85
54 134 8
54 135 90
54 143 11
54 149 65
54 159 97
54 168 72
54 174 100
54 176 90
54 180 84
54 190 38
54 193 24
54 194 9
54 195 12
54 197 13
54 199 33
55 57 52
55 58 59
55 59 72
55 60 46
55 62 67
55 63 67
55 65 8
55 67 27
55 69 48
55 71 79
55 74 59
55 75 24
55 76 1
55 77 46
55 79 66
55 81 86
55 83 17
55 84 81
55 85 93
55 86 71
55 87 34
55 89 71
55 92 32
55 97 44
55 98 99
55 99 11
55 103 18
55 107 34
55 109 76
55 110 91
55 112 60
55 113 94
55 114 17
55 121 80
55 122 2
55 123 99
55 125 32
55 130 96
55 131 76
55 132 100
55 135 36
55 136 10
55 137 19
55 140 45
55 147 34
55 154 65
55 165 83
55 166 49
55 171 63
55 175 60
55 178 61
55 182 60
55 185 26
55 186 78
55 187 8
55 190 95
55 191 33
55 192 62
56 57 75
56 58 27
56 59 77
56 62 54
56 63 98
56 65 61
56 67 89
56 69 58
56 71 60
56 74 76
56 75 58
56 76 2
56 77 71
56 78 51
56 80 88
56 82 85
56 85 20
56 86 73
56 88 37
56 90 39
56 91 7
56 92 61
56 95 29
56 97 43
56 98 86
56 99 31
56 106 70
56 109 61
56 110 97
56 115 1
56 118 24
56 120 29
56 121 55
56 124 54
56 129 99
56 131 69
56 134 70
56 140 57
56 143 70
56 145 68
56 146 72
56 151 39
56 153 50
56 154 68
56 156 49
56 162 55
56 168 15
56 169 32
56 170 28
56 172 60
56 179 8
56 183 99
56 187 83
56 188 41
56 189 95
56 190 74
56 193 47
56 194 53
57 59 28
57 60 78
57 62 9
57 63 46
57 67 100
57 69 1
57 70 4
57 73 57
57 74 56
57 79 33
57 80 73
57 86 74
57 90 57
57 91 67
57 92 11
57 93 10
57 95 71
57 98 42
57 99 93
57 100 81
57 102 61
57 103 87
57 104 57
57 105 23
57 109 3
57 111 12
57 113 9
57 114 84
57 117 9
57 119 80
57 123 21
57 124 1
57 126 46
57 128 64
57 129 21
57 130 23
57 132 30
57 136 52
57 138 92
57 142 21
57 146 27
57 150 65
57 154 11
57 156 43
57 159 42
57 162 31
57 166 20
57 168 14
57 169 8
57 180 2
57 181 62
57 187 53
57 189 67
57 193 72
57 195 85
57 196 69
57 199 51
58 60 49
58 63 36
58 64 23
58 65 63
58 66 29
58 67 17
58 68 60
58 71 18
58 73 51
58 79 64
58 81 87
58 82 46
58 86 89
58 87 98
58 88 100
58 89 44
58 90 66
58 91 49
58 94 58
58 96 98
58 99 49
58 106 85
58 112 74
58 118 23
58 119 73
58 124 29
58 128 58
58 131 18
58 136 56
58 142 77
58 144 50
58 149 15
58 157 4
58 166 98
58 170 46
58 175 72
58 177 35
58 179 59
58 187 25
58 192 56
58 193 18
59 60 97
59 61 22
59 63 10
59 64 59
59 65 83
59 68 99
59 69 69
59 71 27
59 72 96
59 75 90
59 77 64
59 78 5
59 79 100
59 80 67
59 81 41
59 85 4
59 87 37
59 89 11
59 90 82
59 91 22
59 98 7
59 99 36
59 114 95
59 116 14
59 117 86
59 119 99
59 120 52
59 121 95
59 124 99
59 130 64
59 133 87
59 136 62
59 140 44
59 141 12
59 142 55
59 148 35
59 153 82
59 155 10
59 161 64
59 163 59
59 165 43
59 166 24
59 168 12
59 170 83
59 172 32
59 178 5
59 179 80
59 180 17
59 181 94
59 183 62
59 184 88
59 195 58
60 61 87
60 62 31
60 68 48
60 69 89
60 72 83
60 73 9
60 74 26
60 76 43
60 80 87
60 82 23
60 84 34
60 85 15
60 86 50
60 88 19
60 89 18
60 90 78
60 103 76
60 106 89
60 108 46
60 109 88
60 112 44
60 117 19
60 127 28
60 129 93
60 135 25
60 141 47
60 148 62
60 157 95
60 160 93
60 161 87
60 162 52
60 163 54
60 166 72
60 168 89
60 171 61
60 177 70
60 182 23
60 184 57
60 190 76
60 192 61
60 197 36
61 62 24
61 63 13
61 64 91
61 65 3
61 66 15
61 68 92
61 75 12
61 77 42
61 78 96
61 79 69
61 80 78
61 81 15
61 82 46
61 88 75
61 90 2
61 95 70
61 98 7
61 99 34
61 100 15
61 105 23
61 107 60
61 111 82
61 116 92
61 117 39
61 121 7
61 125 13
61 128 9
61 129 27
61 130 83
61 145 59
61 148 54
61 152 42
61 159 17
61 163 87
61 166 54
61 167 32
61 173 77
61 179 69
61 182 12
61 184 27
61 188 29
61 195 63
62 63 72
62 66 37
62 69 36
62 73 93
62 75 86
62 76 42
62 80 40
62 81 23
62 83 29
62 86 85
62 88 81
62 90 99
62 94 42
62 97 83
62 99 63
62 101 79
62 102 52
62 105 54
62 108 33
62 109 86
62 116 23
62 120 97
62 136 73
62 141 10
62 145 58
62 150 32
62 157 96
62 158 47
62 160 51
62 163 15
62 164 2
62 168 32
62 188 2
62 189 61
62 193 14
62 196 64
63 69 51
63 70 75
63 71 16
63 72 1
63 76 63
63 78 6
63 84 89
63 87 40
63 88 99
63 90 94
63 91 7
63 92 5
63 93 99
63 96 54
63 100 65
63 102 100
63 107 86
63 108 58
63 111 73
63 121 12
63 122 55
63 123 42
63 128 98
63 131 15
63 136 8
63 138 15
63 146 84
63 149 63
63 150 10
63 152 16
63 164 22
63 168 84
63 170 64
63 185 2
63 187 41
63 188 4
63 190 76
63 191 21
63 194 29
63 198 58
64 69 28
64 70 91
64 72 46
64 73 87
64 74 39
64 75 87
64 82 55
64 86 48
64 88 21
64 92 55
64 94 66
64 95 93
64 97 88
64 100 87
64 101 99
64 104 36
64 109 45
64 117 66
64 118 53
64 121 61
64 123 56
64 125 62
64 128 93
64 138 100
64 139 90
64 142 23
64 145 2
64 154 10
64 161 99
64 164 36
64 180 53
64 181 52
64 189 57
64 196 24
64 198 21
65 68 51
65 69 90
65 71 66
65 76 24
65 79 15
65 81 37
65 82 93
65 85 73
65 87 73
65 88 25
65 91 5
65 92 93
65 96 59
65 98 22
65 104 73
65 111 40
65 113 80
65 118 81
65 120 40
65 121 31
65 124 7
65 130 19
65 133 11
65 135 45
65 137 94
65 142 95
65 145 17
65 146 77
65 151 69
65 162 66
65 166 69
65 168 65
65 171 92
65 176 74
65 177 57
65 191 81
65 192 5
66 67 69
66 68 5
66 74 62
66 80 51
66 81 85
66 88 4
66 89 75
66 93 63
66 94 69
66 115 90
66 116 13
66 117 30
66 121 92
66 123 14
66 124 53
66 125 41
66 131 17
66 133 93
66 135 86
66 137 97
66 138 54
66 143 55
66 144 52
66 145 66
66 153 28
66 161 15
66 163 19
66 181 72
66 185 27
66 189 50
66 195 40
66 199 91
67 68 40
67 69 78
67 70 97
67 71 69
67 72 94
67 75 90
67 78 57
67 83 64
67 85 5
67 91 18
67 93 100
67 94 45
67 96 60
67 97 85
67 100 51
67 103 97
67 104 88
67 106 68
67 111 7
67 116 48
67 117 73
67 120 77
67 123 85
67 133 36
67 134 17
67 140 96
67 148 52
67 149 88
67 156 92
67 157 98
67 159 3
67 161 69
67 170 11
67 176 11
67 178 88
67 184 85
67 188 79
67 191 76
67 193 96
67 198 2
68 71 13
68 73 81
68 75 36
68 78 58
68 81 35
68 85 10
68 86 20
68 90 59
68 91 61
68 92 39
68 94 11
68 95 22
68 96 48
68 97 1
68 104 27
68 105 25
68 106 69
68 109 11
68 110 54
68 111 8
68 112 29
68 113 37
68 115 34
68 117 40
68 118 52
68 123 79
68 127 88
68 132 32
68 136 69
68 138 75
68 152 85
68 154 85
68 156 9
68 162 78
68 164 14
68 167 73
68 169 51
68 172 13
68 175 58
68 176 95
68 180 31
68 193 73
68 195 80
68 196 48
68 199 8
69 70 40
69 72 56
69 74 54
69 79 88
69 80 79
69 82 70
69 84 100
69 88 36
69 90 23
69 94 98
69 105 48
69 115 3
69 117 2
69 118 36
69 121 26
69 125 58
69 126 28
69 127 69
69 132 28
69 137 3
69 145 93
69 157 61
69 173 20
69 175 90
69 176 24
69 181 36
69 184 3
69 186 69
69 188 65
70 72 23
70 73 21
70 74 12
70 77 59
70 83 62
70 84 44
70 88 22
70 93 64
70 94 26
70 95 7
70 97 88
70 99 96
70 100 85
70 118 20
70 122 93
70 123 70
70 124 94
70 127 74
70 135 8
70 137 44
70 138 77
70 139 77
70 149 67
70 155 74
70 158 65
70 161 20
70 166 6
70 174 3
70 176 15
70 178 95
70 182 4
70 183 90
70 189 98
70 190 94
70 191 66
70 192 75
70 195 36
71 72 70
71 75 37
71 79 28
71 80 97
71 81 74
71 84 8
71 87 89
71 88 43
71 89 37
71 92 8
71 96 26
71 98 64
71 99 81
71 101 20
71 103 92
71 106 60
71 107 76
71 109 21
71 111 26
71 112 12
71 114 3
71 116 96
71 121 61
71 123 10
71 128 59
71 130 20
71 138 75
71 142 68
71 145 97
71 148 80
71 155 83
71 156 26
71 160 12
71 162 92
71 163 30
71 164 29
71 168 99
71 174 36
71 176 5
71 178 14
71 179 1
71 181 5
71 182 45
71 191 13
71 195 29
71 199 72
72 74 47
72 76 75
72 77 62
72 78 1
72 80 9
72 82 32
72 85 78
72 88 52
72 89 45
72 102 61
72 103 21
72 104 34
72 107 19
72 112 45
72 126 36
72 127 90
72 132 8
72 135 26
72 136 89
72 137 25
72 140 52
72 143 35
72 146 97
72 152 95
72 153 78
72 160 86
72 169 14
72 174 81
72 177 41
72 187 59
72 198 52
73 74 27
73 76 50
73 77 53
73 81 62
73 85 98
73 88 70
73 91 41
73 96 84
73 102 57
73 103 1
73 107 89
73 109 29
73 116 72
73 117 25
73 122 20
73 126 59
73 127 64
73 135 49
73 142 69
73 146 71
73 150 97
73 157 90
73 158 20
73 161 83
73 164 18
73 165 48
73 180 71
73 181 32
73 184 81
73 186 2
73 193 44
74 76 64
74 77 53
74 80 89
74 82 19
74 83 52
74 84 7
74 85 15
74 86 67
74 89 24
74 90 15
74 92 84
74 93 22
74 110 100
74 112 15
74 114 48
74 115 92
74 125 45
74 126 83
74 141 58
74 143 59
74 145 57
74 147 43
74 149 88
74 155 77
74 158 68
74 166 55
74 167 58
74 169 35
74 173 2
74 177 50
74 186 81
74 197 5
75 76 83
75 78 22
75 80 58
75 88 19
75 90 69
75 94 23
75 100 24
75 104 29
75 112 46
75 114 78
75 116 16
75 118 33
75 119 47
75 126 78
75 132 84
75 134 29
75 136 64
75 146 71
75 148 30
75 150 97
75 152 1
75 167 18
75 169 66
75 183 74
75 185 20
75 192 67
75 196 64
75 199 90
76 77 46
76 78 58
76 80 22
76 85 68
76 89 11
76 90 7
76 91 27
76 92 71
76 93 6
76 97 54
76 103 9
76 107 22
76 108 15
76 110 74
76 113 87
76 122 34
76 126 29
76 129 91
76 130 58
76 135 52
76 137 31
76 139 63
76 143 75
76 144 21
76 147 5
76 151 55
76 155 7
76 159 22
76 160 1
76 164 98
76 165 60
76 174 14
76 175 89
76 176 27
76 181 73
76 184 56
76 189 67
76 192 79
77 80 59
77 86 58
77 87 47
77 89 50
77 94 84
77 105 55
77 106 100
77 111 59
77 117 68
77 124 82
77 125 53
77 128 26
77 132 77
77 137 49
77 138 100
77 139 45
77 145 66
77 146 27
77 155 94
77 183 68
77 184 58
77 190 92
77 199 19
78 83 38
78 87 49
78 94 38
78 95 37
78 113 74
78 118 34
78 125 35
78 126 25
78 131 95
78 137 36
78 138 71
78 141 24
78 147 20
78 149 50
78 151 64
78 153 63
78 156 17
78 162 100
78 163 42
78 171 44
78 178 6
78 185 55
78 192 41
79 83 63
79 84 13
79 86 52
79 87 82
79 91 54
79 94 68
79 95 92
79 96 31
79 103 6
79 105 6
79 106 86
79 115 53
79 116 38
79 129 77
79 133 36
79 134 12
79 140 45
79 145 30
79 147 13
79 151 71
79 152 12
79 156 12
79 157 6
79 161 75
79 162 31
79 164 52
79 169 22
79 170 38
79 171 29
79 176 84
79 178 25
79 189 28
79 195 27
79 197 36
80 84 10
80 91 27
80 93 1
80 96 65
80 99 73
80 101 3
80 106 43
80 109 48
80 113 21
80 115 64
80 116 23
80 119 72
80 122 60
80 129 66
80 138 88
80 142 39
80 163 76
80 169 27
80 170 72
80 177 95
80 187 34
80 190 69
80 191 33
80 192 68
80 197 84
81 83 50
81 84 5
81 92 51
81 93 74
81 96 65
81 98 45
81 101 9
81 105 100
81 106 61
81 110 47
81 114 8
81 116 57
81 117 22
81 119 84
81 129 25
81 136 55
81 139 58
81 142 19
81 144 22
81 145 73
81 146 95
81 147 78
81 154 67
81 159 28
81 164 59
81 168 63
81 171 9
81 175 2
81 176 34
81 180 76
81 187 60
81 191 33
81 194 77
82 86 97
82 89 86
82 92 33
82 101 9
82 103 79
82 109 5
82 111 3
82 116 16
82 123 52
82 125 59
82 127 98
82 131 50
82 137 67
82 142 81
82 144 7
82 149 70
82 154 64
82 156 27
82 161 51
82 162 36
82 170 1
82 189 85
83 86 100
83 87 94
83 92 10
83 99 16
83 102 94
83 113 28
83 114 37
83 115 26
83 116 2
83 118 52
83 119 5
83 133 76
83 137 25
83 141 79
83 151 6
83 155 16
83 156 22
83 157 14
83 159 53
83 161 10
83 168 3
83 178 10
83 182 51
83 186 51
83 199 18
84 106 61
84 108 77
84 118 96
84 119 96
84 122 17
84 123 33
84 132 4
84 133 19
84 137 53
84 138 93
84 141 9
84 142 52
84 152 18
84 153 21
84 166 6
84 167 23
84 173 3
85 99 20
85 111 16
85 115 68
85 117 99
85 118 97
85 123 83
85 126 97
85 131 25
85 147 74
85 150 1
85 172 75
85 175 20
85 179 36
85 182 6
85 187 48
85 191 37
85 195 56
85 198 19
86 92 78
86 96 49
86 102 72
86 103 22
86 105 64
86 107 55
86 110 60
86 121 23
86 127 100
86 129 17
86 133 59
86 135 77
86 138 60
86 146 51
86 158 82
86 164 66
86 170 48
86 174 4
86 180 43
86 189 20
86 193 2
86 198 33
87 93 24
87 98 15
87 104 56
87 114 92
87 118 42
87 128 54
87 132 45
87 139 64
87 143 74
87 144 61
87 145 7
87 150 22
87 153 38
87 165 70
87 173 2
87 181 71
87 182 6
87 191 48
88 89 75
88 90 2
88 92 8
88 95 28
88 96 51
88 100 88
88 104 7
88 108 61
88 109 76
88 129 22
88 139 82
88 141 43
88 143 90
88 144 35
88 149 84
88 157 60
88 171 23
88 172 67
88 181 4
88 186 33
88 193 1
89 90 68
89 94 44
89 101 50
89 109 52
89 110 88
89 112 77
89 124 4
89 127 29
89 134 67
89 142 13
89 150 26
89 152 8
89 157 12
89 164 76
89 170 67
89 172 46
89 185 67
89 191 32
89 193 54
90 94 31
90 95 55
90 97 5
90 101 78
90 102 8
90 103 15
90 105 82
90 108 91
90 109 77
90 112 51
90 117 3
90 119 12
90 120 76
90 124 70
90 126 72
90 127 38
90 128 97
90 132 30
90 136 73
90 139 34
90 146 33
90 162 9
90 163 46
90 165 57
90 167 72
90 175 70
91 92 31
91 102 100
91 105 46
91 106 61
91 107 59
91 127 24
91 128 15
91 132 43
91 135 87
91 150 3
91 151 30
91 154 66
91 156 73
91 161 73
91 162 94
91 170 22
91 183 25
91 187 79
92 95 42
92 99 36
92 108 59
92 109 78
92 110 7
92 112 64
92 114 47
92 132 47
92 144 15
92 151 86
92 155 54
92 156 5
92 161 96
92 165 72
92 182 35
92 194 60
92 195 96
92 196 57
92 197 48
93 98 56
93 100 43
93 105 76
93 120 8
93 127 34
93 129 9
93 133 72
93 136 31
93 138 99
93 141 73
93 147 12
93 152 66
93 157 27
93 162 49
93 180 44
93 198 26
94 96 29
94 97 14
94 103 72
94 104 56
94 108 30
94 110 41
94 113 96
94 114 82
94 118 94
94 128 20
94 129 42
94 132 91
94 135 90
94 143 67
94 148 61
94 154 82
94 159 97
94 164 52
94 169 14
94 173 9
94 175 89
94 186 80
94 190 6
95 97 21
95 98 5
95 107 69
95 109 35
95 110 66
95 114 100
95 118 65
95 119 19
95 123 29
95 125 10
95 127 48
95 134 8
95 136 99
95 138 92
95 143 18
95 147 39
95 164 100
95 177 65
95 178 34
95 179 94
95 196 82
95 198 35
96 104 50
96 114 10
96 120 35
96 128 25
96 130 41
96 131 76
96 137 3
96 155 69
96 165 24
96 169 63
96 179 60
96 187 22
96 195 90
97 98 100
97 99 79
97 100 20
97 104 40
97 107 85
97 108 61
97 135 24
97 136 69
97 140 28
97 141 44
97 155 64
97 161 36
97 169 65
97 173 58
97 175 31
97 176 25
97 190 49
97 191 86
98 99 15
98 116 44
98 117 64
98 143 54
98 144 27
98 147 14
98 160 53
98 173 87
98 174 72
98 193 81
98 194 66
99 100 96
99 101 37
99 120 19
99 121 18
99 130 64
99 131 24
99 136 2
99 140 76
99 142 6
99 153 89
99 163 27
99 177 26
99 186 31
99 191 5
99 197 4
100 101 59
100 102 51
100 103 79
100 105 35
100 107 5
100 108 3
100 110 54
100 114 16
100 120 82
100 122 41
100 124 3
100 128 4
100 133 25
100 136 94
100 137 5
100 143 7
100 144 44
100 150 53
100 157 10
100 159 1
100 163 88
100 164 34
100 166 11
100 168 71
100 170 68
100 171 82
100 174 90
100 178 42
100 182 33
100 185 45
100 186 72
100 190 99
101 102 55
101 113 85
101 115 77
101 120 82
101 124 79
101 125 87
101 128 42
101 131 78
101 135 81
101 138 18
101 140 87
101 141 45
101 151 1
101 158 66
101 162 42
101 174 72
101 178 52
101 181 8
101 192 4
102 104 79
102 109 49
102 113 94
102 121 49
102 122 23
102 127 10
102 130 32
102 131 44
102 132 90
102 134 18
102 137 85
102 142 75
102 146 18
102 147 54
102 156 3
102 160 72
102 161 75
102 164 20
102 169 48
102 170 12
102 171 87
102 172 54
102 177 79
102 181 44
102 183 39
102 185 61
102 187 14
102 198 21
102 199 37
103 107 46
103 110 24
103 111 40
103 115 57
103 122 92
103 123 50
103 124 13
103 127 49
103 131 30
103 134 19
103 135 45
103 139 89
103 143 64
103 159 37
103 162 39
103 163 95
103 168 3
103 182 13
103 191 91
103 192 14
103 194 98
104 106 59
104 110 77
104 112 86
104 120 50
104 122 75
104 127 51
104 131 37
104 134 15
104 135 16
104 137 21
104 141 32
104 146 19
104 151 2
104 153 98
104 158 18
104 160 23
104 161 20
104 165 70
104 174 57
104 184 63
104 186 19
104 189 26
104 190 23
104 194 87
104 199 12
105 111 79
105 113 31
105 117 99
105 119 54
105 123 42
105 129 12
105 134 61
105 140 43
105 146 71
105 159 60
105 167 17
105 171 48
105 177 3
105 178 6
105 188 34
105 197 45
105 199 47
106 132 11
106 143 30
106 152 78
106 163 15
106 165 6
106 172 68
106 173 37
106 174 50
106 178 14
106 184 55
106 185 60
106 193 26
106 197 39
107 110 10
107 113 13
107 120 12
107 121 23
107 122 26
107 133 14
107 140 95
107 141 83
107 142 32
107 149 14
107 156 56
107 158 29
107 166 28
107 177 38
107 187 85
107 194 8
107 197 75
108 113 62
108 116 88
108 119 25
108 129 20
108 132 94
108 134 62
108 136 66
108 139 39
108 148 94
108 150 84
108 155 44
108 159 72
108 162 54
108 167 74
108 181 54
108 183 70
108 184 98
108 186 80
108 188 13
108 189 23
108 193 74
108 196 78
109 113 21
109 116 9
109 119 68
109 127 18
109 133 69
109 134 56
109 137 7
109 149 5
109 185 50
109 188 17
109 195 74
109 197 14
110 111 69
110 125 45
110 137 28
110 141 27
110 143 90
110 147 28
110 148 46
110 167 99
110 170 75
110 173 77
110 179 91
110 185 56
110 195 45
111 132 13
111 140 86
111 142 39
111 143 54
111 144 11
111 153 48
111 160 54
111 165 18
111 173 85
111 175 83
111 178 68
111 189 48
111 195 65
112 115 93
112 117 73
112 119 43
112 120 97
112 123 85
112 137 59
112 147 81
112 148 22
112 149 28
112 155 14
112 163 38
112 167 62
112 174 88
112 183 33
112 187 68
113 114 40
113 115 68
113 122 72
113 136 100
113 140 36
113 146 31
113 147 31
113 151 88
113 153 22
113 159 68
113 174 91
113 190 26
113 194 30
113 197 21
114 125 38
114 130 58
114 135 26
114 141 23
114 146 38
114 150 79
114 151 28
114 168 63
114 174 80
114 175 60
114 181 40
114 192 90
115 122 92
115 126 53
115 140 58
115 155 30
115 156 16
115 157 29
115 165 94
115 171 61
115 173 73
115 179 38
115 187 69
115 198 87
116 124 19
116 136 71
116 148 79
116 158 42
116 160 29
116 164 86
116 168 2
116 176 21
116 190 5
116 193 21
116 197 85
117 123 34
117 128 73
117 131 82
117 132 14
117 133 82
117 155 92
117 156 47
117 166 23
117 167 71
117 168 68
117 169 42
117 172 79
117 178 95
117 191 7
118 119 67
118 120 11
118 126 35
118 129 61
118 144 89
118 157 17
118 160 43
118 171 21
118 183 1
118 192 32
118 193 6
119 122 13
119 126 60
119 132 82
119 138 69
119 153 56
119 161 88
119 162 12
119 166 84
119 174 86
119 189 80
119 193 67
119 195 68
119 199 16
120 121 61
120 124 48
120 128 48
120 140 97
120 142 84
120 150 87
120 151 40
120 154 93
120 155 7
120 157 92
120 159 23
120 164 2
120 169 10
120 173 48
120 187 76
120 195 34
121 126 57
121 133 91
121 135 6
121 136 32
121 147 88
121 148 54
121 155 73
121 158 95
121 160 7
121 165 80
121 175 48
121 178 33
121 183 54
121 196 44
122 124 86
122 131 49
122 135 4
122 139 65
122 140 23
122 141 69
122 144 56
122 150 17
122 153 17
122 156 60
122 167 67
122 173 89
122 174 23
122 176 55
122 196 94
122 198 77
123 133 34
123 140 9
123 141 87
123 142 41
123 144 19
123 145 53
123 149 33
123 150 9
123 152 26
123 154 1
123 158 89
123 160 90
123 165 67
123 171 98
123 172 59
123 174 45
123 176 43
123 187 74
123 190 48
123 196 8
124 133 80
124 138 47
124 152 91
124 155 32
124 159 47
124 160 56
124 163 23
125 126 74
125 128 2
125 134 41
125 136 57
125 159 27
125 174 42
125 177 99
125 185 72
125 186 52
126 134 35
126 137 72
126 166 49
126 171 95
127 131 79
127 133 2
127 139 100
127 151 76
127 180 40
128 133 80
128 134 82
128 138 60
128 139 2
128 140 16
128 146 22
128 147 92
128 154 17
128 157 36
128 165 77
128 173 79
128 188 30
128 194 8
128 196 82
129 145 24
129 148 27
129 149 26
129 158 2
129 161 73
129 164 47
129 167 27
129 195 83
130 135 12
130 136 49
130 139 93
130 143 64
130 145 51
130 150 98
130 154 30
130 169 56
130 173 45
130 175 60
130 178 98
130 179 45
130 181 53
130 191 95
130 194 33
130 196 95
130 197 47
130 198 66
131 133 71
131 138 34
131 146 95
131 148 67
131 155 60
131 158 46
131 162 32
131 167 90
131 171 74
131 177 56
131 178 27
131 179 52
131 180 67
131 185 88
131 189 4
131 190 72
131 194 19
131 196 17
132 158 47
132 159 97
132 164 39
132 165 51
132 170 97
132 173 60
132 178 22
132 182 7
132 187 39
132 189 25
132 197 14
132 199 14
133 156 99
133 166 55
133 171 83
133 178 27
133 185 75
133 188 36
133 199 59
134 137 11
134 139 56
134 140 93
134 151 62
134 160 14
134 170 1
134 172 45
134 173 75
134 175 64
134 185 37
134 190 6
134 192 29
135 146 7
135 151 36
135 158 88
135 170 21
135 182 2
135 184 26
135 199 60
136 150 17
136 155 81
136 156 40
136 158 69
136 199 75
137 150 87
137 154 20
137 166 6
138 148 60
138 175 97
138 184 36
138 193 55
139 171 97
139 186 91
139 188 35
139 192 93
140 141 35
140 151 78
140 155 70
140 158 97
140 169 88
140 185 46
140 195 53
141 144 14
141 149 32
141 150 23
141 152 2
141 153 65
141 154 49
141 161 62
141 162 76
141 165 78
141 179 8
141 191 47
142 144 27
142 165 96
142 171 21
142 183 44
142 198 41
143 152 52
143 178 68
143 179 62
143 181 8
143 183 71
143 197 75
144 154 59
145 154 87
145 181 47
145 183 14
145 185 64
145 190 90
145 198 85
145 199 48
146 157 49
146 159 40
146 161 54
146 162 36
146 164 19
146 178 88
146 181 3
146 192 62
146 193 40
147 151 65
147 172 65
147 186 28
147 192 5
148 151 31
148 169 53
148 179 42
148 182 43
148 183 59
148 184 37
149 152 96
149 154 84
149 165 18
149 168 5
149 169 67
149 171 59
149 184 13
149 188 81
149 190 83
149 195 74
150 155 66
150 168 80
150 176 66
150 184 15
150 188 74
151 155 53
151 159 80
151 163 10
151 171 1
151 181 23
151 194 46
152 153 16
152 161 94
152 165 94
152 167 71
152 179 5
152 182 38
153 157 86
153 158 65
153 168 17
153 179 41
153 184 21
153 186 96
153 188 86
153 189 88
153 193 72
154 167 20
154 169 45
154 172 53
154 185 25
154 194 69
155 158 84
155 161 18
155 168 44
155 174 39
155 177 89
155 180 99
155 186 17
155 189 33
155 192 62
156 162 54
156 176 38
156 180 33
156 181 51
157 166 99
157 177 100
157 199 7
158 165 43
158 166 88
158 170 47
158 182 71
158 197 19
158 199 74
159 167 33
159 171 54
159 175 75
159 189 9
160 169 78
160 170 71
160 175 7
160 177 80
160 178 100
160 179 52
160 180 30
160 194 57
161 173 68
161 176 47
162 171 58
162 185 9
163 179 82
164 167 65
164 172 91
164 175 1
164 183 82
164 186 43
165 169 16
165 171 31
165 174 98
165 178 36
165 181 73
166 168 68
166 175 53
166 182 23
166 185 35
166 187 7
166 191 55
166 197 69
167 172 76
167 173 64
167 176 32
168 171 47
168 199 76
169 174 23
169 184 85
169 196 44
170 186 88
171 173 35
171 178 47
171 198 42
172 173 48
172 184 80
172 185 33
172 191 42
172 192 15
173 174 52
173 176 46
173 181 10
173 190 9
173 196 8
175 184 97
175 194 3
176 197 61
177 185 37
177 194 18
178 191 31
181 189 50
181 192 89
182 186 81
182 192 31
182 197 37
183 188 96
184 191 87
184 193 51
185 188 3
185 189 35
185 197 7
189 192 18
190 193 5
191 192 55
192 195 68
192 197 61
192 198 45
196 198 79
