184
122
114
166
124
170
183
172
134
185
194
136
138
191
160
183
177
128
176
112
109
107
170
198
171
138
140
138
123
115
161
193
150
156
157
181
102
189
133
196
166
109
152
149
123
146
163
112
106
134
162
194
124
186
144
142
115
125
195
176
137
175
125
164
179
125
128
150
170
191
187
199
190
148
187
190
170
179
163
103
185
168
172
115
159
175
169
165
108
145
195
135
134
137
150
170
181
180
129
104
