142
172
100
130
114
109
118
134
140
154
142
169
120
188
102
167
142
156
114
120
180
197
131
169
188
190
108
103
117
188
109
142
196
153
169
131
169
184
101
175
199
175
128
179
110
145
191
129
129
113
101
168
121
126
149
105
157
114
159
170
110
141
170
141
105
154
167
152
195
159
191
113
114
181
140
116
193
135
175
173
189
162
175
135
127
190
143
197
167
162
111
195
145
158
141
123
191
157
100
162
132
153
189
136
191
162
101
193
169
200
117
113
194
170
106
176
176
193
171
112
102
102
102
124
186
154
155
185
112
128
159
197
156
101
180
123
181
139
187
175
156
113
106
112
104
110
122
172
156
101
