0	2	49
0	4	50
0	6	43
0	8	41
0	9	33
0	16	45
0	20	40
0	23	32
0	24	38
0	25	49
0	33	37
0	35	49
0	46	33
0	50	36
0	51	48
0	52	33
0	53	50
0	57	36
0	61	43
0	63	38
0	64	46
0	65	46
0	66	33
0	78	44
0	80	43
0	82	43
0	83	39
0	92	30
0	95	47
0	105	32
0	107	34
0	108	47
0	111	36
0	113	35
0	114	49
0	115	37
0	117	47
0	118	50
0	124	47
0	132	44
0	138	41
0	140	38
0	141	37
0	148	33
1	5	45
1	8	49
1	15	32
1	18	37
1	27	49
1	28	40
1	31	40
1	38	47
1	41	40
1	44	30
1	51	37
1	54	30
1	60	33
1	62	32
1	63	35
1	64	46
1	66	42
1	69	33
1	76	40
1	77	38
1	79	46
1	80	30
1	81	35
1	82	40
1	83	47
1	86	47
1	90	40
1	91	40
1	98	32
1	99	46
1	102	35
1	103	38
1	105	34
1	106	40
1	113	39
1	114	41
1	116	47
1	118	38
1	119	49
1	120	46
1	122	45
1	123	43
1	129	36
1	132	47
1	135	38
1	142	37
2	7	40
2	18	47
2	19	41
2	24	48
2	25	41
2	31	41
2	33	39
2	35	34
2	38	39
2	39	33
2	40	35
2	41	46
2	45	49
2	49	42
2	56	44
2	57	33
2	59	42
2	61	30
2	65	34
2	67	36
2	68	43
2	74	31
2	76	33
2	79	35
2	81	45
2	82	40
2	85	34
2	88	50
2	91	40
2	92	34
2	97	44
2	98	38
2	101	50
2	103	48
2	107	46
2	109	46
2	110	36
2	112	44
2	113	32
2	116	32
2	119	40
2	120	46
2	121	45
2	122	48
2	129	34
2	131	38
2	135	40
2	138	42
2	148	35
2	149	36
3	6	42
3	9	50
3	11	44
3	17	50
3	20	48
3	21	49
3	24	36
3	26	47
3	27	45
3	29	34
3	35	43
3	42	47
3	44	49
3	45	31
3	46	44
3	50	46
3	52	35
3	60	43
3	62	47
3	65	47
3	67	33
3	68	32
3	71	34
3	74	37
3	80	49
3	82	35
3	89	38
3	96	43
3	99	44
3	102	33
3	104	48
3	107	45
3	108	31
3	110	48
3	111	44
3	112	33
3	120	37
3	122	43
3	123	37
3	124	34
3	130	44
3	132	34
3	135	42
3	137	43
3	138	31
3	141	50
3	149	42
4	6	37
4	13	43
4	16	31
4	21	40
4	22	39
4	25	46
4	33	43
4	35	41
4	36	36
4	48	50
4	54	44
4	56	46
4	60	31
4	61	31
4	62	41
4	63	35
4	67	39
4	68	48
4	69	40
4	74	50
4	76	38
4	79	31
4	84	48
4	85	49
4	86	49
4	92	46
4	96	34
4	103	35
4	107	39
4	114	39
4	115	30
4	117	40
4	121	33
4	126	34
4	130	36
4	133	47
4	135	33
4	137	42
4	138	31
5	8	43
5	11	34
5	15	36
5	16	32
5	18	39
5	27	43
5	28	38
5	31	47
5	32	35
5	39	48
5	41	37
5	44	47
5	46	43
5	55	41
5	58	40
5	62	46
5	63	48
5	64	39
5	65	36
5	71	46
5	72	43
5	80	46
5	81	50
5	84	47
5	88	48
5	95	45
5	96	40
5	100	42
5	103	49
5	104	35
5	107	32
5	113	45
5	123	33
5	128	33
5	129	31
5	143	45
5	147	32
6	8	36
6	15	46
6	17	48
6	27	33
6	29	50
6	35	46
6	36	36
6	40	45
6	41	33
6	42	35
6	47	44
6	49	33
6	50	31
6	51	47
6	54	49
6	55	44
6	58	47
6	59	48
6	60	50
6	62	30
6	70	40
6	71	46
6	73	33
6	75	48
6	76	42
6	77	47
6	83	40
6	86	41
6	88	43
6	91	48
6	92	50
6	99	42
6	101	38
6	102	30
6	108	34
6	111	43
6	113	39
6	117	31
6	118	40
6	120	50
6	121	49
6	122	45
6	123	38
6	124	44
6	125	44
6	127	35
6	139	45
6	146	33
6	147	49
7	12	45
7	15	49
7	16	31
7	17	43
7	18	33
7	22	31
7	23	49
7	24	45
7	28	30
7	32	50
7	40	45
7	43	34
7	44	31
7	46	36
7	48	47
7	55	34
7	57	41
7	58	47
7	61	39
7	63	37
7	64	46
7	66	36
7	67	48
7	68	32
7	69	50
7	77	31
7	85	32
7	87	48
7	90	41
7	95	30
7	96	47
7	98	44
7	104	35
7	106	45
7	107	41
7	109	35
7	112	37
7	113	36
7	114	46
7	117	34
7	118	30
7	119	38
7	122	50
7	125	43
7	126	43
7	131	30
7	136	31
7	137	43
7	138	36
7	139	39
7	146	32
7	147	44
8	13	37
8	18	35
8	21	39
8	22	46
8	30	44
8	34	38
8	41	38
8	43	37
8	44	42
8	45	45
8	47	34
8	48	46
8	59	32
8	60	35
8	61	40
8	63	49
8	67	34
8	70	39
8	71	44
8	77	45
8	83	50
8	89	31
8	92	37
8	95	42
8	98	37
8	100	34
8	101	31
8	104	50
8	106	41
8	108	36
8	113	38
8	115	32
8	116	36
8	117	34
8	120	31
8	124	31
8	125	36
8	127	36
8	132	39
8	133	44
8	134	45
8	137	43
8	139	41
8	142	41
8	143	50
8	149	38
9	11	47
9	12	50
9	21	41
9	28	42
9	29	50
9	30	31
9	31	30
9	35	45
9	39	39
9	41	32
9	43	37
9	44	32
9	45	42
9	46	30
9	47	39
9	49	36
9	51	31
9	52	34
9	58	33
9	60	49
9	61	47
9	70	42
9	75	49
9	76	33
9	78	31
9	90	41
9	93	42
9	95	48
9	100	36
9	107	37
9	109	46
9	124	50
9	125	32
9	126	50
9	128	43
9	136	31
9	140	45
9	144	44
9	149	37
10	11	32
10	14	36
10	15	43
10	17	48
10	20	44
10	21	33
10	29	34
10	33	32
10	36	36
10	39	38
10	42	33
10	44	31
10	45	30
10	47	43
10	51	42
10	57	39
10	59	39
10	62	37
10	63	30
10	85	40
10	86	43
10	91	31
10	101	35
10	108	39
10	109	44
10	112	41
10	122	33
10	123	50
10	125	48
10	127	34
10	131	32
10	134	36
10	135	36
10	141	38
10	144	30
10	147	46
11	16	42
11	17	42
11	21	44
11	22	31
11	25	33
11	30	38
11	33	42
11	38	44
11	41	35
11	43	46
11	52	32
11	54	31
11	55	38
11	56	32
11	57	39
11	59	49
11	72	46
11	75	43
11	77	31
11	78	47
11	84	42
11	96	33
11	113	41
11	114	34
11	118	46
11	122	30
11	126	46
11	128	49
11	130	44
11	131	45
11	133	48
11	134	46
11	141	43
11	142	48
11	144	46
11	148	45
11	149	46
12	13	43
12	16	34
12	19	43
12	20	44
12	27	45
12	29	34
12	32	49
12	33	43
12	34	32
12	38	30
12	51	39
12	65	32
12	66	45
12	69	47
12	76	36
12	83	36
12	84	43
12	87	45
12	88	38
12	89	40
12	92	50
12	93	36
12	94	47
12	97	50
12	99	46
12	103	35
12	105	48
12	114	33
12	118	35
12	121	47
12	123	35
12	126	39
12	129	38
12	131	37
12	134	40
12	143	50
12	145	37
12	147	33
13	20	43
13	21	47
13	23	48
13	24	45
13	26	43
13	28	36
13	31	45
13	32	45
13	33	32
13	36	36
13	39	36
13	42	36
13	47	41
13	57	48
13	58	31
13	62	45
13	63	31
13	71	31
13	77	38
13	81	45
13	82	47
13	83	39
13	84	39
13	85	41
13	86	35
13	91	43
13	95	39
13	99	46
13	102	44
13	104	45
13	105	34
13	109	49
13	113	38
13	130	30
13	136	37
13	141	47
13	144	42
14	16	34
14	20	40
14	24	49
14	29	45
14	34	50
14	37	38
14	41	34
14	49	42
14	50	33
14	51	48
14	54	34
14	55	48
14	60	35
14	66	39
14	69	33
14	72	47
14	99	37
14	103	39
14	105	30
14	110	31
14	120	38
14	121	40
14	122	43
14	131	32
14	132	31
14	134	49
14	135	49
14	137	36
14	139	31
14	141	32
14	142	33
14	143	43
14	146	50
15	28	30
15	31	45
15	35	38
15	44	34
15	46	36
15	48	42
15	51	42
15	57	37
15	63	43
15	68	37
15	69	40
15	73	45
15	79	47
15	90	45
15	95	49
15	101	34
15	108	43
15	109	49
15	112	32
15	115	49
15	120	38
15	123	34
15	127	31
15	129	49
15	130	30
15	131	30
15	133	47
15	136	40
15	139	32
15	143	35
15	145	33
15	146	41
15	148	45
16	19	49
16	24	35
16	26	46
16	28	42
16	32	35
16	37	36
16	39	42
16	48	47
16	49	41
16	57	40
16	64	37
16	72	38
16	73	38
16	77	43
16	78	43
16	79	42
16	82	47
16	83	42
16	86	40
16	90	35
16	94	44
16	97	39
16	98	31
16	99	37
16	100	43
16	101	32
16	102	41
16	103	43
16	104	50
16	111	33
16	118	45
16	119	47
16	121	33
16	123	45
16	129	46
16	131	42
16	133	44
16	136	41
16	138	33
16	141	40
16	145	47
17	24	42
17	29	39
17	30	48
17	32	40
17	37	32
17	40	39
17	42	38
17	43	41
17	45	33
17	47	35
17	49	31
17	50	41
17	51	30
17	60	45
17	63	34
17	64	32
17	66	44
17	74	46
17	80	42
17	81	45
17	85	46
17	90	48
17	91	44
17	92	30
17	98	35
17	100	47
17	103	46
17	110	30
17	116	31
17	119	42
17	133	50
17	134	37
17	137	40
17	142	38
17	143	40
17	147	38
17	148	35
18	19	47
18	23	32
18	24	39
18	26	38
18	29	47
18	31	46
18	32	34
18	35	41
18	37	31
18	42	42
18	46	47
18	47	40
18	49	49
18	51	34
18	59	31
18	60	49
18	61	48
18	63	49
18	68	34
18	69	42
18	70	47
18	76	39
18	78	40
18	80	47
18	84	41
18	95	45
18	96	32
18	98	37
18	99	33
18	107	36
18	114	35
18	115	31
18	123	34
18	126	40
18	129	33
18	131	38
18	137	42
18	140	39
18	145	48
18	146	49
18	148	49
18	149	41
19	21	41
19	22	42
19	36	48
19	37	36
19	43	43
19	50	43
19	52	50
19	54	37
19	56	34
19	57	50
19	60	38
19	61	45
19	68	31
19	74	45
19	79	46
19	81	46
19	85	36
19	95	44
19	103	40
19	117	50
19	119	46
19	120	30
19	122	42
19	131	41
19	132	44
19	134	31
19	136	32
19	140	44
19	144	33
19	146	47
19	147	48
19	148	50
20	21	48
20	27	41
20	37	48
20	48	37
20	49	42
20	52	44
20	55	45
20	58	41
20	64	38
20	65	47
20	66	40
20	69	41
20	74	46
20	75	35
20	76	45
20	78	32
20	80	30
20	82	37
20	89	31
20	90	31
20	91	31
20	95	32
20	97	48
20	100	40
20	102	33
20	103	47
20	109	39
20	114	33
20	117	42
20	120	48
20	121	38
20	123	37
20	125	43
20	128	46
20	134	45
20	135	45
20	136	50
20	139	37
20	145	37
20	147	39
21	23	32
21	26	47
21	27	30
21	32	35
21	34	45
21	36	49
21	37	42
21	40	34
21	43	37
21	47	47
21	51	45
21	55	37
21	57	40
21	65	36
21	69	49
21	80	30
21	81	48
21	84	30
21	88	47
21	89	49
21	92	44
21	96	38
21	99	42
21	101	43
21	102	45
21	103	49
21	105	46
21	107	37
21	109	44
21	115	41
21	119	36
21	126	35
21	127	44
21	129	36
21	137	45
21	140	34
21	144	35
21	146	42
22	24	49
22	25	38
22	27	35
22	30	32
22	31	50
22	34	44
22	42	47
22	43	41
22	44	50
22	60	45
22	62	30
22	63	38
22	68	37
22	69	45
22	73	36
22	74	43
22	75	46
22	78	40
22	80	31
22	84	35
22	87	37
22	91	37
22	93	34
22	94	36
22	98	34
22	99	49
22	109	46
22	113	34
22	114	49
22	115	46
22	122	36
22	124	45
22	126	42
22	127	47
22	129	44
22	133	42
22	137	34
22	142	35
22	146	42
23	24	46
23	28	37
23	31	42
23	34	45
23	41	50
23	42	42
23	43	47
23	45	40
23	52	41
23	54	40
23	56	50
23	64	33
23	65	43
23	67	32
23	69	47
23	71	38
23	77	46
23	81	39
23	82	36
23	94	38
23	99	41
23	100	49
23	110	31
23	112	50
23	119	50
23	123	50
23	124	33
23	137	50
23	142	41
23	144	40
23	146	31
23	148	36
24	25	48
24	26	47
24	28	34
24	29	43
24	31	42
24	32	30
24	33	50
24	37	45
24	43	39
24	48	47
24	54	34
24	63	30
24	69	41
24	71	39
24	81	32
24	82	40
24	84	50
24	92	42
24	97	45
24	100	49
24	102	37
24	103	49
24	105	38
24	109	41
24	110	43
24	114	37
24	117	36
24	118	49
24	119	34
24	121	31
24	128	48
24	129	31
24	137	42
24	139	44
24	142	39
24	143	31
24	145	36
24	147	46
25	34	31
25	35	34
25	43	37
25	44	47
25	48	35
25	50	34
25	56	41
25	60	44
25	64	39
25	70	45
25	78	35
25	81	32
25	83	32
25	84	34
25	85	36
25	88	37
25	90	45
25	101	35
25	102	50
25	104	49
25	113	41
25	115	32
25	120	40
25	125	44
25	127	38
25	130	42
25	134	47
25	135	35
25	136	42
25	140	47
25	141	46
25	142	44
25	147	33
26	28	31
26	30	36
26	31	44
26	34	31
26	35	47
26	36	35
26	37	34
26	43	43
26	51	34
26	52	40
26	53	35
26	55	50
26	56	32
26	61	36
26	68	35
26	73	45
26	74	38
26	77	35
26	83	30
26	84	42
26	87	30
26	88	43
26	91	38
26	93	46
26	94	40
26	97	46
26	99	49
26	101	32
26	104	47
26	107	40
26	109	32
26	115	50
26	117	38
26	118	49
26	119	44
26	121	38
26	127	45
26	130	48
26	133	32
26	136	48
26	137	36
26	138	48
26	139	41
26	141	48
26	143	45
26	146	36
26	148	46
27	30	31
27	34	33
27	35	42
27	39	31
27	45	44
27	49	30
27	50	32
27	52	37
27	54	47
27	60	41
27	66	46
27	67	45
27	69	43
27	70	30
27	71	48
27	74	41
27	83	31
27	95	36
27	96	40
27	99	39
27	103	39
27	104	37
27	112	38
27	119	32
27	126	43
27	128	31
27	132	44
27	134	44
27	136	36
27	138	41
27	143	48
27	146	37
28	29	30
28	31	39
28	32	35
28	35	44
28	39	34
28	43	37
28	45	37
28	46	49
28	52	31
28	58	46
28	61	33
28	66	37
28	67	50
28	71	38
28	73	31
28	76	34
28	81	45
28	83	45
28	84	48
28	86	34
28	87	38
28	89	44
28	105	39
28	113	47
28	116	49
28	120	44
28	121	38
28	122	46
28	123	44
28	124	46
28	128	41
28	131	36
28	136	37
28	138	44
28	140	47
28	141	38
28	146	39
28	149	49
29	30	31
29	31	35
29	36	48
29	37	39
29	38	39
29	45	39
29	51	42
29	52	35
29	53	35
29	56	30
29	60	48
29	63	32
29	68	43
29	69	48
29	73	41
29	76	42
29	78	45
29	86	30
29	88	30
29	93	32
29	95	41
29	97	35
29	99	42
29	102	33
29	105	41
29	115	39
29	117	32
29	119	35
29	120	43
29	124	49
29	127	31
29	132	41
29	138	46
29	139	42
29	145	34
29	146	34
29	148	40
30	34	41
30	36	46
30	37	49
30	39	39
30	42	32
30	43	48
30	45	44
30	49	41
30	51	40
30	52	31
30	54	47
30	56	35
30	67	50
30	72	35
30	74	38
30	76	43
30	77	50
30	80	34
30	83	45
30	84	49
30	88	34
30	95	33
30	97	36
30	100	42
30	117	34
30	118	39
30	122	39
30	123	44
30	129	31
30	132	34
30	134	37
30	143	39
30	144	47
30	149	49
31	34	41
31	41	43
31	49	46
31	50	33
31	55	45
31	59	32
31	63	49
31	68	30
31	69	37
31	71	47
31	74	47
31	75	34
31	80	32
31	86	49
31	87	48
31	91	39
31	94	40
31	95	32
31	97	47
31	102	49
31	105	39
31	115	48
31	118	31
31	119	35
31	120	37
31	121	48
31	125	40
31	131	49
31	132	47
31	140	37
31	142	30
31	149	34
32	36	31
32	37	40
32	38	38
32	39	33
32	42	47
32	46	37
32	48	33
32	55	30
32	56	45
32	57	35
32	75	39
32	76	32
32	78	31
32	80	36
32	85	41
32	88	40
32	91	40
32	94	38
32	95	32
32	97	33
32	99	47
32	103	41
32	109	40
32	114	45
32	115	36
32	117	37
32	121	46
32	123	39
32	124	32
32	133	35
32	142	39
32	146	41
33	37	30
33	38	37
33	39	49
33	52	40
33	55	39
33	56	38
33	57	34
33	58	34
33	59	47
33	68	41
33	70	48
33	73	45
33	74	35
33	79	40
33	83	41
33	85	47
33	86	43
33	87	43
33	92	49
33	95	34
33	96	39
33	101	32
33	106	34
33	112	30
33	124	42
33	126	50
33	129	35
33	132	37
33	136	46
33	137	37
33	140	34
33	142	46
33	143	45
33	145	37
34	39	32
34	41	43
34	43	31
34	47	46
34	52	35
34	56	33
34	58	49
34	59	48
34	62	49
34	64	48
34	66	43
34	67	49
34	74	47
34	75	42
34	76	31
34	80	50
34	83	45
34	88	34
34	94	35
34	96	34
34	98	31
34	103	45
34	109	45
34	116	31
34	119	43
34	121	37
34	128	46
34	130	43
34	132	31
34	133	46
34	134	44
34	137	31
34	140	40
34	141	42
34	145	45
34	148	31
35	38	50
35	41	50
35	43	48
35	48	48
35	65	37
35	70	49
35	71	36
35	76	46
35	77	34
35	78	31
35	80	39
35	83	40
35	85	35
35	88	32
35	89	34
35	91	39
35	96	49
35	100	40
35	101	39
35	104	41
35	108	34
35	112	41
35	114	39
35	117	41
35	123	42
35	125	31
35	126	45
35	127	30
35	130	45
35	131	49
35	132	40
35	134	46
35	135	31
35	144	35
35	146	39
35	149	35
36	37	31
36	43	31
36	49	36
36	54	44
36	55	35
36	59	39
36	60	40
36	61	39
36	63	39
36	64	36
36	65	36
36	67	50
36	79	35
36	82	33
36	86	44
36	88	45
36	91	33
36	94	41
36	96	41
36	100	48
36	108	46
36	110	32
36	113	38
36	116	30
36	120	36
36	121	49
36	123	45
36	124	34
36	125	34
36	130	36
36	135	33
36	137	33
36	139	48
36	140	32
36	142	35
36	144	42
36	148	45
37	43	31
37	46	45
37	50	36
37	57	37
37	59	40
37	64	44
37	65	50
37	74	44
37	75	32
37	76	33
37	78	46
37	82	47
37	89	50
37	95	33
37	99	37
37	104	30
37	105	33
37	111	48
37	117	50
37	121	42
37	129	45
37	130	33
37	133	31
37	138	34
37	144	47
38	40	45
38	43	49
38	48	39
38	49	47
38	50	38
38	59	34
38	60	36
38	62	47
38	64	36
38	76	47
38	87	38
38	92	39
38	93	48
38	97	40
38	98	35
38	106	35
38	108	40
38	112	31
38	115	41
38	116	42
38	120	31
38	126	32
38	133	42
38	136	31
38	138	33
38	140	38
38	143	43
39	46	35
39	49	41
39	65	46
39	78	31
39	82	47
39	87	39
39	89	42
39	94	47
39	95	42
39	102	46
39	103	39
39	108	50
39	109	35
39	111	33
39	115	49
39	124	47
39	128	49
39	130	34
39	134	38
39	144	44
39	149	43
40	43	38
40	46	39
40	49	49
40	51	46
40	58	40
40	62	31
40	66	40
40	68	41
40	72	45
40	80	37
40	83	35
40	84	50
40	86	37
40	87	48
40	89	45
40	94	30
40	95	37
40	96	48
40	102	46
40	103	34
40	107	50
40	110	31
40	113	34
40	114	36
40	115	50
40	122	33
40	123	48
40	124	32
40	132	44
40	136	41
40	143	41
40	147	30
41	42	37
41	47	46
41	49	36
41	52	32
41	54	48
41	57	30
41	58	44
41	59	50
41	60	45
41	62	44
41	63	47
41	64	46
41	67	39
41	76	46
41	78	33
41	79	49
41	83	42
41	84	32
41	86	32
41	87	40
41	91	47
41	92	49
41	93	38
41	94	31
41	104	32
41	108	41
41	110	44
41	111	33
41	112	40
41	114	46
41	115	34
41	125	49
41	127	40
41	131	36
41	134	48
41	136	44
41	137	40
41	141	38
41	146	46
41	149	37
42	43	45
42	47	38
42	49	33
42	54	30
42	56	46
42	64	32
42	67	35
42	68	40
42	74	42
42	80	35
42	87	33
42	88	35
42	90	34
42	92	30
42	93	47
42	94	34
42	95	35
42	107	46
42	109	36
42	111	31
42	115	39
42	116	44
42	119	46
42	121	49
42	124	42
42	127	45
42	130	48
42	131	49
42	135	46
42	138	37
42	140	42
42	147	48
42	149	46
43	44	39
43	50	50
43	56	48
43	57	35
43	59	40
43	60	41
43	61	50
43	62	40
43	68	44
43	70	50
43	71	44
43	72	36
43	76	30
43	78	38
43	86	38
43	87	33
43	89	33
43	91	44
43	94	50
43	102	50
43	103	50
43	105	42
43	113	44
43	119	33
43	120	39
43	125	42
43	128	31
43	129	34
43	133	48
43	135	44
43	137	48
43	138	35
43	143	33
43	144	47
43	149	35
44	46	44
44	47	43
44	53	34
44	58	39
44	60	38
44	65	37
44	67	43
44	69	43
44	72	47
44	73	43
44	77	37
44	83	33
44	89	42
44	90	37
44	92	37
44	97	30
44	102	38
44	104	47
44	112	33
44	114	48
44	117	31
44	121	37
44	122	33
44	125	37
44	126	47
44	130	38
44	135	44
44	136	38
44	140	30
44	142	44
45	46	41
45	55	33
45	57	47
45	62	38
45	63	48
45	70	50
45	71	41
45	81	37
45	82	44
45	83	50
45	86	38
45	88	44
45	90	48
45	94	50
45	100	40
45	105	47
45	110	36
45	113	37
45	124	36
45	126	43
45	137	33
45	138	37
45	139	47
45	141	43
45	145	46
45	147	33
45	149	31
46	47	38
46	50	38
46	52	50
46	59	49
46	62	32
46	63	47
46	64	35
46	65	45
46	67	35
46	68	48
46	69	41
46	70	49
46	75	32
46	78	42
46	83	42
46	85	35
46	90	30
46	95	45
46	96	36
46	97	45
46	98	33
46	100	45
46	105	43
46	112	49
46	115	37
46	118	39
46	121	45
46	125	49
46	126	49
46	127	40
46	135	46
46	138	43
46	140	50
46	148	37
47	55	45
47	63	44
47	66	39
47	68	30
47	71	33
47	72	33
47	74	45
47	77	48
47	78	50
47	82	49
47	83	31
47	84	39
47	92	32
47	94	30
47	102	49
47	105	33
47	109	43
47	116	48
47	120	46
47	122	33
47	126	48
47	130	39
47	131	46
47	134	34
47	135	44
47	137	42
47	141	34
47	142	33
47	143	33
47	145	49
47	146	31
47	148	30
47	149	50
48	50	33
48	53	42
48	60	36
48	64	50
48	66	39
48	67	49
48	70	44
48	71	48
48	78	40
48	80	48
48	81	49
48	89	44
48	92	46
48	97	50
48	99	38
48	103	44
48	107	39
48	108	44
48	109	49
48	110	33
48	112	40
48	120	32
48	122	49
48	127	33
48	129	43
48	130	30
48	140	34
48	142	49
48	146	39
48	147	43
48	149	38
49	50	40
49	55	49
49	60	46
49	63	39
49	65	43
49	66	38
49	68	43
49	70	40
49	72	45
49	74	40
49	75	43
49	78	48
49	80	49
49	81	30
49	84	33
49	87	32
49	88	30
49	91	50
49	92	37
49	96	40
49	97	46
49	98	37
49	101	32
49	105	50
49	106	45
49	114	36
49	118	30
49	119	47
49	125	32
49	129	32
49	131	42
49	136	39
49	139	36
49	146	37
49	148	33
50	53	48
50	55	41
50	59	42
50	61	33
50	65	50
50	66	50
50	71	47
50	76	31
50	78	50
50	80	43
50	82	43
50	83	42
50	91	45
50	92	38
50	96	49
50	97	50
50	99	45
50	103	39
50	104	37
50	111	31
50	119	38
50	120	42
50	121	45
50	123	46
50	125	35
50	126	33
50	128	39
50	133	38
50	136	50
50	137	43
50	139	44
50	143	50
50	145	40
50	147	41
50	149	43
51	54	48
51	55	50
51	56	39
51	61	41
51	63	32
51	64	42
51	68	43
51	73	35
51	77	43
51	78	31
51	82	37
51	83	33
51	84	32
51	86	46
51	89	47
51	90	45
51	93	38
51	97	38
51	99	41
51	104	40
51	107	32
51	108	39
51	112	31
51	115	45
51	119	40
51	123	31
51	124	43
51	128	36
51	130	44
51	134	47
51	139	49
51	141	47
51	146	32
51	148	40
51	149	46
52	54	36
52	55	43
52	58	36
52	60	38
52	75	39
52	81	50
52	84	31
52	86	46
52	93	30
52	96	42
52	107	31
52	108	32
52	111	46
52	112	50
52	114	46
52	120	48
52	122	33
52	123	50
52	126	48
52	130	38
52	132	30
52	133	42
52	134	46
52	141	41
53	57	30
53	60	30
53	61	38
53	65	50
53	66	32
53	68	41
53	74	40
53	75	34
53	79	46
53	80	40
53	81	39
53	82	32
53	83	48
53	86	47
53	87	43
53	88	50
53	89	50
53	91	32
53	100	41
53	101	31
53	102	30
53	103	50
53	105	40
53	108	36
53	110	31
53	116	35
53	125	50
53	129	46
53	130	48
53	132	38
53	133	39
53	140	42
53	141	49
53	144	33
53	145	36
53	147	43
53	149	31
54	55	31
54	57	44
54	59	47
54	66	50
54	68	40
54	73	30
54	75	48
54	76	47
54	77	30
54	83	30
54	84	35
54	85	41
54	86	40
54	94	38
54	95	35
54	96	31
54	98	34
54	99	34
54	100	43
54	103	47
54	108	31
54	112	32
54	113	41
54	115	37
54	121	46
54	122	46
54	123	43
54	126	44
54	131	48
54	132	31
54	133	40
54	134	39
54	141	42
54	149	33
55	63	46
55	65	44
55	68	32
55	87	42
55	89	32
55	95	35
55	101	36
55	102	31
55	103	34
55	105	42
55	108	49
55	109	42
55	110	45
55	111	48
55	112	50
55	117	45
55	118	46
55	119	41
55	121	30
55	128	45
55	131	35
55	132	40
55	133	39
55	142	33
55	144	40
55	148	35
56	59	44
56	61	31
56	63	49
56	64	30
56	65	35
56	72	39
56	89	35
56	92	37
56	93	48
56	97	38
56	99	31
56	100	41
56	104	37
56	113	34
56	114	50
56	117	33
56	120	43
56	125	43
56	130	33
56	133	36
56	140	46
56	147	48
57	58	47
57	59	32
57	60	35
57	63	34
57	65	39
57	70	32
57	75	46
57	77	47
57	79	31
57	80	37
57	81	45
57	83	36
57	87	30
57	89	38
57	91	47
57	101	48
57	111	30
57	116	30
57	119	32
57	122	32
57	123	33
57	127	50
57	133	48
57	141	48
57	145	33
57	146	44
57	149	33
58	60	36
58	63	32
58	64	46
58	65	46
58	69	44
58	70	34
58	72	30
58	74	38
58	75	46
58	84	36
58	91	35
58	93	47
58	96	41
58	97	36
58	98	38
58	105	37
58	119	39
58	129	45
58	132	46
58	136	37
58	138	40
58	140	35
58	141	34
58	146	37
58	147	39
58	149	38
59	61	39
59	64	36
59	69	42
59	73	35
59	77	46
59	78	45
59	79	38
59	81	44
59	82	46
59	88	46
59	91	31
59	96	40
59	99	45
59	100	37
59	103	50
59	110	37
59	117	37
59	120	33
59	125	44
59	131	45
59	132	47
59	134	37
59	139	32
59	143	32
60	62	47
60	63	30
60	65	41
60	81	32
60	87	49
60	91	32
60	95	37
60	97	40
60	105	31
60	106	48
60	110	50
60	112	49
60	113	30
60	114	40
60	117	38
60	127	36
60	131	43
60	135	31
60	137	41
60	138	39
60	140	40
60	142	30
60	146	40
61	64	38
61	65	48
61	67	32
61	77	48
61	79	42
61	80	41
61	82	34
61	84	35
61	86	36
61	91	49
61	97	41
61	99	44
61	101	32
61	106	41
61	107	46
61	112	40
61	113	41
61	115	41
61	117	32
61	119	45
61	121	42
61	128	43
61	131	38
61	138	30
61	141	41
61	147	44
61	148	50
61	149	32
62	63	45
62	64	47
62	65	46
62	66	34
62	70	45
62	72	32
62	73	39
62	74	42
62	79	41
62	80	49
62	81	48
62	86	31
62	87	46
62	91	39
62	93	37
62	94	33
62	96	42
62	98	44
62	103	44
62	106	35
62	113	31
62	114	46
62	116	38
62	118	39
62	122	50
62	126	30
62	131	32
62	136	36
62	142	34
63	64	48
63	65	47
63	66	32
63	68	35
63	69	30
63	70	42
63	71	39
63	77	45
63	78	36
63	82	39
63	85	45
63	89	45
63	94	39
63	95	31
63	98	44
63	100	41
63	103	49
63	104	34
63	107	38
63	108	35
63	110	33
63	114	34
63	119	33
63	120	38
63	122	44
63	127	32
63	130	37
63	133	38
63	135	30
63	140	30
63	141	43
63	144	36
63	148	50
64	82	39
64	84	50
64	86	41
64	91	45
64	97	32
64	98	35
64	100	43
64	101	44
64	102	50
64	106	39
64	109	39
64	113	35
64	114	31
64	117	47
64	119	30
64	122	43
64	123	42
64	124	31
64	126	31
64	130	31
64	135	34
64	137	47
64	138	49
64	140	49
64	143	37
64	144	33
64	145	40
64	148	33
65	67	33
65	76	32
65	83	40
65	84	46
65	88	32
65	90	43
65	97	35
65	101	39
65	102	31
65	104	46
65	107	43
65	114	31
65	115	43
65	118	33
65	121	42
65	123	47
65	128	45
65	129	49
65	133	47
65	138	48
65	140	39
65	144	42
65	145	47
65	146	49
66	68	46
66	73	33
66	82	33
66	85	50
66	86	31
66	96	31
66	104	33
66	105	44
66	106	38
66	110	38
66	111	43
66	112	47
66	115	37
66	116	33
66	120	46
66	121	49
66	129	32
66	130	45
66	131	33
66	134	47
66	138	41
66	141	36
66	142	30
66	144	40
66	146	31
66	147	37
66	148	38
66	149	38
67	74	35
67	76	44
67	77	41
67	86	33
67	87	31
67	96	42
67	103	47
67	105	44
67	106	40
67	108	44
67	117	40
67	118	40
67	119	46
67	124	32
67	127	41
67	128	43
67	131	34
67	134	48
67	136	40
67	141	45
67	142	42
67	146	47
67	148	30
67	149	43
68	74	32
68	76	45
68	79	32
68	80	31
68	84	41
68	91	35
68	92	32
68	95	50
68	98	43
68	99	31
68	101	39
68	102	32
68	103	50
68	105	33
68	112	37
68	117	36
68	122	35
68	126	31
68	129	35
68	130	31
68	131	31
68	133	47
68	136	45
68	145	49
68	147	40
68	149	41
69	74	36
69	76	47
69	78	44
69	79	46
69	80	37
69	82	41
69	90	36
69	97	48
69	98	42
69	100	42
69	101	38
69	105	43
69	106	46
69	107	35
69	111	32
69	112	39
69	114	30
69	115	38
69	117	49
69	118	34
69	123	35
69	125	46
69	126	49
69	130	39
69	143	50
69	147	32
69	149	31
70	76	50
70	82	48
70	85	40
70	90	40
70	91	40
70	95	36
70	98	39
70	109	40
70	112	43
70	114	31
70	115	50
70	121	35
70	123	38
70	124	50
70	130	45
70	131	41
70	141	35
70	147	44
70	149	37
71	72	50
71	74	43
71	75	42
71	82	35
71	84	41
71	87	34
71	88	30
71	89	43
71	101	33
71	105	34
71	106	50
71	107	30
71	114	33
71	118	33
71	125	32
71	130	42
71	131	30
71	137	45
71	139	50
71	149	37
72	74	37
72	76	40
72	80	46
72	81	46
72	82	35
72	84	47
72	85	41
72	87	38
72	90	38
72	92	44
72	98	38
72	99	35
72	100	47
72	103	37
72	105	40
72	106	39
72	109	42
72	110	33
72	119	34
72	120	39
72	123	38
72	129	45
72	132	33
72	133	32
72	134	33
72	135	43
72	141	31
72	143	49
72	144	34
72	145	48
72	147	31
73	81	31
73	86	45
73	87	34
73	89	39
73	90	50
73	92	50
73	93	38
73	99	43
73	101	41
73	102	43
73	108	47
73	109	32
73	110	44
73	115	48
73	117	33
73	125	38
73	127	41
73	135	50
73	137	48
73	146	35
74	76	50
74	79	39
74	80	42
74	84	49
74	85	49
74	97	37
74	110	37
74	113	41
74	116	32
74	120	46
74	122	44
74	131	39
74	132	39
74	133	46
74	137	32
74	138	44
74	139	49
74	140	47
74	141	40
74	144	32
74	148	32
75	76	41
75	77	43
75	78	36
75	83	37
75	96	47
75	98	33
75	100	46
75	101	41
75	102	50
75	103	40
75	106	34
75	114	34
75	115	33
75	119	50
75	122	35
75	124	50
75	128	43
75	133	38
75	141	33
75	144	31
76	77	46
76	79	36
76	82	33
76	83	39
76	85	41
76	86	42
76	87	30
76	90	30
76	96	31
76	97	38
76	104	47
76	108	31
76	109	42
76	111	40
76	113	40
76	114	40
76	116	42
76	118	30
76	129	46
76	130	40
76	137	42
76	139	41
76	140	32
77	78	50
77	81	36
77	84	33
77	86	40
77	111	33
77	114	50
77	117	48
77	119	43
77	123	43
77	131	39
77	133	43
77	138	35
77	144	48
77	147	49
78	82	32
78	88	41
78	89	46
78	90	42
78	100	31
78	102	38
78	104	38
78	108	46
78	113	34
78	118	42
78	119	30
78	120	41
78	123	37
78	124	45
78	129	39
78	132	33
78	134	47
78	141	44
78	148	35
79	80	49
79	83	43
79	85	49
79	91	38
79	94	46
79	96	46
79	97	42
79	101	49
79	102	41
79	103	43
79	104	40
79	107	36
79	111	34
79	112	44
79	113	30
79	114	42
79	115	44
79	116	30
79	117	30
79	119	49
79	122	47
79	124	40
79	127	36
79	135	37
79	137	46
79	144	31
80	87	30
80	89	48
80	100	32
80	101	49
80	102	30
80	104	45
80	105	49
80	109	49
80	119	34
80	122	36
80	124	50
80	126	48
80	128	34
80	129	41
80	133	48
80	135	32
80	136	33
80	140	38
80	141	32
80	144	41
81	82	44
81	85	38
81	86	44
81	95	47
81	97	39
81	99	50
81	101	33
81	105	38
81	108	49
81	109	50
81	114	30
81	128	36
81	129	32
81	130	35
81	131	46
81	135	33
81	137	49
81	142	38
81	149	50
82	85	38
82	90	44
82	96	42
82	98	45
82	99	44
82	101	42
82	103	44
82	107	41
82	111	32
82	112	47
82	115	42
82	121	30
82	124	33
82	132	47
82	134	38
82	135	38
82	136	36
82	140	31
83	84	49
83	85	37
83	86	34
83	89	36
83	90	41
83	93	31
83	94	35
83	95	38
83	101	40
83	109	36
83	119	32
83	120	42
83	122	43
83	124	49
83	130	36
83	132	44
83	133	50
83	138	46
83	140	46
83	142	32
83	144	43
83	147	49
83	149	40
84	87	42
84	88	32
84	97	40
84	100	32
84	101	43
84	102	49
84	108	45
84	111	35
84	113	42
84	114	44
84	116	34
84	117	41
84	119	47
84	122	47
84	130	41
84	136	49
84	137	48
84	138	40
84	139	42
84	140	48
84	141	37
84	142	46
84	147	50
85	89	37
85	90	32
85	98	34
85	100	39
85	102	43
85	105	32
85	107	43
85	108	34
85	113	41
85	119	43
85	121	46
85	127	42
85	131	43
85	132	45
85	135	30
85	141	45
85	142	42
85	143	43
85	145	41
85	147	32
86	87	41
86	89	36
86	91	33
86	93	35
86	98	49
86	99	32
86	106	40
86	108	31
86	110	47
86	111	45
86	113	36
86	114	44
86	120	43
86	122	31
86	123	33
86	127	40
86	133	31
86	134	44
86	136	49
86	139	37
86	142	44
86	146	42
87	93	34
87	94	47
87	95	36
87	96	31
87	98	46
87	105	43
87	106	41
87	107	34
87	108	45
87	113	42
87	116	49
87	120	36
87	123	32
87	126	41
87	129	36
87	131	37
87	135	40
87	136	36
87	139	36
87	144	40
88	92	45
88	95	45
88	98	38
88	99	45
88	101	32
88	103	38
88	106	43
88	110	33
88	111	31
88	117	50
88	122	43
88	127	42
88	128	36
88	130	48
88	133	30
88	139	30
88	148	49
88	149	46
89	96	38
89	106	34
89	107	47
89	110	35
89	114	39
89	131	30
89	134	33
90	92	44
90	93	44
90	94	42
90	95	50
90	98	32
90	102	32
90	108	38
90	116	35
90	119	36
90	120	49
90	122	44
90	126	41
90	134	34
90	135	34
90	139	38
90	146	42
90	148	50
91	93	40
91	94	37
91	97	33
91	98	32
91	103	49
91	114	43
91	127	40
91	131	35
91	139	37
91	141	48
91	143	45
91	145	34
91	149	37
92	94	42
92	98	40
92	102	47
92	105	30
92	113	34
92	115	49
92	116	46
92	119	38
92	120	44
92	121	41
92	122	42
92	128	40
92	129	44
92	137	49
92	144	49
92	145	32
92	146	37
92	147	30
93	94	45
93	96	41
93	99	33
93	105	46
93	110	31
93	112	40
93	114	45
93	115	48
93	117	31
93	118	32
93	127	36
93	129	42
93	131	42
93	133	50
93	135	41
93	138	41
93	141	32
93	143	30
93	145	45
93	149	41
94	101	34
94	105	36
94	106	34
94	110	48
94	113	44
94	114	44
94	125	35
94	131	30
94	133	41
94	136	37
94	141	42
94	142	32
94	145	35
94	147	31
94	148	47
94	149	32
95	99	42
95	100	36
95	116	48
95	118	46
95	120	37
95	121	30
95	122	48
95	129	34
95	130	36
95	137	50
95	146	50
95	148	50
95	149	49
96	108	34
96	113	37
96	114	39
96	116	42
96	117	42
96	120	42
96	122	37
96	123	34
96	124	33
96	125	32
96	127	43
96	130	33
96	135	38
96	136	45
96	138	45
96	140	48
96	142	39
96	145	40
96	146	37
96	147	41
96	148	35
97	106	50
97	107	46
97	113	50
97	115	44
97	126	42
97	130	48
97	132	45
97	134	38
97	139	38
97	141	50
97	147	39
97	148	40
97	149	43
98	99	40
98	100	46
98	101	42
98	104	47
98	106	40
98	110	40
98	118	42
98	120	31
98	137	44
98	138	37
98	139	32
98	141	36
98	143	45
98	144	48
98	146	46
98	147	44
99	100	39
99	103	50
99	108	49
99	117	35
99	122	43
99	123	36
99	126	33
99	128	33
99	129	47
99	135	30
99	136	44
99	137	49
99	141	46
99	143	39
100	103	48
100	104	30
100	106	31
100	109	41
100	110	48
100	117	39
100	121	45
100	122	34
100	125	37
100	127	46
100	130	45
100	135	33
100	138	36
100	139	30
100	144	48
100	145	43
100	148	32
100	149	41
101	103	37
101	104	47
101	109	39
101	111	44
101	112	39
101	113	35
101	118	36
101	119	39
101	121	36
101	125	32
101	129	48
101	130	38
101	134	33
101	138	34
101	140	42
101	142	35
101	143	31
101	145	31
101	146	43
102	106	31
102	111	47
102	113	41
102	114	43
102	120	44
102	126	42
102	130	35
102	140	38
102	141	33
102	144	41
102	147	33
102	148	32
103	108	39
103	111	40
103	119	40
103	124	40
103	125	41
103	132	43
103	136	43
103	139	49
103	140	35
103	143	33
103	145	39
104	105	36
104	107	47
104	113	48
104	115	48
104	119	46
104	132	50
104	135	47
104	142	34
104	146	43
104	149	48
105	107	46
105	113	41
105	117	35
105	119	46
105	120	40
105	124	42
105	125	33
105	127	33
105	130	48
105	134	30
105	138	34
105	140	40
105	141	47
105	145	38
105	147	46
106	107	48
106	110	37
106	114	40
106	117	32
106	125	47
106	128	30
106	130	46
106	147	36
107	109	37
107	121	37
107	123	30
107	126	43
107	129	34
107	137	39
107	141	40
107	144	46
108	111	43
108	112	34
108	117	40
108	121	50
108	123	30
108	125	40
108	129	42
108	136	30
108	138	31
108	149	50
109	111	42
109	120	48
109	122	49
109	124	50
109	127	38
109	128	44
109	134	30
109	135	49
109	140	36
109	141	44
109	143	37
109	145	36
109	148	50
109	149	45
110	119	50
110	122	33
110	123	47
110	127	45
110	128	33
110	129	35
110	134	36
110	136	46
110	137	35
110	141	38
110	145	44
110	147	48
111	115	34
111	116	45
111	121	40
111	122	34
111	125	34
111	128	47
111	131	49
111	136	42
111	138	43
111	142	31
111	145	35
111	147	43
112	114	40
112	117	37
112	122	32
112	124	33
112	129	35
112	132	43
112	136	30
112	137	46
112	138	50
112	144	36
112	145	47
113	114	41
113	117	36
113	120	49
113	122	43
113	127	37
113	131	34
113	137	47
113	140	32
113	142	31
113	144	44
114	115	39
114	116	45
114	122	49
114	126	38
114	130	40
114	133	41
114	137	50
114	139	34
114	140	37
114	145	38
114	148	32
115	116	45
115	117	33
115	120	45
115	121	48
115	123	42
115	124	49
115	128	47
115	129	49
115	139	41
115	140	34
115	146	36
115	147	32
116	120	43
116	121	46
116	122	42
116	125	48
116	128	35
116	130	33
116	138	43
116	139	30
116	142	39
116	149	43
117	127	45
117	128	34
117	134	36
117	135	30
117	138	30
117	140	45
117	141	48
118	119	50
118	120	31
118	121	43
118	123	31
118	124	49
118	127	31
118	130	47
118	131	37
118	134	44
118	135	42
118	140	38
118	141	38
118	142	34
118	146	37
118	148	31
119	123	37
119	130	33
119	132	37
119	133	38
119	135	34
119	139	33
119	142	35
119	144	48
119	146	44
119	147	37
120	122	34
120	125	50
120	130	32
120	139	34
120	141	47
120	143	46
120	144	44
121	123	34
121	124	44
121	125	36
121	131	43
121	135	32
121	137	37
121	139	40
121	144	30
121	147	44
122	125	43
122	126	32
122	128	32
122	129	41
122	134	50
122	136	33
122	143	30
122	148	31
123	129	39
123	137	41
123	139	33
123	142	41
123	147	50
123	148	50
124	127	49
124	128	40
124	129	34
124	140	47
124	141	45
124	142	48
124	147	33
125	131	44
125	134	32
125	138	34
125	139	31
125	141	37
126	130	34
126	132	41
126	134	47
126	135	31
126	136	41
126	138	34
126	141	45
126	147	44
127	129	42
127	130	50
127	136	34
127	138	33
127	141	33
127	146	37
127	148	40
127	149	50
128	129	34
128	130	42
128	131	30
128	133	45
128	137	46
128	138	47
128	139	34
128	148	41
128	149	41
129	131	45
129	133	48
129	135	30
129	136	43
129	143	39
129	147	37
130	131	35
130	132	45
130	133	43
130	137	38
130	140	44
130	141	42
130	149	48
131	132	37
131	134	42
131	136	31
131	138	38
131	140	43
131	144	47
131	146	33
131	149	40
132	136	47
132	137	33
132	141	34
132	143	31
132	144	46
132	146	48
132	148	34
133	134	36
133	135	44
133	139	43
133	141	41
133	142	43
133	144	39
133	146	50
134	135	48
134	139	43
134	141	39
134	142	40
134	143	33
134	145	38
134	147	50
135	146	33
135	148	40
136	137	30
136	139	35
137	142	46
137	143	34
137	148	35
138	143	37
138	146	43
139	140	44
139	142	31
139	147	30
139	148	36
139	149	44
140	145	50
140	148	35
141	144	49
141	145	36
141	146	38
142	143	50
142	146	42
143	144	46
143	146	31
143	147	32
144	145	37
144	146	42
144	148	37
146	147	50
146	148	31
148	149	35
