59972
59326
51281
59991
52361
53966
53879
56698
59356
58463
53133
55246
54434
52296
55344
59140
54572
54307
59392
57784
57160
58028
50928
55182
58651
58292
58296
52730
50592
56705
55931
56717
54118
51975
52896
51421
57833
54125
50341
56240
56607
52985
54461
52221
50733
54692
50961
59034
51195
55248
50836
59169
59105
52989
55844
55659
56140
59566
52610
52310
55335
59500
54931
55406
57655
50453
51399
57924
50298
58832
55408
54480
58922
53776
55384
56523
53612
55710
56379
51263
56902
56478
53539
57633
53565
57528
58814
50116
54981
50737
57870
50640
53553
59419
53798
57629
57716
53013
57728
51529
55786
50090
57091
54706
57646
54674
52690
58317
55513
50700
54725
57428
51919
54643
52303
55082
52085
50493
55189
51722
53963
51073
55098
51021
52887
52317
59677
52783
52336
50915
55701
54179
53678
58130
52897
57174
56130
54269
57519
54278
54284
53619
51533
59372
59165
57820
56163
50360
56543
51297
