184
171
179
168
170
133
176
192
139
175
124
180
131
169
125
167
116
133
131
102
126
171
134
148
178
170
180
177
135
137
185
178
178
100
164
166
105
160
163
186
181
186
141
123
156
114
132
153
138
110
192
130
101
142
132
100
179
141
126
166
152
182
192
193
179
193
135
168
153
128
160
146
108
115
151
161
130
106
120
128
141
186
113
120
177
181
116
156
151
139
121
182
118
167
112
130
128
189
107
139
122
165
188
189
185
143
174
188
104
197
120
127
118
147
200
158
156
178
180
151
157
155
100
177
140
136
100
184
131
180
192
140
140
130
149
148
116
190
153
109
105
197
141
148
175
191
159
109
166
112
111
174
161
192
199
172
136
166
174
186
103
167
198
174
142
197
113
108
108
185
178
131
122
110
192
112
137
178
156
150
194
170
152
118
166
173
189
137
172
149
196
170
131
186
100
109
149
176
174
137
124
125
171
126
151
143
113
145
195
162
113
174
112
176
190
107
118
150
110
147
168
126
172
189
141
131
142
135
178
164
180
111
148
198
136
115
109
196
140
119
165
195
185
171
117
177
110
165
137
140
189
139
187
111
133
107
194
128
135
155
117
127
137
135
135
139
167
113
198
154
179
123
169
118
111
156
196
108
155
139
199
177
135
200
184
104
165
155
108
152
190
136
200
165
192
112
134
111
144
190
147
188
178
117
187
127
110
100
183
121
116
151
200
179
155
125
194
131
126
108
179
154
137
148
101
131
135
108
196
160
137
181
177
183
120
129
151
199
125
135
119
129
173
175
176
133
115
139
100
191
139
141
146
189
181
152
170
110
159
149
105
125
114
198
187
124
120
167
169
173
100
165
173
125
172
138
200
194
109
112
118
103
101
157
169
129
169
114
154
150
139
175
154
185
148
110
128
199
162
129
