56226
56394
52954
55909
58752
53317
52257
50410
57653
59879
54671
55785
59314
54594
59674
54663
56104
58048
58845
54716
50308
51704
57517
58238
57814
50675
54428
53892
59724
58062
52188
52500
59966
53334
51199
56416
52526
50118
51795
53890
59131
56449
55396
59965
57167
57853
50438
58506
57230
56312
56955
58388
50017
59690
56952
50027
54126
55869
56868
59044
50986
54710
56602
51170
54223
57564
54496
55265
57109
56742
55393
59535
59263
54545
50641
50135
54769
57800
59577
58082
51497
53754
57321
59520
53541
56956
57182
53474
54432
51084
58334
51414
52488
58744
57219
53434
56933
53272
50620
52499
57966
56875
59262
58076
52906
55658
53205
56894
57751
57474
50524
56156
59445
59217
52012
53240
54843
52216
56835
57079
54151
50971
50863
57943
54795
50879
51449
53030
51907
57977
56290
50106
56739
53724
53339
59629
59532
53854
51540
55228
53751
54674
52272
58240
50326
53625
56115
57676
53268
51528
57498
50133
52328
53492
51775
50144
50106
52020
52372
55059
56910
57172
59303
50731
51794
52697
51733
54615
53094
59494
52611
58323
58144
52253
50054
51643
58216
58793
58392
58557
59405
50435
53708
52797
52220
54077
57709
52476
55395
50814
51879
52480
53864
52123
58870
55210
58965
50715
50222
59136
52498
56784
58980
55487
52993
59909
52331
56281
54854
56264
52817
59059
59537
53225
51456
58896
55037
53793
59543
58418
59946
52420
59506
52801
56270
50580
55849
54043
52670
50070
50515
56254
55357
58328
58732
50675
50246
54110
55782
51247
56931
54414
55500
56896
52092
50135
57033
53269
54255
59065
54278
59907
57036
59691
55022
53895
55734
50107
57965
59249
52678
55636
52446
52210
54949
58323
52407
55643
59939
51127
52074
57660
58290
55140
52518
57037
52762
51546
56227
54056
58819
52283
52037
56273
54034
58078
56046
57599
55037
55178
54967
56004
52835
50786
56752
57144
59726
55245
52138
53481
50040
56248
56839
57761
53165
57860
54707
54295
58593
54309
56993
54616
52007
58609
59429
58636
56207
51203
55153
58717
58477
53358
51019
58851
51808
56351
50726
54576
53430
57843
52883
53324
55140
53915
50893
58142
57260
55093
55207
58280
53173
53141
51145
57789
59288
55081
55325
50382
54658
52079
57306
57116
53260
55641
53700
59697
57140
55437
55186
58814
50135
57147
55270
58460
54240
58151
54780
57810
57419
51543
51672
53058
57805
58031
54183
56682
56036
54370
58832
50328
53948
52524
59775
56959
55808
51880
59395
51707
59540
53529
57775
53072
56992
52280
52886
56531
50384
58310
50386
54072
