138
170
144
105
163
188
106
178
109
197
182
199
200
148
165
123
185
129
110
126
168
192
197
116
121
141
150
113
118
100
175
123
123
181
100
167
195
144
148
158
167
143
131
105
146
182
197
186
163
192
189
170
160
164
168
197
109
176
184
126
124
109
184
150
187
130
152
171
148
164
107
114
200
158
116
178
158
126
182
137
109
200
126
181
197
196
147
130
190
138
104
107
158
158
174
146
118
167
166
128
149
124
147
154
169
126
115
153
108
195
177
147
159
195
190
180
174
142
191
186
151
160
116
156
170
131
154
169
109
153
154
155
132
133
116
109
143
151
196
168
127
111
157
110
137
197
154
174
189
123
200
171
162
119
130
119
113
115
145
152
137
153
186
129
125
128
140
191
101
167
160
117
114
189
185
102
171
182
169
193
145
163
191
123
124
115
193
195
125
130
179
174
112
154
165
117
111
120
104
128
