123
170
133
109
172
194
176
185
180
164
113
194
134
135
109
160
191
186
129
159
110
136
166
149
192
129
162
140
118
189
127
105
149
198
135
181
156
177
167
132
160
197
120
133
191
197
176
194
131
171
123
113
136
177
155
167
179
170
137
140
181
183
114
153
132
175
179
139
135
179
150
102
143
187
112
199
197
199
189
137
115
142
158
183
147
165
120
177
135
131
175
106
183
181
125
166
121
146
144
101
146
185
101
200
125
141
187
181
136
129
174
146
153
198
162
146
109
198
181
167
185
154
193
153
126
161
169
165
189
132
186
195
134
152
192
107
117
165
109
134
171
122
122
121
126
174
111
159
129
138
122
186
139
104
190
199
200
179
195
136
104
180
180
172
185
114
154
140
104
106
115
147
189
189
110
188
177
111
183
132
180
131
100
126
174
118
176
127
117
141
190
166
166
127
106
115
183
162
142
132
100
199
109
178
123
165
123
112
142
192
154
119
112
152
149
150
133
133
167
166
142
126
184
200
174
193
160
120
140
145
136
158
173
111
166
193
191
105
128
141
151
142
191
152
120
198
188
126
106
116
170
116
123
104
135
132
113
127
101
136
184
180
168
152
112
115
197
156
130
156
144
168
114
186
157
153
160
134
192
169
139
184
167
125
104
172
149
140
123
180
173
186
136
137
112
178
128
105
196
162
156
172
124
146
101
154
145
118
189
122
102
115
182
165
191
199
138
144
141
168
117
149
150
103
173
178
156
174
112
119
190
167
141
142
184
103
103
119
130
158
192
109
170
189
109
122
185
151
190
140
190
131
177
156
193
150
107
117
112
104
149
177
141
175
143
175
155
148
174
188
130
118
118
107
104
132
115
137
151
110
108
162
184
106
155
192
147
172
197
147
121
199
130
143
168
163
103
111
157
115
