51589
50725
55457
58746
56869
55040
59281
54276
53157
54947
57148
59890
58321
56247
59949
58988
51773
59046
58163
53760
56002
57468
58608
59366
56185
53445
52357
51798
56405
53626
59305
54837
55771
53528
52510
55855
56035
56136
58017
50298
56034
52197
59609
50105
55909
50688
52377
52950
59181
58667
56426
53645
52895
54194
55948
51598
50112
55960
58144
50591
54169
53278
58461
54534
54707
58210
55539
51613
55134
53488
51879
59224
59461
56870
57593
57692
51871
51187
54288
54433
56851
50197
53060
55583
54209
54068
58513
58675
52168
50864
53672
58087
56633
58574
58342
53810
52143
57981
54526
53601
55168
50222
55645
58513
56544
53917
53163
54543
56915
51312
58048
50777
58039
50787
52768
52926
51491
52373
55454
58244
58146
50197
50087
55633
50661
52770
56269
50289
50178
59594
52389
56529
59587
57851
57599
51204
58027
50394
55996
58202
52972
57418
50286
53427
52113
52908
53149
52457
54587
57505
57629
55353
56783
55513
59323
59382
59633
51803
56596
59288
51711
57811
57270
55342
53657
54862
52855
56240
58807
52078
55232
52859
59646
55428
54685
56741
58151
58974
54965
57088
59972
52047
54686
55784
58739
54089
50544
54642
59013
52890
53431
58366
54070
51378
51550
56563
59180
58884
53163
58367
52100
59004
58025
54315
56348
53286
57421
59260
51392
52919
57464
53370
58820
52109
58724
53016
51442
59777
57231
52106
58529
51654
58410
57755
56107
58944
58439
55848
58461
58681
51433
59597
51993
58321
56702
52320
59690
57782
56166
51666
51289
51353
59049
53176
55942
50066
52412
55263
53330
56694
58907
50710
58625
55531
52751
50478
57592
53569
54787
53506
59184
53752
56638
59246
52617
59727
54203
50857
56598
52705
51090
58938
52452
59061
51204
59100
52731
58840
52099
59611
53105
57525
57109
52842
51494
52866
57049
58751
58307
56966
56942
59058
58481
55373
57717
52627
52349
53169
52231
53937
54015
57794
58179
52203
58810
53004
56244
50802
56288
52088
57608
56831
53507
51230
52444
50205
56957
56679
57830
50541
57385
55381
51550
53662
53948
52480
55853
53508
59461
55192
57704
50911
51793
51954
59075
55441
56999
50803
55692
54653
56281
57083
54508
59092
50446
56245
54750
53201
57812
53217
52670
58876
58865
50936
55974
53415
51161
56659
59303
59880
50802
50983
54239
55240
52798
50596
57190
54691
58502
51984
59924
54566
51635
51009
50714
50772
50306
51398
56442
55286
51771
57166
59059
51636
58120
56551
57894
59369
58718
52949
52474
51892
53488
58801
57450
55752
50538
54936
51182
53236
