0 1 44
0 2 19
0 3 3
0 4 94
0 5 55
0 6 95
0 7 44
0 8 49
0 9 43
0 10 33
0 11 34
0 12 16
0 13 21
0 14 70
0 15 62
0 16 12
0 17 30
0 18 49
0 19 27
0 20 64
0 21 63
0 22 82
0 23 53
0 24 69
0 25 14
0 26 50
0 27 52
0 28 59
0 30 19
0 33 72
0 34 79
0 35 26
0 36 86
0 37 55
0 38 50
0 39 41
0 40 85
0 42 18
0 44 8
0 45 97
0 49 51
0 50 30
0 52 7
0 53 29
0 55 43
0 56 12
0 57 10
0 58 19
0 64 13
0 66 50
0 74 60
0 77 57
0 80 23
0 81 23
0 83 11
0 87 77
0 92 23
0 93 58
0 96 35
0 97 17
0 98 47
1 20 37
1 21 21
1 22 47
1 24 65
1 26 66
1 29 49
1 30 80
1 32 51
1 34 67
1 39 39
1 43 62
1 47 80
1 49 100
1 52 59
1 54 12
1 56 17
1 59 15
1 64 71
1 67 86
1 71 97
1 85 51
2 20 51
2 21 22
2 22 89
2 23 100
2 24 35
2 26 32
2 31 57
2 37 26
2 43 43
2 44 81
2 49 44
2 50 36
2 57 78
2 59 47
2 62 54
2 63 28
2 68 96
2 72 80
2 73 55
2 76 82
2 77 9
2 78 95
3 20 37
3 21 83
3 22 86
3 24 52
3 25 41
3 26 23
3 28 3
3 29 75
3 30 25
3 32 44
3 33 7
3 34 89
3 35 100
3 36 95
3 39 98
3 40 51
3 43 81
3 44 71
3 45 61
3 49 71
3 50 77
3 51 49
3 54 17
3 59 97
3 61 30
3 64 43
3 71 53
3 72 33
3 73 36
3 78 77
3 83 5
3 88 94
3 94 99
3 97 72
3 98 45
4 20 52
4 21 51
4 22 89
4 23 33
4 24 56
4 25 26
4 26 58
4 27 39
4 28 40
4 29 84
4 30 93
4 36 74
4 37 1
4 43 38
4 46 73
4 48 2
4 49 36
4 53 80
4 54 22
4 56 27
4 58 37
4 68 59
4 70 88
4 71 3
4 73 37
4 74 67
4 77 51
4 83 39
4 87 77
4 92 50
4 94 92
4 96 42
4 97 83
4 98 36
5 20 42
5 21 56
5 22 64
5 23 98
5 25 35
5 27 12
5 28 39
5 33 32
5 34 97
5 35 5
5 36 65
5 38 74
5 41 96
5 43 66
5 45 81
5 51 22
5 53 23
5 55 42
5 56 88
5 58 65
5 59 60
5 67 67
5 80 79
5 82 18
5 86 54
5 88 89
5 90 97
6 20 78
6 21 58
6 22 14
6 23 48
6 26 87
6 28 43
6 29 75
6 32 60
6 34 80
6 35 11
6 38 55
6 42 37
6 44 23
6 45 22
6 46 92
6 49 81
6 55 60
6 63 80
6 70 35
6 75 56
6 85 27
6 90 90
6 92 92
6 95 93
6 96 42
6 97 98
7 20 55
7 21 92
7 22 61
7 23 5
7 24 83
7 25 74
7 26 63
7 27 90
7 30 18
7 33 84
7 37 60
7 38 54
7 39 49
7 41 33
7 47 55
7 48 40
7 57 70
7 58 28
7 63 25
7 64 94
7 69 19
7 70 47
7 71 12
7 73 86
7 79 28
7 80 22
7 85 2
7 87 1
7 98 63
8 20 10
8 21 30
8 22 18
8 23 19
8 24 52
8 25 10
8 26 88
8 27 29
8 28 79
8 29 22
8 30 53
8 31 29
8 34 28
8 43 48
8 45 3
8 46 55
8 47 87
8 48 85
8 51 28
8 53 99
8 57 15
8 70 5
8 72 51
8 85 24
8 94 34
9 20 65
9 21 17
9 22 17
9 23 22
9 25 88
9 26 84
9 28 22
9 29 73
9 31 75
9 32 6
9 36 66
9 37 63
9 39 80
9 40 29
9 43 4
9 44 82
9 49 23
9 50 55
9 51 71
9 54 2
9 59 9
9 60 2
9 75 4
9 82 94
9 84 36
9 85 40
10 20 59
10 21 92
10 22 6
10 23 82
10 24 7
10 25 10
10 28 5
10 36 36
10 42 40
10 45 2
10 51 67
10 55 46
10 57 20
10 58 4
10 59 88
10 60 28
10 75 44
10 79 1
10 80 62
11 22 44
11 23 30
11 25 59
11 27 62
11 47 100
11 49 96
11 51 44
11 62 45
11 63 37
11 81 21
11 93 88
11 95 43
11 98 49
12 20 45
12 21 75
12 23 51
12 24 76
12 25 53
12 27 33
12 29 5
12 30 74
12 31 17
12 33 19
12 36 46
12 38 14
12 40 71
12 41 1
12 42 78
12 44 38
12 46 78
12 47 2
12 49 51
12 50 85
12 52 96
12 53 25
12 55 34
12 59 69
12 67 49
12 70 68
12 77 75
12 81 89
12 90 86
12 92 16
12 96 42
13 20 95
13 23 85
13 24 30
13 25 45
13 26 74
13 27 72
13 29 48
13 35 1
13 36 17
13 38 3
13 40 83
13 41 95
13 42 54
13 43 11
13 56 36
13 68 67
13 81 85
13 82 29
13 85 4
13 88 21
13 89 7
13 90 39
13 91 63
13 98 93
13 99 64
14 20 58
14 21 77
14 23 92
14 24 45
14 26 71
14 27 86
14 29 51
14 31 39
14 32 51
14 34 97
14 35 22
14 39 79
14 40 1
14 41 43
14 45 42
14 48 35
14 51 57
14 52 54
14 54 88
14 56 44
14 64 68
14 65 79
14 66 85
14 71 67
14 76 93
14 94 70
15 20 95
15 21 35
15 22 82
15 24 58
15 25 14
15 26 42
15 27 35
15 28 7
15 32 21
15 33 10
15 34 87
15 37 23
15 39 80
15 48 87
15 50 35
15 54 29
15 55 57
15 60 13
15 73 81
15 80 8
15 88 84
15 90 33
15 91 21
15 96 76
15 98 74
15 99 41
16 20 81
16 21 76
16 22 5
16 23 28
16 24 11
16 25 87
16 26 44
16 29 98
16 31 23
16 34 76
16 37 89
16 42 95
16 44 72
16 46 19
16 50 72
16 51 99
16 57 77
16 62 5
16 63 34
16 66 40
16 96 23
17 20 60
17 21 63
17 22 16
17 23 42
17 24 18
17 26 94
17 28 15
17 29 65
17 30 2
17 31 39
17 32 1
17 33 86
17 35 5
17 38 39
17 39 43
17 68 18
17 69 97
17 80 79
17 81 19
17 84 48
17 85 75
17 87 26
17 90 34
17 92 70
17 95 66
17 99 99
18 20 65
18 21 25
18 22 23
18 24 80
18 25 76
18 26 77
18 27 46
18 30 13
18 31 18
18 35 84
18 38 26
18 39 47
18 41 73
18 42 13
18 44 40
18 48 54
18 51 39
18 53 30
18 56 74
18 59 18
18 64 98
18 65 8
18 67 25
18 82 20
18 91 21
18 94 43
18 97 43
18 98 65
19 20 72
19 21 9
19 22 86
19 23 72
19 27 36
19 28 11
19 30 37
19 33 18
19 34 34
19 39 72
19 41 41
19 47 89
19 52 7
19 59 99
19 64 13
19 72 66
19 74 52
19 78 48
19 87 89
20 21 9
20 22 17
20 23 56
20 24 73
20 25 19
20 27 22
20 28 52
20 29 84
20 30 61
20 31 11
20 32 84
20 33 37
20 35 33
20 37 59
20 38 99
20 39 48
20 40 100
20 41 37
20 42 83
20 46 98
20 47 70
20 49 54
20 50 74
20 51 41
20 52 88
20 53 5
20 54 96
20 58 28
20 64 86
20 66 67
20 67 65
20 69 2
20 74 8
20 83 21
20 85 63
20 86 3
20 91 36
20 92 6
20 99 17
21 22 44
21 23 90
21 24 29
21 25 83
21 27 24
21 28 53
21 29 73
21 30 47
21 31 21
21 32 49
21 33 20
21 35 27
21 36 70
21 37 41
21 38 25
21 41 44
21 42 15
21 43 2
21 44 14
21 45 90
21 46 95
21 47 3
21 49 22
21 50 38
21 51 68
21 54 10
21 55 48
21 56 20
21 59 58
21 62 95
21 63 42
21 66 38
21 68 14
21 72 73
21 73 34
21 75 13
21 81 15
21 82 26
21 83 84
21 86 89
21 88 42
21 91 91
21 93 3
21 95 29
22 23 86
22 24 97
22 25 24
22 26 67
22 27 91
22 28 51
22 29 32
22 30 38
22 31 47
22 32 34
22 33 96
22 34 96
22 35 87
22 36 70
22 37 22
22 38 54
22 41 71
22 42 5
22 43 45
22 44 25
22 46 10
22 48 95
22 50 52
22 52 56
22 55 33
22 57 36
22 58 87
22 62 1
22 66 75
22 67 26
22 74 37
22 75 26
22 81 75
22 82 18
22 83 51
22 96 35
23 24 40
23 25 21
23 26 26
23 27 7
23 28 82
23 29 10
23 30 77
23 31 50
23 32 80
23 33 7
23 35 18
23 36 94
23 37 61
23 39 21
23 40 34
23 41 47
23 42 93
23 43 42
23 45 35
23 46 30
23 52 65
23 54 33
23 56 21
23 60 22
23 61 90
23 64 29
23 65 82
23 66 12
23 67 83
23 68 69
23 69 66
23 71 65
23 74 78
23 75 32
23 78 73
23 79 89
23 80 86
23 82 39
23 84 98
23 86 62
23 89 50
23 92 53
23 93 32
23 96 33
24 25 66
24 26 93
24 27 10
24 28 85
24 29 1
24 30 85
24 31 6
24 32 96
24 33 66
24 35 1
24 36 62
24 37 50
24 40 54
24 41 94
24 42 91
24 44 14
24 45 29
24 47 25
24 48 64
24 50 51
24 53 48
24 55 68
24 57 68
24 58 34
24 59 49
24 63 31
24 64 17
24 66 78
24 67 4
24 68 4
24 69 95
24 71 79
24 72 78
24 76 43
24 79 94
24 83 63
24 88 24
24 89 71
24 94 11
24 98 10
24 99 73
25 26 91
25 27 72
25 28 83
25 29 25
25 30 38
25 31 65
25 32 20
25 33 20
25 35 7
25 36 21
25 37 31
25 38 91
25 39 72
25 40 58
25 43 82
25 44 40
25 45 33
25 47 79
25 48 23
25 50 9
25 53 33
25 55 49
25 56 97
25 57 73
25 59 10
25 60 46
25 61 17
25 62 87
25 65 70
25 67 24
25 73 14
25 78 30
25 79 27
25 80 54
25 83 81
25 84 79
25 92 31
25 94 64
25 98 60
25 99 77
26 27 58
26 28 84
26 29 27
26 30 67
26 31 25
26 32 14
26 33 29
26 34 22
26 36 88
26 38 39
26 39 2
26 42 85
26 45 10
26 48 4
26 52 35
26 55 49
26 56 23
26 57 63
26 60 57
26 61 28
26 62 54
26 64 46
26 65 50
26 66 56
26 70 31
26 71 75
26 74 52
26 78 91
26 79 79
26 80 21
26 81 82
26 82 14
26 84 54
26 85 31
26 89 81
26 93 49
26 98 4
27 28 100
27 29 16
27 30 71
27 31 75
27 32 54
27 33 39
27 34 19
27 35 32
27 36 9
27 37 58
27 38 28
27 39 38
27 41 41
27 42 91
27 43 7
27 46 39
27 47 63
27 48 84
27 49 6
27 50 61
27 51 31
27 56 92
27 57 21
27 59 49
27 62 99
27 65 96
27 68 28
27 69 58
27 74 35
27 75 3
27 76 65
27 78 74
27 79 67
27 81 87
27 86 82
27 91 10
27 94 36
27 95 97
27 97 100
28 30 57
28 31 47
28 32 75
28 33 62
28 34 23
28 35 98
28 36 95
28 37 21
28 38 65
28 40 17
28 42 55
28 43 17
28 46 97
28 47 99
28 48 56
28 49 87
28 51 54
28 52 62
28 53 5
28 54 94
28 55 55
28 56 16
28 57 75
28 59 38
28 60 37
28 61 53
28 62 68
28 65 12
28 66 57
28 69 86
28 71 21
28 72 18
28 73 55
28 76 41
28 81 48
28 84 36
28 86 34
28 87 20
28 90 67
28 93 13
28 95 7
29 31 88
29 32 38
29 33 81
29 34 44
29 35 25
29 36 98
29 37 53
29 39 70
29 40 7
29 41 63
29 42 81
29 44 16
29 47 16
29 49 44
29 53 95
29 55 38
29 59 53
29 61 95
29 64 61
29 66 46
29 67 66
29 68 86
29 70 46
29 77 66
29 78 70
29 80 88
29 82 42
29 84 1
29 87 83
29 88 93
29 91 96
29 93 96
30 31 37
30 32 16
30 33 4
30 34 7
30 35 65
30 37 32
30 38 38
30 40 59
30 45 11
30 46 53
30 48 31
30 54 44
30 57 29
30 58 92
30 60 81
30 61 57
30 63 25
30 64 94
30 71 6
30 73 58
30 75 38
30 76 19
30 77 93
30 78 99
30 90 3
30 91 100
30 95 2
30 97 45
30 99 13
31 32 77
31 34 30
31 35 64
31 37 72
31 38 19
31 39 44
31 40 58
31 41 14
31 43 66
31 44 3
31 45 60
31 46 51
31 49 55
31 50 26
31 52 60
31 54 83
31 55 71
31 56 32
31 60 78
31 63 97
31 69 9
31 70 3
31 72 92
31 73 27
31 75 45
31 77 64
31 80 70
31 81 45
31 84 39
31 92 47
31 94 6
31 96 51
31 97 67
32 34 81
32 36 37
32 39 14
32 40 56
32 43 34
32 46 27
32 52 71
32 54 21
32 61 35
32 62 30
32 65 93
32 67 85
32 69 93
32 72 93
32 76 67
32 82 98
32 84 79
32 86 42
32 89 40
32 91 78
33 34 67
33 40 17
33 45 3
33 47 75
33 48 77
33 50 43
33 53 27
33 54 85
33 55 44
33 60 20
33 61 55
33 66 82
33 67 39
33 71 8
33 78 55
33 79 85
33 81 72
33 86 43
33 89 72
33 90 15
33 91 96
33 93 31
33 96 95
34 36 71
34 38 5
34 42 45
34 47 38
34 48 24
34 51 27
34 55 24
34 57 28
34 59 70
34 60 13
34 62 65
34 63 60
34 68 7
34 69 16
34 71 82
34 74 58
34 75 15
34 77 57
34 80 25
34 81 33
34 84 2
34 86 83
34 89 51
34 91 79
34 93 86
34 94 28
35 37 93
35 38 8
35 43 47
35 44 29
35 48 11
35 50 31
35 52 48
35 53 2
35 56 30
35 58 23
35 60 31
35 63 5
35 65 25
35 68 8
35 70 96
35 71 91
35 74 40
35 75 48
35 78 1
35 79 13
35 91 50
35 92 21
35 94 71
36 39 78
36 41 82
36 44 56
36 60 76
36 68 54
36 72 71
36 76 3
36 79 20
36 86 14
36 99 36
37 40 32
37 41 46
37 42 34
37 44 14
37 46 24
37 47 43
37 52 95
37 53 11
37 54 80
37 56 9
37 57 43
37 58 84
37 61 56
37 64 17
37 66 45
37 69 48
37 72 92
37 73 63
37 76 29
37 81 94
37 86 27
37 88 31
37 92 37
37 95 19
37 98 29
38 40 88
38 41 74
38 45 31
38 46 3
38 49 28
38 51 58
38 57 16
38 61 16
38 63 45
38 64 87
38 65 24
38 66 80
38 70 36
38 71 19
38 72 34
38 76 49
38 83 63
38 86 88
38 88 45
38 90 26
39 40 68
39 44 70
39 45 31
39 54 42
39 57 33
39 58 22
39 63 100
39 66 45
39 72 24
39 86 55
39 89 77
39 90 47
40 41 70
40 43 14
40 45 65
40 47 31
40 52 13
40 54 67
40 58 1
40 59 77
40 62 75
40 64 44
40 72 9
40 73 49
40 74 25
40 75 88
40 76 99
40 78 21
40 80 97
40 83 61
40 88 93
40 90 68
40 91 59
40 94 26
40 95 46
40 96 41
41 42 47
41 44 52
41 45 34
41 46 60
41 50 97
41 51 39
41 58 82
41 62 11
41 66 100
41 68 72
41 69 31
41 73 97
41 77 58
41 80 94
41 82 69
41 84 67
41 88 39
42 43 52
42 46 59
42 48 93
42 50 20
42 52 56
42 55 32
42 58 25
42 60 14
42 62 21
42 64 65
42 65 97
42 67 34
42 70 58
42 73 43
42 74 33
42 79 39
42 89 32
42 92 6
42 99 48
43 46 90
43 48 48
43 49 73
43 51 85
43 52 33
43 53 31
43 55 90
43 58 81
43 60 68
43 62 83
43 69 100
43 71 63
43 76 47
43 77 32
43 83 11
43 86 88
43 89 13
43 93 75
43 98 75
44 48 13
44 52 58
44 57 98
44 62 22
44 65 9
44 68 55
44 82 36
44 86 53
44 88 89
44 93 86
44 95 63
45 47 6
45 50 93
45 55 12
45 61 83
45 63 45
45 64 51
45 65 14
45 71 51
45 72 99
45 76 40
45 78 20
45 85 16
45 87 62
45 94 4
45 95 45
46 47 41
46 51 79
46 53 25
46 61 6
46 62 11
46 63 33
46 66 47
46 68 47
46 69 21
46 70 12
46 72 20
46 78 65
46 79 72
46 80 54
46 81 49
46 87 83
46 88 18
46 89 45
46 99 28
47 49 30
47 52 91
47 56 32
47 58 96
47 62 24
47 65 65
47 70 94
47 74 31
47 75 80
47 78 70
47 79 35
47 83 71
47 94 45
48 49 71
48 51 11
48 53 27
48 54 59
48 63 81
48 65 73
48 77 2
48 93 23
48 97 23
48 98 45
49 53 3
49 58 68
49 59 76
49 60 45
49 61 76
49 63 56
49 69 23
49 70 20
49 76 51
49 84 80
49 89 63
49 97 11
50 53 5
50 60 48
50 61 1
50 67 30
50 70 1
50 76 11
50 77 12
50 79 86
50 85 97
50 90 21
50 91 42
51 54 47
51 57 65
51 59 62
51 63 98
51 73 27
51 75 74
51 85 48
51 86 68
51 87 54
51 93 42
51 94 45
51 98 89
52 56 37
52 67 39
52 70 26
52 77 84
52 78 91
52 88 99
52 95 51
52 98 79
53 56 71
53 61 4
53 67 54
53 68 40
53 74 29
53 75 51
53 76 48
53 87 90
53 96 83
54 67 6
54 68 88
54 69 49
54 78 95
54 87 66
54 92 22
54 93 84
54 97 35
54 99 43
55 60 12
55 64 41
55 65 99
55 72 23
55 73 64
55 74 47
55 78 71
55 83 86
55 89 44
55 92 72
55 97 25
56 58 75
56 60 39
56 61 51
56 75 29
56 84 67
56 95 54
56 99 15
57 61 82
57 65 54
57 70 84
57 80 70
57 82 29
57 87 8
57 97 18
58 65 51
58 70 73
58 75 4
58 78 42
58 89 22
58 97 19
59 67 37
59 71 61
59 89 85
59 90 12
59 96 88
59 99 10
60 61 1
60 63 2
60 73 41
60 74 21
60 76 89
60 77 48
60 79 59
60 80 17
60 82 75
60 88 7
60 92 59
60 93 50
61 62 43
61 66 91
61 76 54
61 77 2
61 83 96
61 89 23
61 90 88
61 91 91
61 93 67
61 94 64
61 95 51
62 74 84
62 83 10
62 86 91
62 96 92
63 65 22
63 66 15
63 68 74
63 69 18
63 72 27
63 80 10
63 82 94
63 83 25
63 85 96
63 87 3
63 89 17
63 90 11
64 67 82
64 70 59
64 72 5
64 73 20
64 75 60
64 84 62
64 91 49
65 71 11
65 77 60
65 87 56
65 90 76
65 91 6
65 99 88
66 68 8
66 69 51
66 73 92
66 79 8
66 81 68
66 82 92
66 87 18
66 92 7
66 96 93
67 69 80
67 82 70
67 83 13
67 84 44
67 88 91
67 94 58
67 95 64
67 98 77
67 99 32
68 97 92
68 99 87
69 71 69
69 85 19
69 98 22
70 75 22
70 76 2
70 77 33
70 85 43
70 87 42
70 88 35
70 90 22
70 94 100
70 97 92
71 74 63
71 79 45
71 85 73
72 74 96
72 84 20
72 85 26
72 87 75
72 91 47
73 79 29
73 85 81
73 86 80
73 93 99
74 77 71
74 81 45
74 82 22
74 84 48
74 93 20
74 97 95
75 85 33
75 89 44
75 94 72
76 77 45
76 82 62
76 98 96
77 79 53
77 81 50
77 83 12
77 96 13
77 97 25
78 81 95
78 92 68
78 96 51
79 80 36
79 86 37
79 89 21
79 92 91
79 97 39
80 83 2
81 84 16
81 96 95
82 92 16
82 95 9
83 84 22
83 87 8
83 88 65
83 93 95
83 96 45
84 88 48
84 95 7
84 99 18
86 91 3
88 90 99
89 95 56
90 95 34
91 99 33
98 99 95
