54595
53679
55733
59106
59801
56957
53683
58636
59244
55429
57116
58715
56845
56504
53807
56004
52432
51198
52585
54462
53445
57020
53825
55049
52908
50890
57168
52241
54654
55940
56726
54147
52791
58928
56443
52480
57681
55368
54198
50974
52221
51054
56973
57477
54357
50543
51699
59450
58920
53983
51414
54435
54335
50195
57190
56575
55866
58070
58209
52141
50702
53688
58813
57756
52553
57335
55667
52765
57207
52835
53416
52024
55579
54483
56323
50105
54057
50375
53050
50862
55455
59205
58544
54913
53442
50022
56446
53220
53910
56222
51845
55611
54497
53765
58378
57311
51581
59117
50019
52432
