117
125
167
160
110
129
129
159
135
170
118
136
188
116
126
107
181
101
103
107
191
104
168
142
152
109
102
106
119
160
141
146
171
105
132
196
156
130
198
137
134
120
114
168
166
175
111
144
187
119
168
200
102
185
116
189
121
195
130
178
162
127
173
151
127
180
186
125
200
128
197
175
152
126
175
123
144
105
192
183
165
135
116
116
200
190
175
191
126
188
117
191
100
137
168
168
108
197
152
149
169
149
173
183
193
167
124
158
196
187
112
124
199
118
104
145
104
133
168
117
147
170
190
141
110
162
170
192
112
195
104
127
158
169
198
147
157
150
120
135
182
127
117
113
145
176
132
133
181
112
198
176
184
175
160
181
138
172
179
166
143
128
174
126
132
179
101
136
160
100
149
155
195
190
187
114
152
157
159
109
166
195
122
152
101
181
177
102
120
192
169
194
121
110
150
120
112
109
179
199
