129
144
140
112
108
140
146
163
154
151
114
173
178
186
157
125
136
109
108
167
107
155
196
168
180
120
139
198
103
134
175
151
114
180
102
127
106
140
153
187
113
130
188
188
177
147
184
179
134
118
159
128
186
136
175
168
144
136
112
101
140
118
197
134
167
178
132
125
179
147
123
116
131
165
181
129
116
169
117
158
114
101
130
117
186
178
170
193
153
200
161
142
163
176
169
183
129
144
135
146
166
129
150
177
110
153
151
182
147
142
112
169
173
138
182
167
131
174
198
118
122
148
136
111
102
196
124
149
172
112
106
164
148
126
165
151
183
118
111
134
161
125
136
101
199
137
126
149
164
146
176
170
100
109
104
190
172
138
161
113
178
141
114
188
101
143
115
129
137
191
191
103
190
143
119
169
131
197
179
130
183
148
138
148
169
152
112
140
114
187
181
165
112
124
110
136
193
142
147
143
168
122
176
173
183
138
152
166
169
164
182
171
196
200
152
154
124
191
109
132
200
136
180
119
137
150
189
137
138
176
124
158
112
167
131
187
115
193
151
115
111
152
192
159
130
109
152
129
168
143
164
189
156
189
191
119
122
164
126
142
111
188
166
178
130
183
162
138
111
108
127
179
110
146
134
167
121
173
182
167
189
128
192
173
108
183
184
176
131
134
114
100
195
168
141
129
198
166
121
106
