54994
56350
53932
52509
59019
52545
59675
52085
58648
58489
55955
51157
58003
55030
53836
55340
54269
51662
52467
56881
52869
52266
56919
50434
56596
52092
58193
54648
50132
59053
55292
50386
59481
58723
59283
51386
50962
54009
56122
52276
53427
53556
50517
51137
59170
59765
52112
53490
53166
56259
57284
55852
54328
51736
51371
56099
52083
56509
59815
52187
55476
52561
50187
51222
52009
59062
57690
56955
57899
53836
52015
50146
53529
51966
59196
50507
54934
57289
52662
56231
51043
55767
56381
51811
59996
56427
54537
54820
57144
57153
54668
52919
56309
52198
53004
51508
50221
56603
55256
54751
59977
58126
51162
54822
58336
50982
59033
55523
59181
52914
55136
55049
57756
59354
57895
51247
56582
54422
51245
58047
56912
58247
56610
59990
54044
56667
51677
56856
57415
56306
56895
51696
57038
59305
59788
55249
52818
52166
54189
58456
54864
53831
52614
57406
53999
55541
54275
56285
55731
59287
53342
56325
54798
52446
52281
54777
58051
50302
52849
53168
59778
50790
53726
50267
59060
57634
51168
58052
50043
59059
53140
51423
50704
50162
55599
52547
57290
51445
54612
53194
57764
58808
51793
59184
56929
53005
54088
55249
57849
59183
59947
53740
50984
51585
50943
50718
50282
52605
50680
59708
50622
50909
52442
52911
59037
50324
56589
55658
58856
58324
50679
51334
56727
52987
50755
56354
55410
52906
58376
52370
58537
51290
53866
55452
54299
51405
52810
58974
50066
50439
58218
55607
51331
59641
52769
57604
57839
55204
50144
53158
57313
55015
56352
59309
50771
52456
58180
59588
53839
53205
50890
51466
52814
51382
58766
54921
54349
59533
50807
59448
55715
52988
59464
57428
53649
55843
59252
57955
54564
52718
56840
52218
52726
56371
54118
56801
55217
54686
54608
55551
55312
51160
57667
50001
56557
59108
51614
54882
50891
52606
59795
53430
57114
50317
51794
54104
58711
59646
51090
51469
