162
116
130
127
180
155
148
185
137
163
140
169
100
122
112
163
183
110
104
199
165
132
144
181
165
109
172
154
133
127
110
200
168
102
104
185
163
194
159
129
106
122
131
132
113
148
190
173
192
194
120
183
145
129
125
146
128
169
129
103
185
106
160
120
143
116
136
162
149
149
138
117
194
107
185
197
153
110
145
148
180
118
147
168
179
127
110
195
116
186
145
158
103
119
180
129
161
139
151
112
167
107
176
106
125
144
196
127
118
196
129
152
133
162
191
174
157
104
156
100
101
179
158
152
161
175
184
168
195
172
176
179
170
143
101
180
104
116
165
200
139
124
198
139
169
131
166
125
156
103
192
160
182
148
164
176
155
190
114
167
152
126
123
124
179
113
190
118
131
146
111
140
151
185
136
172
154
167
178
170
120
194
133
115
175
123
145
101
179
155
187
151
162
140
133
153
150
136
144
126
126
158
185
134
117
183
196
132
122
179
179
188
163
138
161
110
110
161
161
173
135
180
107
103
104
102
198
109
123
152
150
131
193
185
111
134
121
151
154
194
153
160
177
191
172
186
172
182
121
193
136
155
117
193
131
137
108
111
192
117
181
143
196
133
133
147
123
199
167
199
162
167
152
103
138
100
156
191
112
154
141
107
190
105
172
147
160
125
146
160
180
145
135
147
147
179
135
103
114
131
