51151
52866
59381
58683
57162
55294
58915
55138
51368
52715
52249
53520
51865
59053
58228
51968
53887
55351
57060
54587
52019
52784
56782
55267
57133
50213
52509
58008
53651
58121
50714
56671
51389
59109
50371
56688
59504
58000
59115
53202
53279
55543
50418
52694
57865
56794
59409
58423
54031
58391
50660
57097
57986
58360
56431
51799
54084
57082
53958
57342
54767
50372
54847
59517
54661
59370
58162
55221
53637
50392
50236
59388
51510
56013
57958
58732
50440
51463
56491
50975
57099
53773
51762
53505
58565
59664
55545
54175
51596
51823
55359
54806
58063
52211
50365
52047
56205
56059
59686
57026
50873
58418
56776
52459
54571
50869
52596
53808
55486
55354
54587
50982
59720
51161
51603
54682
59924
56355
57667
53437
55247
50769
50013
58356
57371
50401
55717
53447
56355
51731
59650
57882
53692
58747
58779
52211
50713
51974
58576
53195
53370
55728
56314
59849
56555
53797
55289
55676
50774
52239
53595
58139
58444
55378
56753
52922
51715
53300
55627
59069
52253
52663
56392
57560
56098
55685
58828
52761
53415
59973
53074
57919
53229
58913
56817
59254
53429
59308
56824
57384
57104
51205
55358
56854
59849
58876
50391
56247
58139
54960
55514
55942
50649
52022
59906
56336
54991
59534
54178
55834
54137
50087
51755
54696
55041
51594
59116
52089
51685
54500
54781
56941
51612
58676
53221
55229
58738
59020
59669
53074
59127
54880
52765
53300
50471
51745
52090
55679
59302
56771
53195
52098
59871
53316
50713
59826
50052
53711
51288
50263
50440
59464
54289
57639
56139
53268
58002
57495
55226
59560
53519
53906
59429
51240
53832
54714
50352
59109
59367
59378
53098
52395
58122
50555
59540
53261
51990
55849
50991
54231
50376
57806
51988
53180
56609
53656
57192
54442
52963
57949
59949
53498
59477
50137
54093
51440
51434
58493
50569
56164
51304
50682
54814
52065
53549
51696
54398
55138
55218
59477
