156
158
154
122
106
131
154
163
121
171
104
135
153
183
177
163
140
195
112
194
164
171
143
151
162
138
167
109
153
109
143
197
113
191
134
139
136
188
127
146
172
102
146
162
106
185
130
193
137
169
177
172
114
139
193
129
200
181
191
147
178
117
122
190
166
175
200
187
143
144
165
174
162
120
137
191
119
175
186
177
118
132
195
132
191
177
195
140
152
103
115
158
103
103
120
142
115
154
104
135
