166
138
163
111
181
148
163
175
200
170
105
141
105
167
143
181
113
112
179
149
121
174
167
147
114
128
108
106
115
108
105
166
119
192
136
110
192
199
188
134
158
137
185
126
107
127
171
183
191
128
132
130
103
199
198
114
114
111
182
184
147
170
123
110
189
128
171
107
106
106
159
113
104
189
173
199
166
198
145
106
143
120
156
148
154
113
180
152
186
138
116
177
144
171
122
160
166
143
127
170
188
124
133
177
177
125
196
138
105
200
107
140
197
194
181
113
142
114
146
179
107
105
135
102
108
120
162
169
189
153
199
178
127
162
111
197
180
155
136
136
132
161
150
140
187
192
150
118
165
104
133
176
142
120
197
184
133
118
174
153
112
111
167
141
198
101
162
174
117
157
175
105
100
173
132
139
172
148
197
186
114
107
200
193
151
148
195
102
111
146
113
183
146
154
196
130
124
107
133
151
126
111
169
180
178
153
159
112
153
154
117
169
171
134
113
109
130
189
125
117
190
122
158
137
130
160
122
160
140
134
101
177
195
114
197
170
191
174
103
131
195
139
142
111
200
200
139
148
189
153
157
151
104
156
122
121
112
175
109
145
167
184
103
114
146
168
188
185
125
131
108
152
134
119
197
200
190
147
145
183
194
171
123
173
191
113
195
123
132
120
146
115
176
155
116
186
120
129
190
143
