51719
51125
57040
54940
57702
50360
52051
59568
50379
55491
54149
56204
51963
57210
53955
59970
52148
58576
59819
57818
58371
56560
51466
51107
51886
51008
54279
53351
55162
56321
52862
52503
51217
51403
55767
50679
53184
50595
50000
53576
56777
58620
51315
55690
59014
53846
53437
59618
54318
59089
57318
54511
53965
55975
59577
53594
52164
58871
58995
53207
53495
50353
55011
53844
58631
55758
50056
56568
59526
53895
50304
54263
53528
56953
52592
55546
54898
54544
57016
56100
53278
52678
59890
56818
56015
55776
59535
56300
51121
52003
53165
51253
50526
58589
52081
56569
56384
52011
54411
55428
58151
53406
54749
59334
59116
55627
58009
51162
55136
54749
56080
56380
59478
55768
57401
51827
56980
56980
54442
59166
56524
56854
54053
59630
52904
55657
58807
54479
58697
53211
53662
54089
56472
56779
55464
55850
52595
58693
52289
53142
53213
55813
54689
55747
57163
50886
50799
56661
50297
52818
50837
52959
54389
57410
52110
50586
53666
58013
50316
50271
59094
51361
55484
59521
55644
54160
52925
56895
58933
56981
54053
50705
52048
51358
52250
50399
56100
51583
54931
56696
56006
50446
58924
56676
58338
56850
59694
51997
54076
55498
58976
53366
53009
56055
53415
58247
58389
58634
53134
57856
57375
59979
55925
52975
53775
51181
59469
59760
54095
53427
59081
59035
56113
52408
59024
50504
55288
58562
50412
59369
50384
51678
50792
57241
57047
52973
50426
52471
56978
54079
50878
51220
59400
56153
52276
55863
59266
50212
50009
59004
55805
52669
50005
57060
58888
51814
58939
52068
54117
57996
53368
55083
50737
54617
56783
53166
55006
53262
56324
57508
50728
52007
59891
57222
55989
54391
58327
52994
58468
50696
55339
52515
50095
55864
57778
55991
54996
53180
57632
59859
54718
58667
54600
52998
56553
59908
53103
52707
56376
52677
55691
58493
51276
51927
58811
50733
54595
58844
59493
59171
