188
176
144
121
177
126
191
119
147
168
127
111
122
109
150
148
161
172
140
183
163
104
132
111
179
164
171
182
192
142
162
157
197
171
158
186
115
152
119
144
126
148
142
128
152
145
136
198
128
176
107
125
104
162
137
164
146
107
112
167
140
171
161
178
184
164
163
154
115
156
107
121
163
191
149
155
171
198
168
175
163
106
164
136
105
123
176
114
106
195
117
101
153
160
111
104
135
158
193
146
