50209
55741
59426
59319
57135
55308
57794
52334
52896
53420
54483
58831
57976
55146
55187
51773
53697
56857
58826
56074
57120
57918
56660
58332
56824
58703
58756
59181
57509
50105
55536
50946
58603
54668
50134
53543
58121
58067
59254
56257
57182
50987
53047
51107
55976
54519
51941
57022
58312
51667
58609
52942
58181
56250
55163
54402
58713
55907
57945
59637
51749
52524
56373
51814
51484
59453
58906
58808
52546
55254
54876
50363
50340
51567
54002
51711
50447
54227
57700
50322
56103
53455
59721
57400
58866
57799
56406
50639
54253
50598
59434
56086
51814
52585
53424
56439
52838
59440
52785
58635
