115
108
164
145
187
141
176
117
197
127
105
164
101
187
168
107
180
101
175
154
137
189
193
159
106
115
119
116
151
124
120
107
116
120
181
103
189
160
131
194
134
155
121
122
131
134
131
138
110
101
104
175
114
149
105
136
179
144
186
172
188
115
184
180
140
140
183
125
160
114
111
127
199
183
198
105
101
121
132
188
194
182
177
162
161
106
123
160
168
145
115
188
194
192
100
170
123
119
101
148
118
193
163
159
128
110
120
135
137
127
130
140
143
180
104
154
161
171
108
146
179
159
103
135
137
177
102
189
170
109
160
116
115
114
156
129
169
178
144
191
107
157
146
190
141
157
145
154
140
187
122
196
183
192
183
186
176
130
126
111
150
117
175
181
116
137
184
163
128
135
195
145
109
173
127
152
115
128
162
172
100
125
132
150
196
160
143
100
194
176
114
106
125
174
142
158
189
124
199
128
128
118
183
141
177
185
128
191
181
199
196
193
114
188
190
101
163
146
154
197
165
178
168
121
176
172
165
169
115
197
133
184
175
137
136
184
182
124
157
199
187
167
153
171
179
156
174
143
111
198
112
191
103
134
144
125
117
200
117
198
185
119
121
181
134
195
158
150
104
146
133
179
148
155
181
114
130
102
183
166
161
137
166
191
171
179
150
163
155
168
141
133
116
110
181
131
100
106
104
157
171
101
144
162
167
145
134
123
162
138
187
181
131
143
176
156
180
157
115
125
102
129
114
113
182
123
166
188
117
116
171
161
106
162
132
133
170
132
131
115
151
112
112
108
125
163
126
122
136
126
120
102
117
164
187
161
185
170
177
136
177
196
157
175
146
151
114
200
130
138
189
101
189
174
181
154
132
135
153
142
112
180
184
171
160
146
160
100
106
116
165
191
128
134
165
180
155
186
124
139
