54026
59968
53759
55632
54478
59491
51096
55445
54280
59971
51369
52499
54366
59936
59955
57419
52379
52129
59448
57716
58139
59537
55892
50400
50433
50050
53651
56315
58815
57630
59281
51684
55583
55973
56823
53435
53878
58019
51783
58453
50442
51453
57849
51110
54702
54162
57869
56711
53606
54347
52182
51816
55100
54143
54486
53171
53914
58360
58195
52668
52737
53050
52454
57637
51486
50852
53111
57264
51095
54133
56499
54236
58484
52652
51910
58030
50437
54132
59388
51707
56725
52628
54656
58195
59525
53405
57224
53318
54801
54820
51493
51854
54893
53297
53883
54576
53379
53787
59196
59721
52249
59523
55511
51037
58466
51684
53763
58098
58241
54250
57562
58122
59848
57913
54936
56712
58786
54974
54374
51344
59280
54951
56767
52286
57800
57065
53694
57721
51310
55841
57353
51007
51856
52047
57615
50208
59248
54787
51935
53937
54087
50758
53442
51097
52224
52243
53531
58574
59233
50112
51062
52905
59535
55005
54947
55501
59786
57157
56838
51071
52245
53508
55567
56841
54075
50557
54427
56155
52252
57182
59184
53648
57207
57421
52717
53486
55206
56930
53639
52046
50535
57020
56559
54926
57895
56713
59784
55193
54334
57860
51007
58960
59353
57150
54061
53001
56917
54111
52914
54529
58183
57713
55715
59526
53467
53376
52210
59049
51664
59702
55415
50673
57466
50656
51024
56099
53645
51242
52371
55427
56241
59033
57614
56947
56081
58034
59247
53224
58821
59469
50387
59225
50405
50301
54350
52420
54094
58716
59275
51888
56318
55454
51581
59763
56230
54503
59950
59531
55479
58840
56078
53924
59168
58081
55832
56720
59694
51129
55597
52187
51061
58419
52232
51196
56417
58738
53753
52626
50687
55369
53448
53260
59581
51879
53408
59295
53233
58003
58298
58634
58526
56424
56028
53645
53256
55365
58904
59283
51493
55505
53648
51753
53231
50570
51572
57190
54467
51838
53203
51217
54004
52954
54043
58845
55486
50208
51250
56335
52128
57632
58571
57912
55213
52257
56160
56106
55526
56036
59503
59256
52516
54249
56186
53878
53959
56390
54829
54173
51861
54812
58898
56199
51505
56842
59186
50234
56046
52810
59929
51529
54800
59426
50045
58664
55015
55472
50519
50356
54354
54478
52519
54444
54605
52848
58575
59258
59378
58001
57558
54434
51603
51528
51297
59254
59161
58694
55430
57542
59291
51769
50152
53862
58542
54434
59958
55885
55862
51882
57166
52300
50292
56328
56635
51862
55444
51903
59976
57898
53904
50238
50308
54072
56071
51501
54468
59825
55965
58928
59960
59728
