194
107
102
146
107
133
128
111
159
107
126
139
199
181
132
146
112
137
125
176
174
197
120
184
185
129
107
106
101
172
108
185
154
198
181
155
131
168
122
196
106
123
157
186
134
192
169
171
115
181
189
180
148
199
136
140
158
145
181
195
153
140
168
178
167
171
158
199
194
165
130
138
188
133
191
122
194
170
162
134
181
171
168
123
184
182
168
113
174
194
167
122
185
200
195
124
136
184
154
182
112
190
163
131
178
114
107
141
164
186
131
192
152
168
102
189
161
109
111
129
121
182
173
137
103
122
111
167
153
176
168
120
101
130
181
174
178
120
197
186
110
128
132
193
153
175
179
178
134
125
145
146
175
164
141
184
189
190
160
193
115
125
140
122
169
131
108
115
179
195
163
116
108
172
168
134
142
146
123
101
181
144
199
113
168
172
102
109
133
172
188
199
180
156
159
107
198
182
189
102
100
175
190
136
142
133
115
150
167
151
152
137
172
158
195
105
165
180
198
120
116
145
163
164
126
114
181
164
121
195
173
195
124
106
137
169
137
179
113
138
150
160
121
197
140
186
142
179
130
169
133
132
178
191
126
123
186
130
178
194
123
131
122
136
129
119
161
165
127
187
104
185
129
151
167
193
130
193
153
133
123
122
137
111
197
157
116
108
145
164
140
130
155
191
148
186
196
135
181
149
187
135
128
174
143
142
197
149
188
113
156
198
128
131
178
176
165
170
147
145
181
127
184
149
100
180
192
102
172
149
128
120
188
134
114
194
167
190
118
199
190
185
132
183
105
119
134
109
140
166
181
126
129
160
151
133
136
147
176
101
191
195
193
126
131
119
130
116
103
165
122
115
170
148
153
113
145
158
114
170
138
135
108
191
113
197
163
166
151
170
168
180
193
183
161
197
109
149
141
181
