52754
56997
52147
54483
58671
58895
50638
57341
52969
51311
57774
52055
50956
55696
57410
50189
51760
57166
51140
53703
51677
57136
55045
52964
53103
50710
56490
51878
54655
55552
53854
53966
51249
56489
58983
56872
57057
50819
50417
50448
56461
57981
55638
54436
52991
59807
57535
56207
57961
57294
50771
57976
51019
53803
52018
53445
59385
52867
58436
53952
57360
57027
56807
59413
53094
57976
50307
54373
55994
59957
57354
59007
57516
54073
54997
53611
56169
58952
53056
51419
55048
59130
57649
57958
56680
59111
54147
56253
54762
57852
53480
52805
50447
56922
51007
53467
54162
58213
58029
58695
54325
56138
51286
50534
50428
50513
53194
55305
50141
56476
58300
50414
52606
54047
54667
55645
55409
51465
52582
54845
51119
57205
56853
55821
52689
56066
58986
57624
53315
56726
51930
55560
59640
58262
57587
56275
50691
57745
59522
58229
53146
57507
53005
56344
50304
51784
52666
54489
58766
59087
56460
54874
55091
52207
51747
59668
58327
50785
52314
53714
57506
55871
53453
59394
55038
58790
56368
53468
52233
54168
58257
50133
50709
54627
57398
58425
58957
59396
57401
57876
53617
56865
52502
54140
51128
59616
50214
56809
56054
53619
52299
54592
53299
51288
50735
55796
54468
57436
54548
51972
51202
50456
57765
57726
55721
55049
50547
57592
54020
52874
55639
54652
53029
53457
51662
53240
56254
52119
55689
53999
54980
55129
57247
53400
58641
52576
51678
54850
56116
50856
51306
52509
57348
54126
53564
56385
52952
51042
55399
52958
58228
52923
51581
54083
51524
51736
56199
54826
56429
51885
53438
56949
57917
56819
52580
58981
52264
59716
59051
54823
56981
56549
57831
52742
53184
51150
58821
53351
55785
54905
58379
51039
52546
50546
54479
51456
57779
57413
58224
56309
50442
52231
59941
56746
55491
57661
58238
57378
53521
59980
56900
59285
53937
52291
53961
51364
52515
58308
59871
58650
50251
54907
54264
56887
51335
50023
54251
54120
54403
55004
52529
51299
52092
50556
59750
53551
57736
56855
58056
53848
53909
54948
59584
58618
59286
59540
50077
51999
53044
54188
55303
54800
51616
53171
55976
51560
56130
57645
59569
52843
54004
57885
54934
50600
55970
56314
59599
53683
53527
52848
55156
53705
52331
52573
52640
57866
52303
52189
51240
55374
56237
59232
51300
56031
50421
52114
53286
54832
59225
52035
51956
56653
57284
58037
50754
51034
51474
51793
51620
56570
57284
54917
52085
51414
54611
56399
55155
57187
58281
59899
58939
52018
56138
58883
55331
55988
51104
52179
57499
53166
