155
180
100
172
153
126
171
153
174
157
178
117
129
152
149
196
179
101
132
135
182
170
180
108
198
199
172
117
146
137
197
117
181
150
118
131
175
109
153
110
185
199
145
124
121
184
172
185
154
105
117
123
143
184
173
124
122
156
183
149
170
185
160
158
139
116
161
115
145
181
172
153
111
112
154
150
143
157
171
187
122
158
192
152
153
191
177
132
197
149
150
116
192
160
153
110
134
123
187
180
118
159
168
135
143
109
185
172
195
128
117
107
106
147
112
190
135
182
107
200
194
122
154
129
118
149
172
130
179
190
119
173
159
140
112
189
186
156
134
182
144
147
144
189
127
142
110
169
129
135
166
117
125
163
188
181
185
112
148
150
191
175
166
174
130
141
173
154
101
159
117
144
163
178
109
157
151
185
185
191
180
125
107
185
110
196
197
156
169
182
108
103
200
147
162
186
136
134
117
153
