0	2	17
0	3	31
0	5	87
0	15	63
0	16	41
0	17	70
0	19	19
0	20	91
0	21	83
0	23	83
0	25	54
0	26	71
0	30	32
0	31	44
0	37	3
0	39	54
0	43	82
0	44	8
0	48	3
0	50	4
0	59	33
0	60	33
0	61	56
0	63	32
0	64	14
0	76	7
0	81	84
0	82	65
0	84	29
0	88	40
0	89	74
0	92	4
0	95	96
0	98	94
0	106	39
0	107	18
0	110	8
0	117	11
0	118	45
0	121	80
0	123	38
0	125	69
0	129	97
0	130	56
0	133	16
0	135	45
0	139	81
0	140	23
0	142	30
0	143	61
0	149	71
0	151	8
0	155	25
0	156	46
0	158	96
0	159	28
0	161	55
0	164	46
0	166	33
0	169	91
0	170	74
0	174	64
0	177	35
0	178	53
0	180	59
0	181	52
0	186	84
0	193	76
1	3	88
1	5	5
1	6	17
1	7	65
1	13	58
1	24	57
1	26	4
1	27	92
1	38	56
1	39	90
1	41	57
1	45	27
1	46	24
1	48	76
1	51	57
1	54	28
1	59	31
1	78	72
1	80	33
1	82	69
1	85	89
1	87	2
1	98	40
1	99	34
1	109	59
1	110	42
1	112	85
1	113	35
1	115	51
1	117	96
1	120	23
1	121	79
1	128	39
1	132	53
1	133	88
1	144	28
1	145	33
1	146	5
1	147	18
1	149	10
1	151	94
1	157	93
1	161	8
1	164	1
1	168	94
1	169	54
1	170	61
1	184	53
1	191	95
1	193	32
1	197	4
1	198	92
2	4	94
2	8	96
2	11	34
2	15	20
2	19	99
2	22	68
2	25	4
2	29	37
2	34	30
2	39	35
2	42	2
2	46	61
2	47	26
2	50	60
2	53	46
2	54	36
2	57	47
2	60	36
2	62	52
2	63	53
2	70	35
2	80	26
2	82	98
2	83	82
2	86	76
2	88	80
2	94	45
2	95	16
2	96	77
2	103	61
2	104	40
2	109	63
2	110	81
2	112	83
2	113	60
2	122	46
2	126	10
2	127	28
2	129	97
2	133	7
2	134	8
2	138	85
2	146	77
2	147	96
2	151	44
2	152	47
2	154	68
2	156	35
2	157	97
2	160	28
2	163	6
2	171	95
2	172	49
2	174	5
2	175	43
2	178	23
2	186	16
2	187	7
2	192	17
2	196	79
3	7	51
3	14	39
3	18	23
3	21	17
3	26	45
3	41	1
3	42	12
3	43	59
3	44	13
3	49	16
3	52	93
3	53	76
3	55	23
3	58	76
3	59	7
3	60	62
3	65	6
3	70	68
3	74	77
3	76	60
3	77	95
3	89	62
3	90	42
3	95	14
3	96	44
3	100	31
3	103	31
3	108	84
3	119	23
3	122	41
3	124	71
3	125	13
3	129	25
3	132	40
3	135	29
3	137	57
3	142	4
3	143	6
3	144	31
3	147	73
3	148	17
3	149	33
3	153	65
3	156	96
3	159	8
3	160	22
3	162	24
3	167	26
3	168	43
3	170	90
3	173	63
3	174	77
3	177	14
3	180	4
3	189	65
3	192	88
3	193	12
3	194	34
4	5	81
4	6	66
4	7	20
4	9	26
4	10	96
4	12	3
4	13	33
4	14	21
4	15	73
4	30	5
4	31	18
4	33	84
4	35	69
4	40	49
4	44	43
4	47	43
4	48	42
4	49	71
4	52	68
4	55	83
4	57	70
4	61	70
4	62	18
4	63	37
4	66	53
4	67	12
4	69	93
4	72	88
4	74	61
4	78	44
4	80	59
4	82	64
4	89	100
4	94	80
4	99	67
4	102	92
4	106	38
4	109	32
4	111	77
4	114	13
4	115	41
4	119	100
4	120	53
4	121	66
4	122	86
4	126	97
4	129	54
4	131	65
4	133	3
4	144	38
4	148	14
4	159	46
4	167	6
4	172	81
4	182	10
4	183	66
4	184	6
4	188	50
4	190	49
4	192	31
4	195	20
4	198	84
5	8	6
5	11	95
5	15	31
5	20	60
5	24	40
5	25	17
5	38	40
5	39	45
5	41	16
5	46	74
5	47	71
5	49	48
5	57	59
5	58	13
5	59	54
5	62	9
5	66	12
5	69	37
5	76	89
5	87	58
5	90	2
5	96	77
5	98	82
5	106	35
5	125	7
5	130	31
5	132	71
5	133	90
5	135	17
5	138	5
5	142	16
5	144	44
5	145	32
5	149	65
5	153	25
5	155	89
5	156	84
5	159	77
5	161	31
5	167	47
5	168	90
5	170	77
5	171	14
5	172	4
5	176	64
5	179	86
5	182	62
5	183	95
5	186	64
5	189	23
5	190	16
5	193	7
5	197	39
6	9	53
6	12	7
6	13	82
6	19	39
6	20	59
6	23	93
6	24	64
6	27	63
6	28	36
6	36	8
6	39	23
6	41	98
6	47	76
6	49	66
6	53	99
6	58	77
6	59	42
6	60	9
6	68	27
6	75	26
6	76	75
6	78	73
6	79	27
6	81	90
6	83	86
6	85	74
6	90	19
6	91	23
6	93	97
6	96	50
6	97	76
6	100	27
6	107	20
6	112	19
6	115	89
6	116	65
6	119	39
6	120	42
6	122	20
6	125	85
6	126	4
6	128	65
6	129	98
6	130	59
6	131	60
6	132	41
6	136	50
6	143	34
6	151	31
6	155	5
6	156	16
6	162	81
6	169	66
6	183	51
6	186	29
6	193	46
6	197	8
7	9	98
7	12	28
7	15	2
7	17	70
7	18	46
7	21	12
7	22	66
7	24	12
7	28	20
7	43	43
7	56	61
7	60	38
7	61	39
7	62	47
7	72	66
7	79	15
7	80	30
7	81	15
7	82	83
7	84	65
7	91	88
7	101	58
7	102	26
7	104	79
7	106	50
7	108	15
7	109	89
7	110	61
7	111	91
7	119	3
7	120	48
7	125	68
7	126	43
7	128	38
7	129	35
7	131	78
7	132	91
7	134	86
7	149	26
7	152	26
7	153	10
7	159	9
7	160	80
7	161	10
7	162	9
7	165	83
7	166	58
7	168	90
7	169	60
7	170	97
7	172	25
7	175	42
7	180	88
7	184	47
7	186	1
7	191	54
7	192	48
7	194	59
7	197	65
7	199	81
8	13	22
8	16	7
8	19	65
8	21	99
8	26	25
8	28	51
8	35	93
8	37	38
8	41	36
8	45	74
8	46	51
8	47	26
8	48	13
8	52	82
8	55	19
8	58	35
8	59	17
8	65	86
8	66	87
8	67	41
8	71	1
8	72	10
8	73	5
8	75	61
8	79	90
8	81	69
8	87	11
8	89	81
8	92	48
8	93	43
8	94	15
8	95	78
8	101	66
8	104	79
8	110	4
8	111	100
8	115	1
8	116	87
8	120	39
8	121	48
8	123	13
8	124	76
8	126	10
8	127	60
8	128	78
8	132	91
8	133	25
8	134	37
8	135	29
8	139	23
8	145	93
8	151	66
8	152	80
8	153	53
8	163	72
8	165	52
8	167	87
8	168	70
8	172	28
8	173	30
8	175	96
8	177	15
8	182	74
8	184	41
8	189	59
8	195	83
9	11	68
9	12	60
9	15	41
9	18	72
9	27	88
9	28	21
9	30	23
9	34	15
9	36	58
9	46	50
9	47	75
9	50	8
9	56	41
9	57	42
9	59	7
9	63	4
9	66	91
9	68	60
9	70	50
9	71	13
9	72	61
9	76	85
9	79	58
9	81	12
9	85	1
9	86	68
9	90	97
9	98	86
9	103	92
9	106	11
9	108	33
9	112	58
9	114	5
9	118	43
9	120	28
9	122	56
9	124	12
9	125	13
9	126	54
9	127	25
9	128	18
9	129	34
9	131	9
9	132	66
9	135	90
9	144	31
9	146	15
9	147	13
9	148	90
9	161	20
9	165	24
9	170	10
9	175	60
9	177	65
9	181	43
9	182	29
9	183	26
9	188	39
9	191	51
9	196	57
9	198	69
9	199	58
10	17	46
10	18	45
10	19	41
10	23	6
10	24	51
10	38	29
10	39	63
10	41	24
10	47	5
10	48	72
10	60	34
10	62	34
10	63	37
10	67	100
10	69	71
10	70	63
10	79	12
10	81	56
10	85	23
10	86	76
10	88	23
10	90	61
10	91	62
10	99	20
10	103	97
10	104	100
10	106	93
10	107	71
10	111	50
10	115	72
10	118	20
10	126	77
10	130	16
10	132	62
10	135	33
10	137	12
10	141	17
10	144	1
10	147	67
10	148	73
10	150	30
10	152	82
10	154	38
10	157	91
10	158	64
10	159	79
10	161	47
10	163	82
10	173	19
10	174	48
10	177	15
10	178	46
10	179	78
10	180	68
10	181	42
10	183	80
10	185	46
10	187	45
10	189	37
10	195	77
10	198	68
11	17	11
11	18	4
11	21	66
11	22	93
11	25	42
11	26	59
11	28	38
11	33	86
11	39	61
11	40	50
11	41	62
11	42	38
11	46	25
11	50	45
11	51	43
11	54	50
11	56	52
11	57	69
11	63	71
11	65	29
11	66	9
11	68	74
11	70	96
11	72	26
11	73	80
11	81	75
11	83	4
11	85	56
11	89	33
11	91	60
11	92	69
11	93	48
11	99	35
11	101	25
11	104	100
11	106	47
11	109	87
11	110	54
11	114	80
11	123	96
11	126	6
11	130	27
11	135	70
11	139	32
11	142	21
11	145	96
11	153	28
11	154	21
11	157	50
11	163	70
11	164	72
11	166	81
11	167	41
11	170	57
11	173	67
11	175	16
11	176	59
11	178	30
11	181	90
11	185	3
11	188	7
11	189	22
11	198	13
12	14	59
12	22	99
12	23	19
12	26	14
12	29	77
12	34	26
12	36	95
12	49	100
12	57	17
12	58	2
12	66	53
12	69	38
12	73	56
12	76	5
12	78	85
12	79	22
12	82	89
12	83	2
12	86	28
12	87	62
12	88	75
12	90	93
12	92	50
12	99	44
12	103	3
12	106	82
12	110	62
12	115	94
12	119	87
12	121	4
12	130	36
12	131	90
12	132	7
12	133	80
12	145	90
12	148	45
12	149	25
12	157	42
12	160	37
12	169	86
12	173	21
12	176	12
12	181	15
12	184	63
12	186	100
12	192	39
12	195	14
13	16	31
13	18	95
13	21	66
13	26	13
13	27	20
13	33	89
13	36	60
13	42	29
13	43	69
13	44	52
13	53	60
13	54	86
13	60	14
13	62	65
13	65	5
13	68	15
13	69	98
13	72	49
13	74	78
13	76	86
13	83	34
13	85	59
13	94	37
13	95	77
13	99	100
13	100	53
13	103	77
13	107	70
13	110	48
13	117	51
13	118	51
13	121	42
13	133	73
13	135	1
13	136	98
13	137	2
13	150	43
13	152	16
13	153	38
13	155	62
13	159	12
13	163	84
13	170	67
13	171	7
13	178	5
13	185	24
13	186	80
13	190	72
13	192	8
13	193	7
13	194	94
13	197	88
13	198	26
14	19	52
14	20	37
14	22	83
14	23	53
14	25	77
14	26	39
14	27	41
14	28	88
14	50	49
14	52	23
14	54	44
14	55	23
14	64	45
14	68	68
14	75	33
14	78	81
14	79	26
14	82	81
14	85	75
14	88	62
14	89	50
14	95	93
14	96	82
14	100	13
14	106	90
14	109	35
14	112	49
14	113	65
14	117	9
14	123	86
14	124	30
14	130	22
14	132	62
14	133	23
14	139	43
14	140	52
14	141	71
14	145	16
14	153	54
14	155	54
14	156	63
14	160	57
14	161	91
14	162	50
14	165	62
14	168	50
14	169	11
14	170	21
14	171	79
14	173	17
14	178	79
14	181	39
14	189	54
14	191	84
14	192	3
14	196	52
14	198	90
15	19	34
15	23	66
15	25	91
15	29	84
15	30	89
15	31	48
15	36	16
15	37	69
15	39	62
15	48	32
15	50	43
15	51	83
15	55	21
15	57	69
15	59	46
15	64	78
15	67	21
15	75	7
15	76	58
15	77	40
15	80	82
15	83	99
15	85	61
15	87	42
15	90	62
15	94	92
15	95	94
15	96	10
15	98	43
15	104	46
15	108	71
15	110	21
15	111	78
15	112	83
15	120	94
15	123	91
15	125	57
15	130	26
15	134	74
15	135	80
15	136	66
15	137	67
15	139	37
15	143	44
15	146	7
15	151	12
15	152	5
15	153	97
15	154	5
15	155	46
15	157	20
15	164	75
15	176	85
15	182	45
15	183	79
15	188	70
15	197	56
16	19	42
16	24	68
16	25	36
16	28	82
16	31	20
16	36	29
16	40	78
16	43	11
16	46	81
16	51	60
16	52	37
16	53	37
16	60	22
16	61	97
16	63	61
16	66	11
16	68	20
16	74	86
16	75	46
16	76	49
16	77	88
16	79	13
16	81	29
16	83	32
16	88	52
16	92	29
16	93	31
16	95	5
16	96	29
16	100	86
16	104	96
16	110	40
16	112	78
16	115	76
16	121	14
16	125	47
16	128	82
16	129	48
16	135	99
16	139	23
16	141	71
16	144	20
16	145	47
16	146	73
16	149	33
16	152	25
16	158	4
16	162	16
16	163	92
16	165	36
16	174	17
16	176	10
16	177	49
16	179	78
16	185	30
16	187	55
16	193	55
16	196	76
17	24	74
17	29	54
17	31	69
17	39	83
17	43	67
17	44	66
17	48	65
17	50	67
17	53	89
17	57	98
17	58	41
17	60	96
17	63	2
17	64	60
17	67	46
17	69	15
17	71	72
17	72	93
17	74	17
17	80	3
17	83	66
17	84	8
17	89	13
17	94	73
17	98	47
17	102	2
17	103	53
17	104	88
17	105	62
17	106	18
17	108	87
17	114	8
17	117	88
17	119	54
17	120	10
17	121	25
17	123	70
17	129	36
17	132	12
17	139	12
17	143	10
17	146	32
17	149	84
17	150	97
17	153	40
17	155	7
17	156	64
17	159	56
17	167	78
17	168	59
17	170	82
17	171	76
17	172	44
17	178	20
17	179	23
17	180	79
17	182	12
17	183	20
17	184	52
17	187	44
17	188	64
17	190	29
18	20	95
18	21	50
18	27	85
18	28	40
18	37	95
18	39	33
18	42	43
18	47	54
18	48	96
18	49	56
18	52	13
18	53	77
18	54	51
18	60	64
18	62	25
18	66	77
18	67	88
18	69	16
18	70	26
18	71	55
18	72	21
18	73	15
18	74	43
18	75	11
18	77	59
18	80	34
18	86	27
18	88	36
18	89	54
18	96	82
18	100	57
18	103	36
18	104	83
18	105	24
18	110	69
18	114	67
18	118	49
18	119	48
18	126	25
18	131	21
18	138	23
18	140	26
18	141	95
18	145	84
18	148	10
18	154	69
18	162	62
18	163	97
18	164	9
18	167	48
18	172	14
18	173	73
18	174	72
18	178	27
18	187	11
18	191	84
18	199	77
19	26	27
19	27	47
19	29	12
19	33	81
19	40	93
19	42	18
19	45	67
19	47	79
19	48	17
19	50	92
19	51	19
19	52	65
19	58	97
19	59	41
19	62	83
19	67	66
19	68	49
19	69	11
19	70	60
19	71	95
19	78	27
19	84	49
19	90	50
19	96	58
19	98	18
19	100	10
19	105	34
19	108	99
19	110	47
19	112	62
19	113	26
19	123	36
19	125	83
19	126	25
19	130	61
19	136	40
19	139	7
19	144	20
19	149	88
19	150	77
19	153	31
19	156	44
19	157	63
19	159	60
19	160	84
19	161	80
19	164	2
19	165	87
19	169	73
19	173	100
19	174	72
19	175	96
19	176	43
19	181	9
19	186	85
19	190	46
19	193	10
19	195	40
20	21	57
20	24	54
20	27	15
20	32	78
20	34	6
20	36	87
20	38	45
20	39	73
20	41	89
20	51	49
20	61	53
20	80	93
20	82	33
20	83	94
20	87	61
20	92	59
20	95	56
20	96	60
20	104	100
20	107	72
20	109	30
20	112	73
20	113	92
20	119	74
20	120	60
20	121	42
20	127	33
20	128	14
20	129	8
20	130	82
20	131	7
20	133	52
20	142	63
20	143	45
20	149	70
20	152	14
20	155	2
20	156	38
20	157	24
20	170	68
20	175	11
20	179	69
20	181	69
20	183	64
20	184	22
20	185	34
20	194	89
20	197	92
21	23	34
21	31	90
21	32	5
21	34	7
21	38	78
21	39	15
21	43	70
21	45	4
21	48	67
21	49	70
21	50	28
21	55	95
21	57	55
21	59	54
21	61	68
21	67	80
21	68	84
21	72	61
21	74	65
21	75	27
21	77	44
21	84	98
21	87	80
21	90	29
21	93	55
21	99	34
21	100	62
21	102	9
21	112	42
21	114	62
21	118	58
21	120	85
21	121	81
21	132	54
21	135	95
21	140	97
21	144	47
21	146	54
21	148	17
21	152	54
21	156	28
21	158	64
21	164	1
21	168	21
21	170	15
21	173	29
21	176	82
21	184	14
21	195	6
21	198	15
21	199	95
22	24	97
22	35	88
22	36	7
22	37	16
22	39	67
22	41	11
22	44	16
22	47	37
22	48	40
22	51	55
22	55	84
22	56	4
22	63	19
22	64	86
22	74	29
22	76	34
22	77	34
22	79	84
22	80	14
22	81	33
22	85	75
22	87	79
22	88	70
22	95	42
22	99	1
22	100	4
22	107	6
22	109	74
22	114	5
22	117	27
22	118	22
22	119	15
22	127	41
22	129	50
22	132	91
22	135	35
22	136	52
22	138	49
22	147	85
22	152	90
22	154	97
22	162	60
22	170	14
22	174	34
22	175	44
22	177	32
22	178	87
22	179	62
22	182	82
22	183	1
22	198	63
23	27	95
23	29	36
23	36	96
23	38	30
23	46	41
23	53	24
23	54	28
23	55	74
23	56	12
23	57	48
23	66	95
23	67	52
23	68	75
23	69	43
23	86	68
23	93	59
23	100	54
23	111	45
23	120	93
23	123	8
23	131	4
23	137	5
23	138	89
23	139	2
23	142	96
23	146	59
23	148	92
23	150	76
23	151	46
23	157	68
23	159	9
23	160	5
23	161	2
23	163	12
23	164	90
23	169	35
23	179	53
23	184	8
23	189	26
23	197	19
24	25	55
24	27	65
24	31	34
24	35	94
24	36	42
24	37	92
24	39	23
24	51	2
24	52	14
24	55	36
24	61	14
24	63	38
24	66	47
24	67	91
24	68	75
24	75	55
24	78	12
24	81	96
24	94	9
24	98	38
24	101	56
24	105	39
24	106	18
24	113	76
24	116	60
24	121	27
24	124	73
24	125	2
24	137	96
24	138	56
24	140	57
24	142	45
24	147	52
24	152	18
24	159	10
24	161	46
24	162	78
24	166	31
24	169	59
24	170	10
24	172	93
24	174	79
24	181	95
24	182	10
24	184	51
24	191	83
24	194	43
24	199	52
25	29	59
25	30	21
25	38	6
25	45	16
25	46	91
25	50	71
25	52	53
25	53	50
25	58	23
25	59	10
25	60	97
25	61	40
25	63	63
25	66	95
25	73	65
25	74	16
25	78	84
25	83	88
25	85	73
25	89	58
25	98	58
25	100	65
25	101	83
25	102	41
25	114	69
25	117	22
25	120	50
25	121	23
25	122	87
25	123	2
25	124	15
25	125	84
25	127	43
25	133	3
25	147	100
25	148	78
25	149	85
25	150	92
25	151	57
25	153	93
25	155	65
25	156	8
25	161	36
25	167	5
25	169	56
25	170	54
25	171	63
25	172	20
25	179	71
25	180	84
25	184	18
25	186	75
25	189	59
25	194	38
25	199	95
26	30	42
26	32	25
26	35	90
26	37	20
26	43	99
26	46	87
26	50	84
26	54	62
26	55	95
26	56	87
26	58	57
26	63	13
26	66	55
26	71	25
26	73	94
26	75	30
26	78	36
26	80	52
26	83	59
26	84	7
26	85	80
26	89	92
26	91	78
26	96	28
26	97	18
26	98	88
26	104	49
26	107	65
26	110	74
26	111	76
26	117	10
26	119	6
26	120	61
26	122	40
26	124	3
26	125	11
26	130	50
26	136	24
26	147	60
26	148	99
26	150	17
26	151	18
26	152	26
26	153	29
26	157	61
26	159	16
26	165	62
26	166	94
26	170	71
26	176	4
26	177	46
26	178	1
26	180	15
26	181	28
26	182	46
26	184	12
26	185	6
26	186	87
26	187	41
26	189	89
26	190	70
26	193	3
26	197	22
26	199	71
27	32	9
27	34	95
27	35	52
27	39	67
27	41	33
27	42	58
27	45	15
27	48	60
27	50	92
27	56	12
27	60	97
27	61	76
27	66	45
27	67	16
27	72	80
27	76	2
27	78	91
27	79	57
27	80	87
27	81	64
27	82	24
27	89	23
27	91	33
27	97	16
27	100	97
27	102	93
27	103	62
27	105	33
27	120	14
27	122	55
27	124	33
27	125	21
27	128	71
27	129	31
27	132	97
27	134	39
27	138	99
27	147	2
27	152	67
27	155	85
27	158	82
27	161	90
27	165	55
27	168	14
27	170	94
27	177	31
27	178	30
27	180	10
27	181	8
27	190	15
27	192	46
27	193	78
27	194	55
27	198	96
27	199	80
28	29	8
28	32	70
28	34	65
28	39	69
28	44	82
28	45	10
28	46	73
28	48	98
28	51	74
28	62	98
28	72	83
28	74	69
28	75	4
28	83	43
28	84	6
28	86	10
28	88	57
28	89	91
28	93	7
28	99	46
28	108	43
28	110	69
28	113	56
28	118	73
28	119	64
28	120	75
28	126	40
28	133	48
28	134	26
28	139	23
28	142	45
28	145	64
28	146	64
28	156	57
28	159	100
28	165	4
28	172	30
28	173	8
28	174	31
28	176	39
28	180	83
28	182	54
28	185	6
28	187	6
28	191	98
28	192	29
28	194	51
28	195	83
29	30	58
29	36	71
29	38	7
29	39	27
29	41	76
29	43	22
29	44	35
29	46	69
29	52	10
29	56	85
29	59	94
29	66	19
29	68	34
29	70	46
29	71	1
29	72	25
29	74	47
29	75	23
29	77	99
29	81	13
29	85	60
29	87	11
29	89	47
29	93	30
29	96	72
29	97	27
29	98	20
29	100	14
29	103	21
29	122	40
29	123	99
29	132	81
29	135	78
29	136	13
29	137	25
29	140	40
29	149	41
29	151	92
29	152	74
29	153	5
29	154	35
29	156	39
29	158	84
29	180	17
29	182	46
29	183	10
29	187	37
29	188	92
30	41	14
30	45	19
30	49	7
30	52	58
30	62	13
30	65	98
30	66	14
30	70	37
30	76	59
30	79	92
30	80	70
30	83	40
30	85	80
30	86	17
30	105	90
30	110	90
30	112	16
30	114	34
30	124	9
30	127	23
30	128	78
30	131	17
30	134	14
30	140	48
30	144	42
30	146	96
30	148	11
30	156	52
30	162	61
30	169	59
30	170	85
30	173	96
30	174	18
30	176	71
30	177	50
30	178	5
30	185	30
30	190	7
30	192	72
30	193	23
30	196	46
31	38	99
31	41	53
31	45	60
31	47	79
31	48	89
31	53	84
31	54	81
31	55	84
31	56	54
31	59	83
31	61	82
31	64	68
31	66	84
31	67	80
31	77	53
31	78	68
31	80	6
31	83	80
31	84	54
31	89	68
31	91	61
31	97	59
31	103	27
31	105	65
31	106	86
31	107	3
31	110	58
31	112	33
31	119	83
31	122	81
31	124	100
31	126	10
31	133	8
31	136	21
31	138	61
31	139	55
31	144	13
31	148	29
31	150	58
31	152	6
31	153	14
31	154	54
31	156	28
31	160	82
31	162	84
31	163	9
31	164	80
31	170	72
31	175	6
31	176	13
31	187	68
31	192	28
31	193	45
31	194	7
31	198	75
31	199	41
32	34	7
32	36	27
32	37	2
32	38	73
32	47	51
32	49	65
32	50	22
32	51	46
32	52	61
32	55	78
32	59	78
32	62	3
32	66	55
32	70	9
32	78	89
32	85	25
32	87	75
32	89	23
32	94	79
32	96	97
32	97	19
32	99	47
32	102	11
32	107	91
32	112	18
32	125	13
32	127	58
32	130	3
32	131	68
32	135	29
32	136	80
32	141	51
32	142	41
32	144	30
32	152	51
32	153	68
32	154	52
32	155	88
32	156	66
32	157	90
32	163	56
32	167	3
32	170	30
32	173	29
32	178	64
32	179	92
32	182	52
32	185	92
32	189	71
32	191	15
32	192	75
32	193	57
32	195	52
32	198	85
32	199	68
33	34	85
33	36	35
33	37	66
33	38	57
33	40	48
33	42	81
33	45	88
33	47	4
33	48	69
33	51	100
33	58	25
33	61	78
33	65	75
33	66	37
33	67	7
33	68	28
33	71	63
33	73	20
33	79	30
33	81	64
33	82	65
33	84	14
33	86	60
33	88	96
33	92	58
33	96	61
33	107	74
33	109	97
33	110	71
33	111	54
33	112	27
33	118	90
33	121	92
33	124	61
33	126	33
33	128	66
33	130	90
33	133	52
33	135	75
33	139	49
33	140	10
33	141	100
33	145	43
33	147	47
33	149	28
33	150	86
33	151	31
33	152	44
33	156	30
33	160	4
33	164	18
33	168	98
33	171	62
33	178	6
33	180	61
33	186	85
34	39	37
34	42	6
34	43	68
34	44	3
34	50	30
34	52	36
34	68	94
34	69	77
34	74	9
34	77	97
34	81	97
34	82	10
34	83	65
34	84	46
34	85	19
34	87	83
34	92	33
34	96	89
34	100	65
34	102	35
34	105	18
34	107	49
34	111	69
34	112	58
34	115	78
34	119	46
34	127	57
34	129	53
34	133	22
34	138	61
34	142	45
34	143	69
34	149	34
34	150	77
34	156	96
34	157	98
34	162	50
34	164	74
34	171	33
34	178	45
34	179	84
34	180	76
34	182	96
34	186	80
34	187	92
34	188	21
34	189	66
34	190	19
34	198	78
35	39	69
35	40	24
35	44	52
35	49	49
35	52	83
35	53	41
35	54	84
35	56	64
35	58	6
35	61	61
35	64	37
35	65	53
35	66	44
35	67	42
35	70	94
35	71	30
35	77	72
35	79	34
35	87	65
35	88	43
35	91	11
35	93	44
35	102	32
35	108	72
35	113	72
35	121	51
35	123	43
35	124	100
35	125	53
35	138	22
35	140	24
35	141	49
35	142	68
35	149	15
35	150	8
35	152	62
35	157	45
35	160	3
35	162	85
35	165	20
35	179	91
35	180	89
35	184	29
35	185	89
35	186	64
35	189	89
35	190	98
35	191	7
35	195	13
35	196	64
36	46	84
36	50	12
36	51	5
36	54	46
36	56	3
36	58	5
36	60	88
36	62	54
36	63	68
36	64	13
36	65	92
36	66	48
36	68	1
36	69	30
36	70	12
36	76	5
36	81	78
36	91	25
36	96	42
36	98	86
36	101	39
36	105	38
36	111	38
36	117	32
36	120	74
36	123	22
36	129	27
36	133	65
36	134	22
36	137	23
36	140	19
36	141	75
36	143	12
36	144	24
36	145	79
36	146	97
36	147	31
36	148	68
36	149	46
36	153	24
36	154	92
36	155	79
36	157	9
36	158	94
36	159	72
36	160	20
36	162	73
36	163	87
36	164	63
36	165	9
36	166	96
36	168	67
36	170	27
36	177	48
36	186	57
36	192	38
36	193	71
37	40	79
37	41	43
37	47	80
37	55	11
37	63	41
37	66	72
37	71	23
37	82	20
37	85	83
37	87	74
37	88	8
37	90	96
37	91	10
37	94	96
37	96	4
37	99	51
37	109	55
37	116	62
37	117	71
37	119	56
37	120	73
37	123	86
37	124	88
37	131	10
37	133	8
37	140	85
37	141	37
37	142	88
37	154	34
37	163	81
37	169	26
37	171	98
37	172	39
37	176	91
37	177	50
37	182	33
37	183	73
37	184	26
37	188	53
37	192	53
37	195	7
37	196	69
37	197	48
38	41	40
38	42	96
38	49	54
38	56	90
38	62	41
38	66	92
38	68	78
38	76	20
38	77	39
38	78	99
38	80	31
38	83	88
38	88	38
38	90	95
38	91	48
38	92	93
38	93	2
38	94	49
38	100	64
38	113	20
38	115	24
38	116	78
38	121	38
38	132	16
38	136	57
38	141	34
38	144	84
38	147	31
38	151	56
38	157	87
38	158	94
38	159	85
38	163	96
38	174	67
38	175	76
38	177	44
38	180	9
38	181	4
38	182	47
38	186	19
38	188	55
38	192	33
38	197	51
39	42	51
39	45	88
39	46	78
39	50	67
39	53	65
39	54	46
39	58	33
39	60	89
39	63	79
39	65	87
39	68	84
39	73	44
39	75	48
39	81	94
39	85	41
39	89	13
39	91	49
39	92	94
39	95	18
39	96	95
39	97	26
39	98	77
39	103	40
39	105	98
39	107	11
39	109	11
39	116	99
39	117	16
39	118	21
39	121	1
39	125	8
39	126	38
39	127	16
39	133	23
39	134	72
39	137	90
39	144	82
39	147	16
39	151	94
39	155	33
39	156	91
39	157	38
39	158	15
39	161	62
39	164	87
39	167	22
39	175	92
39	182	74
39	185	27
39	187	94
39	190	99
39	191	51
39	197	97
39	198	76
40	43	47
40	46	57
40	48	33
40	54	10
40	55	56
40	58	48
40	59	26
40	63	18
40	66	35
40	68	25
40	71	33
40	72	39
40	73	19
40	74	10
40	77	93
40	79	90
40	84	35
40	86	17
40	87	84
40	88	61
40	89	52
40	91	7
40	94	94
40	95	80
40	97	26
40	98	99
40	99	61
40	103	5
40	108	52
40	111	37
40	112	89
40	113	18
40	118	65
40	119	100
40	121	60
40	124	33
40	126	52
40	129	47
40	130	94
40	133	34
40	135	17
40	141	8
40	147	22
40	151	62
40	152	63
40	159	53
40	160	94
40	166	11
40	169	80
40	174	17
40	180	6
40	183	3
40	184	70
40	187	52
40	189	74
40	194	77
40	195	50
40	196	21
40	197	49
40	198	29
41	42	1
41	45	86
41	46	95
41	49	100
41	51	41
41	52	70
41	56	36
41	57	39
41	58	67
41	60	32
41	61	30
41	69	83
41	75	28
41	77	33
41	80	82
41	84	87
41	88	9
41	90	95
41	92	72
41	94	51
41	101	93
41	102	75
41	105	46
41	108	7
41	113	60
41	117	24
41	118	22
41	135	45
41	136	32
41	138	74
41	139	91
41	146	16
41	148	27
41	150	3
41	151	4
41	153	4
41	156	38
41	158	100
41	159	47
41	160	87
41	163	22
41	165	3
41	167	85
41	172	22
41	173	37
41	177	87
41	178	84
41	182	16
41	184	59
41	188	75
41	189	65
41	190	54
41	193	70
41	194	63
42	44	30
42	45	53
42	55	49
42	62	43
42	64	26
42	75	97
42	77	65
42	84	69
42	92	74
42	97	14
42	100	56
42	101	99
42	102	17
42	103	61
42	107	92
42	110	20
42	112	53
42	119	67
42	122	11
42	124	76
42	125	55
42	129	29
42	130	96
42	132	62
42	135	5
42	137	60
42	138	94
42	139	65
42	142	32
42	144	71
42	149	74
42	150	55
42	152	25
42	155	15
42	159	93
42	164	98
42	167	72
42	169	66
42	171	91
42	172	4
42	173	60
42	177	25
42	178	71
42	182	66
42	183	53
42	186	45
42	187	17
42	190	11
42	191	21
42	193	87
42	195	32
42	198	95
43	47	70
43	48	87
43	57	48
43	58	40
43	66	79
43	67	41
43	69	39
43	71	86
43	74	7
43	76	37
43	78	59
43	79	65
43	81	49
43	82	24
43	84	54
43	86	36
43	90	9
43	91	94
43	95	1
43	96	97
43	101	89
43	102	69
43	103	30
43	104	46
43	106	12
43	114	94
43	117	13
43	119	7
43	122	75
43	123	17
43	128	42
43	130	20
43	133	2
43	137	92
43	139	18
43	143	25
43	144	29
43	145	14
43	152	60
43	159	1
43	163	51
43	164	42
43	165	7
43	167	21
43	168	74
43	178	78
43	180	10
43	185	45
43	187	20
43	189	38
43	190	79
43	198	70
44	51	45
44	52	88
44	55	21
44	65	52
44	67	39
44	72	12
44	74	91
44	75	50
44	81	11
44	83	41
44	84	85
44	86	34
44	87	36
44	88	88
44	94	98
44	95	89
44	96	27
44	97	2
44	101	70
44	103	92
44	112	22
44	114	85
44	121	40
44	126	49
44	129	11
44	131	100
44	134	11
44	135	25
44	137	87
44	138	4
44	141	9
44	143	98
44	147	20
44	150	28
44	161	63
44	165	24
44	168	53
44	174	8
44	175	98
44	176	82
44	182	25
44	187	96
44	194	93
44	198	34
44	199	75
45	50	41
45	51	18
45	60	58
45	62	12
45	63	8
45	64	73
45	70	50
45	72	29
45	77	6
45	82	83
45	86	43
45	90	25
45	92	44
45	95	39
45	97	72
45	100	25
45	101	30
45	102	12
45	103	4
45	112	94
45	116	51
45	117	17
45	122	18
45	127	48
45	130	42
45	136	41
45	139	78
45	140	38
45	149	29
45	150	73
45	155	73
45	157	8
45	163	98
45	167	10
45	172	13
45	173	63
45	175	32
45	176	46
45	178	7
45	193	22
45	197	29
46	49	91
46	50	61
46	55	66
46	60	75
46	63	79
46	65	9
46	66	86
46	70	60
46	71	99
46	72	85
46	74	8
46	75	47
46	76	2
46	79	76
46	80	10
46	81	20
46	87	50
46	88	83
46	91	33
46	93	3
46	94	45
46	95	71
46	103	25
46	106	54
46	111	56
46	114	28
46	120	20
46	122	42
46	123	89
46	124	63
46	128	9
46	133	41
46	134	97
46	136	45
46	140	50
46	143	25
46	145	30
46	152	73
46	155	54
46	157	98
46	158	15
46	160	12
46	165	11
46	169	99
46	176	37
46	178	72
46	182	71
46	185	81
46	190	83
46	191	36
46	192	50
46	193	45
46	195	57
46	197	12
46	198	72
47	48	100
47	53	39
47	55	60
47	59	33
47	65	47
47	66	63
47	67	70
47	75	51
47	81	23
47	82	93
47	84	9
47	87	34
47	90	8
47	94	95
47	96	15
47	99	76
47	102	97
47	104	17
47	105	7
47	108	81
47	110	66
47	113	31
47	114	58
47	120	61
47	122	52
47	123	42
47	125	96
47	130	55
47	131	76
47	137	36
47	139	44
47	140	10
47	141	87
47	142	20
47	144	78
47	155	86
47	157	66
47	160	55
47	163	66
47	164	19
47	168	62
47	169	3
47	170	83
47	172	62
47	179	11
47	184	76
47	186	53
47	190	15
47	191	39
47	192	22
47	194	61
47	195	97
47	196	53
47	199	83
48	53	85
48	55	93
48	58	72
48	60	44
48	61	23
48	62	67
48	63	17
48	71	5
48	72	89
48	75	12
48	79	34
48	84	49
48	86	86
48	89	48
48	91	97
48	92	27
48	95	96
48	101	28
48	102	34
48	115	45
48	117	1
48	124	97
48	130	91
48	135	74
48	136	51
48	150	43
48	153	30
48	155	23
48	157	14
48	166	32
48	177	82
48	183	78
48	188	43
48	190	19
48	192	62
48	196	84
49	51	48
49	53	57
49	58	9
49	59	99
49	61	80
49	64	27
49	69	44
49	71	92
49	72	43
49	74	41
49	76	10
49	78	29
49	80	88
49	81	19
49	82	33
49	83	50
49	86	28
49	88	42
49	90	81
49	97	92
49	98	66
49	105	75
49	113	45
49	115	96
49	116	88
49	121	30
49	124	44
49	125	67
49	133	22
49	134	30
49	139	72
49	140	73
49	142	57
49	150	46
49	153	64
49	155	44
49	157	97
49	160	99
49	163	59
49	164	68
49	167	64
49	168	72
49	169	24
49	175	87
49	176	95
49	183	66
49	186	56
49	188	50
49	189	35
49	190	55
49	191	24
49	193	57
49	198	68
49	199	44
50	54	3
50	57	53
50	58	74
50	61	78
50	62	94
50	65	23
50	68	69
50	70	15
50	72	38
50	74	59
50	75	44
50	77	46
50	87	45
50	93	93
50	95	7
50	100	19
50	108	38
50	110	70
50	111	47
50	119	49
50	120	91
50	125	89
50	129	47
50	132	17
50	135	52
50	137	42
50	149	50
50	150	60
50	154	82
50	161	44
50	162	95
50	169	24
50	170	85
50	173	34
50	174	80
50	176	84
50	177	46
50	182	36
50	184	43
50	185	19
50	187	94
50	188	98
50	196	1
50	197	67
51	52	16
51	53	11
51	55	28
51	57	75
51	59	88
51	65	58
51	66	76
51	67	98
51	69	56
51	70	3
51	71	19
51	75	29
51	81	1
51	84	91
51	86	34
51	89	14
51	92	27
51	93	51
51	94	36
51	96	16
51	100	27
51	102	12
51	103	46
51	104	46
51	106	18
51	107	80
51	108	27
51	113	88
51	114	87
51	115	52
51	120	94
51	121	18
51	124	55
51	127	75
51	130	20
51	136	73
51	147	86
51	148	83
51	150	87
51	151	35
51	155	70
51	156	26
51	165	67
51	170	98
51	178	94
51	180	92
51	182	57
51	188	13
51	189	94
51	194	71
51	197	26
51	199	88
52	66	22
52	73	46
52	79	74
52	83	59
52	90	17
52	97	47
52	99	37
52	102	24
52	104	18
52	107	37
52	109	73
52	111	27
52	124	54
52	126	58
52	127	96
52	140	10
52	141	46
52	146	19
52	152	87
52	155	64
52	159	74
52	165	93
52	170	80
52	182	51
52	191	61
52	192	95
52	193	7
52	194	75
52	197	25
53	60	3
53	67	25
53	83	18
53	91	51
53	92	73
53	102	33
53	109	38
53	110	26
53	116	30
53	117	41
53	120	89
53	121	35
53	124	85
53	126	87
53	127	97
53	136	84
53	137	71
53	138	34
53	140	91
53	141	36
53	145	46
53	147	91
53	149	6
53	153	62
53	156	49
53	158	66
53	162	96
53	165	14
53	167	37
53	170	82
53	171	84
53	175	8
53	176	73
53	177	90
53	178	84
53	180	21
53	183	73
53	184	92
53	185	65
53	189	86
53	190	43
53	194	33
54	60	53
54	68	66
54	70	79
54	71	3
54	72	19
54	75	23
54	78	78
54	79	61
54	83	91
54	89	66
54	92	4
54	95	79
54	102	29
54	103	96
54	110	71
54	111	39
54	114	6
54	117	22
54	120	22
54	133	17
54	136	14
54	138	84
54	143	27
54	145	87
54	149	18
54	151	23
54	152	19
54	153	67
54	156	52
54	166	51
54	167	15
54	173	70
54	174	1
54	175	64
54	176	14
54	178	59
54	179	19
54	186	14
54	190	100
54	191	5
54	195	11
55	56	47
55	58	30
55	60	57
55	66	44
55	72	67
55	73	96
55	74	10
55	75	80
55	77	13
55	84	100
55	85	57
55	92	4
55	100	78
55	101	65
55	103	36
55	104	55
55	105	50
55	107	80
55	108	72
55	109	93
55	115	43
55	116	60
55	117	6
55	121	100
55	126	23
55	127	82
55	128	3
55	134	50
55	140	13
55	141	20
55	149	17
55	151	48
55	152	56
55	156	50
55	158	38
55	161	5
55	164	8
55	166	99
55	167	41
55	169	69
55	172	90
55	175	64
55	177	36
55	181	8
55	183	55
55	187	31
55	190	49
55	191	33
55	198	91
55	199	31
56	57	77
56	64	75
56	65	30
56	68	53
56	69	96
56	70	61
56	77	4
56	79	93
56	80	16
56	82	10
56	91	33
56	92	32
56	97	15
56	99	36
56	101	90
56	106	28
56	107	74
56	108	39
56	113	55
56	114	58
56	116	68
56	130	83
56	136	19
56	138	32
56	139	85
56	143	30
56	145	10
56	146	49
56	147	23
56	148	61
56	150	32
56	152	56
56	153	93
56	154	26
56	159	85
56	160	98
56	162	23
56	165	97
56	172	95
56	175	23
56	176	51
56	177	6
56	181	63
56	192	88
56	197	20
57	65	16
57	67	61
57	77	58
57	87	60
57	90	73
57	92	19
57	96	85
57	97	62
57	105	79
57	110	93
57	111	14
57	113	16
57	115	2
57	116	76
57	124	32
57	129	26
57	131	90
57	132	23
57	137	21
57	144	98
57	146	53
57	149	67
57	151	77
57	152	53
57	155	50
57	156	13
57	161	15
57	162	12
57	163	99
57	165	5
57	171	97
57	172	1
57	174	69
57	179	65
57	183	28
57	184	73
57	186	61
57	192	8
58	59	46
58	61	8
58	72	92
58	78	35
58	79	38
58	80	47
58	86	57
58	91	46
58	93	42
58	94	53
58	96	69
58	98	64
58	101	19
58	102	45
58	116	87
58	118	60
58	119	26
58	121	87
58	124	55
58	125	45
58	128	72
58	130	95
58	134	24
58	140	71
58	141	69
58	143	28
58	144	92
58	147	23
58	155	36
58	157	96
58	160	26
58	164	65
58	167	35
58	169	100
58	172	35
58	175	14
58	178	50
58	179	70
58	186	73
58	191	57
58	194	37
58	197	38
58	199	95
59	60	57
59	63	95
59	64	92
59	65	41
59	70	33
59	73	99
59	75	3
59	76	15
59	77	81
59	78	61
59	80	15
59	83	10
59	84	90
59	89	36
59	91	7
59	99	62
59	102	51
59	112	4
59	114	24
59	116	31
59	117	94
59	118	48
59	119	12
59	121	29
59	125	78
59	131	50
59	132	10
59	140	19
59	144	83
59	145	24
59	146	74
59	155	49
59	158	77
59	166	3
59	168	44
59	170	69
59	171	22
59	173	97
59	174	22
59	177	100
59	179	13
59	180	75
59	182	83
59	184	17
59	188	39
59	191	35
59	197	21
59	198	98
60	66	47
60	67	63
60	68	34
60	69	70
60	70	60
60	71	50
60	78	3
60	79	51
60	82	24
60	85	62
60	94	100
60	95	70
60	96	67
60	97	37
60	103	81
60	106	7
60	115	58
60	121	74
60	122	35
60	133	93
60	138	21
60	139	26
60	141	71
60	143	35
60	145	96
60	146	33
60	149	53
60	153	7
60	155	45
60	160	41
60	161	42
60	162	81
60	164	94
60	169	59
60	172	63
60	174	83
60	176	91
60	181	67
60	184	58
60	188	23
60	189	90
60	193	30
60	199	30
61	63	36
61	64	17
61	67	51
61	69	72
61	73	42
61	76	79
61	79	87
61	88	43
61	91	9
61	94	38
61	95	68
61	101	7
61	104	77
61	110	52
61	111	66
61	113	64
61	116	65
61	117	41
61	121	60
61	123	46
61	124	62
61	127	76
61	128	67
61	132	76
61	146	23
61	147	43
61	152	63
61	153	88
61	154	49
61	156	54
61	158	91
61	161	33
61	163	62
61	164	72
61	165	56
61	173	55
61	175	59
61	178	31
61	181	55
61	189	86
61	190	95
61	195	91
61	197	31
62	63	63
62	66	12
62	67	20
62	68	75
62	71	100
62	73	59
62	74	26
62	77	50
62	79	21
62	83	85
62	84	60
62	85	36
62	88	34
62	94	17
62	95	13
62	99	53
62	100	59
62	102	52
62	103	67
62	105	3
62	106	78
62	107	6
62	113	7
62	118	57
62	120	39
62	131	25
62	133	14
62	135	48
62	136	39
62	142	49
62	145	45
62	153	56
62	155	76
62	157	2
62	165	15
62	169	69
62	170	13
62	173	44
62	177	15
62	178	34
62	180	30
62	185	86
62	188	75
62	190	57
62	191	21
62	193	68
62	194	56
62	195	37
62	198	60
62	199	56
63	65	88
63	68	14
63	70	60
63	72	79
63	73	67
63	78	95
63	80	28
63	88	92
63	89	50
63	101	43
63	106	68
63	107	32
63	112	78
63	115	62
63	122	1
63	123	45
63	124	50
63	125	40
63	128	5
63	130	6
63	132	24
63	133	71
63	134	32
63	140	82
63	142	52
63	143	87
63	148	43
63	150	88
63	152	30
63	157	55
63	160	30
63	161	33
63	165	72
63	166	26
63	170	48
63	173	30
63	180	17
63	183	22
63	186	83
63	195	58
63	196	2
63	198	57
63	199	21
64	66	23
64	69	98
64	70	29
64	71	69
64	87	72
64	91	17
64	92	55
64	94	23
64	98	6
64	99	70
64	101	67
64	104	90
64	105	41
64	107	99
64	111	62
64	114	15
64	119	23
64	121	29
64	122	38
64	127	57
64	134	25
64	137	20
64	138	52
64	143	19
64	152	44
64	158	29
64	160	76
64	161	35
64	165	64
64	166	51
64	167	63
64	170	55
64	171	34
64	177	67
64	179	74
64	180	14
64	188	62
64	193	72
65	76	70
65	81	50
65	83	22
65	84	82
65	86	46
65	89	12
65	90	99
65	91	22
65	99	59
65	101	23
65	103	83
65	109	40
65	110	70
65	112	63
65	115	34
65	118	54
65	121	6
65	126	90
65	128	54
65	130	62
65	131	44
65	135	92
65	140	7
65	143	100
65	150	49
65	151	71
65	152	8
65	158	87
65	161	42
65	162	70
65	164	82
65	165	91
65	167	46
65	168	87
65	169	56
65	172	36
65	173	72
65	176	10
65	179	59
65	183	46
65	191	14
65	198	1
66	68	54
66	73	6
66	76	73
66	78	53
66	80	15
66	81	90
66	82	95
66	88	93
66	89	45
66	90	17
66	98	30
66	99	18
66	105	75
66	107	91
66	116	87
66	117	86
66	119	48
66	126	91
66	131	32
66	132	60
66	134	16
66	136	67
66	138	8
66	143	100
66	144	71
66	145	80
66	146	62
66	149	13
66	150	86
66	151	99
66	155	69
66	156	1
66	162	25
66	163	29
66	164	74
66	165	42
66	168	2
66	170	38
66	174	49
66	177	29
66	178	100
66	179	68
66	180	10
66	181	86
66	184	45
66	187	7
66	192	20
66	194	95
66	196	62
67	68	57
67	69	19
67	75	5
67	79	15
67	82	7
67	85	59
67	94	7
67	95	6
67	97	33
67	99	99
67	100	37
67	101	44
67	111	99
67	112	21
67	113	100
67	115	91
67	116	82
67	124	3
67	125	9
67	127	33
67	130	64
67	131	35
67	132	75
67	134	72
67	139	92
67	143	34
67	158	58
67	159	16
67	161	80
67	164	2
67	165	10
67	166	34
67	167	22
67	168	10
67	170	16
67	171	83
67	172	34
67	174	25
67	175	32
67	179	53
67	187	40
67	190	66
67	192	49
67	193	36
67	196	63
67	197	69
68	72	88
68	76	90
68	82	7
68	90	36
68	91	35
68	99	1
68	101	30
68	103	84
68	106	95
68	109	41
68	124	83
68	125	90
68	128	39
68	130	10
68	132	58
68	134	3
68	135	76
68	138	24
68	139	77
68	143	73
68	144	15
68	145	64
68	149	73
68	150	53
68	152	34
68	154	3
68	158	54
68	160	60
68	162	45
68	163	40
68	164	78
68	168	56
68	170	2
68	171	76
68	172	55
68	173	23
68	177	29
68	179	92
68	185	78
68	199	6
69	71	100
69	74	18
69	75	47
69	78	59
69	81	38
69	82	67
69	83	20
69	84	93
69	85	58
69	86	1
69	87	7
69	96	47
69	104	53
69	105	5
69	108	68
69	110	61
69	113	50
69	116	47
69	118	79
69	120	14
69	127	93
69	129	90
69	137	6
69	139	77
69	140	32
69	141	93
69	145	100
69	148	75
69	151	10
69	153	22
69	158	69
69	159	27
69	160	86
69	163	52
69	173	14
69	174	25
69	178	3
69	180	56
69	187	78
69	189	63
69	190	42
69	192	84
69	193	89
69	194	51
69	197	59
69	199	88
70	71	21
70	77	55
70	78	96
70	81	85
70	84	71
70	85	11
70	86	77
70	87	33
70	89	39
70	93	16
70	94	42
70	97	18
70	98	98
70	102	12
70	103	2
70	108	82
70	109	14
70	110	41
70	116	12
70	117	79
70	124	79
70	129	73
70	130	51
70	133	48
70	138	12
70	140	41
70	143	18
70	145	97
70	149	27
70	152	26
70	154	31
70	158	91
70	161	6
70	165	9
70	172	26
70	177	6
70	178	96
70	181	51
70	182	50
70	191	86
70	192	90
70	197	24
71	72	48
71	75	27
71	78	49
71	81	78
71	82	52
71	84	33
71	85	77
71	87	40
71	90	77
71	93	60
71	94	20
71	96	19
71	97	13
71	104	52
71	106	13
71	109	100
71	113	33
71	121	93
71	122	95
71	126	100
71	129	68
71	137	51
71	139	85
71	141	26
71	143	44
71	147	45
71	150	19
71	152	57
71	155	69
71	157	47
71	162	41
71	164	5
71	165	63
71	166	76
71	167	31
71	171	61
71	174	79
71	176	22
71	180	19
71	182	10
71	183	24
71	185	36
71	188	70
71	189	98
71	193	90
71	194	27
72	74	20
72	75	48
72	79	40
72	85	53
72	87	72
72	93	41
72	97	72
72	101	65
72	103	77
72	113	74
72	115	50
72	117	34
72	119	6
72	120	45
72	121	22
72	122	87
72	123	72
72	126	98
72	131	81
72	132	96
72	135	43
72	146	22
72	150	44
72	155	80
72	160	40
72	162	99
72	165	57
72	170	22
72	172	44
72	180	69
72	185	29
72	189	52
72	194	94
72	196	43
73	74	28
73	76	36
73	89	12
73	90	46
73	91	52
73	92	32
73	97	47
73	103	11
73	104	76
73	108	9
73	110	91
73	116	24
73	119	36
73	125	44
73	126	58
73	128	98
73	130	86
73	135	62
73	136	91
73	138	81
73	140	84
73	144	90
73	148	28
73	149	84
73	152	23
73	153	21
73	154	20
73	155	70
73	156	74
73	158	45
73	160	8
73	161	66
73	165	51
73	175	65
73	180	61
73	181	32
73	182	89
73	184	60
73	190	29
73	192	40
73	194	34
74	75	14
74	79	83
74	85	99
74	91	47
74	92	97
74	97	11
74	99	41
74	103	83
74	104	42
74	105	93
74	107	77
74	108	63
74	119	14
74	122	35
74	123	29
74	124	69
74	128	85
74	129	27
74	131	53
74	150	94
74	152	53
74	153	91
74	158	25
74	162	66
74	166	23
74	171	45
74	174	25
74	176	22
74	182	65
74	183	61
74	188	42
74	196	31
74	197	2
74	198	37
74	199	71
75	76	9
75	78	35
75	79	95
75	82	62
75	83	67
75	85	25
75	89	48
75	90	25
75	93	66
75	99	58
75	100	14
75	107	85
75	111	81
75	120	85
75	121	36
75	123	69
75	124	59
75	127	12
75	128	67
75	132	91
75	133	45
75	137	9
75	153	94
75	154	48
75	160	21
75	177	44
75	180	14
75	183	8
75	184	62
75	187	8
75	188	48
75	192	34
75	194	37
75	195	30
75	197	33
76	81	33
76	85	63
76	86	31
76	91	75
76	92	42
76	94	93
76	95	34
76	96	65
76	98	90
76	102	82
76	104	12
76	106	40
76	109	7
76	112	65
76	115	76
76	117	62
76	119	6
76	127	73
76	129	53
76	136	54
76	137	97
76	141	47
76	144	82
76	147	35
76	153	81
76	154	100
76	159	2
76	160	88
76	161	15
76	163	35
76	166	97
76	172	59
76	176	54
76	186	45
76	189	43
76	190	59
76	191	23
76	192	5
76	193	66
76	196	34
76	199	46
77	78	22
77	81	72
77	82	17
77	83	50
77	84	35
77	89	75
77	91	39
77	92	47
77	94	72
77	96	20
77	97	25
77	98	41
77	100	56
77	102	11
77	103	16
77	107	80
77	110	21
77	112	79
77	113	20
77	115	68
77	118	24
77	119	88
77	123	75
77	136	30
77	137	18
77	138	27
77	139	24
77	145	60
77	156	75
77	157	7
77	158	28
77	161	44
77	165	26
77	166	66
77	167	64
77	169	33
77	171	26
77	173	77
77	175	57
77	178	24
77	181	95
77	182	28
77	186	81
77	187	52
77	188	67
77	189	83
77	190	76
77	191	9
77	192	36
77	193	19
77	196	21
77	197	86
78	80	58
78	81	94
78	83	31
78	88	82
78	94	72
78	96	91
78	97	84
78	102	26
78	106	14
78	117	54
78	118	31
78	122	75
78	125	35
78	131	56
78	132	18
78	133	7
78	135	88
78	148	19
78	150	51
78	151	84
78	153	3
78	154	54
78	155	25
78	156	3
78	160	17
78	163	93
78	164	55
78	165	12
78	166	27
78	177	18
78	178	15
78	179	2
78	180	44
78	182	92
78	186	100
78	187	15
78	193	22
78	194	30
78	195	86
78	197	31
79	80	7
79	84	28
79	86	19
79	87	63
79	93	24
79	96	63
79	103	55
79	114	52
79	127	45
79	135	89
79	137	16
79	139	18
79	141	43
79	142	86
79	144	79
79	147	8
79	155	31
79	160	10
79	164	27
79	176	85
79	177	98
79	181	18
79	182	83
79	186	59
79	194	24
79	199	13
80	81	22
80	86	18
80	87	76
80	88	37
80	89	5
80	93	21
80	97	88
80	100	76
80	102	48
80	106	57
80	108	39
80	112	24
80	119	17
80	124	66
80	126	46
80	127	56
80	128	18
80	130	10
80	132	52
80	134	85
80	143	29
80	145	70
80	156	28
80	159	69
80	161	3
80	163	9
80	168	33
80	169	1
80	170	81
80	173	82
80	176	68
80	179	88
80	181	8
80	182	51
80	183	59
80	189	20
80	190	30
80	192	100
80	196	91
80	198	76
80	199	74
81	82	90
81	86	39
81	88	19
81	95	14
81	96	66
81	97	73
81	100	61
81	103	70
81	104	5
81	105	60
81	106	77
81	108	85
81	112	2
81	113	35
81	118	79
81	122	58
81	123	59
81	125	28
81	126	5
81	131	37
81	132	31
81	135	30
81	141	97
81	142	64
81	144	98
81	145	96
81	148	24
81	149	60
81	150	84
81	151	36
81	154	27
81	156	81
81	158	45
81	166	29
81	168	52
81	169	56
81	170	59
81	173	10
81	178	69
81	184	72
81	187	14
81	193	82
81	194	74
81	196	47
81	199	45
82	86	20
82	88	59
82	91	99
82	94	28
82	95	8
82	96	76
82	104	73
82	106	29
82	114	4
82	118	36
82	125	80
82	129	68
82	130	22
82	138	50
82	141	82
82	143	8
82	149	95
82	151	27
82	152	33
82	153	16
82	154	83
82	157	9
82	161	43
82	173	84
82	176	86
82	177	84
82	178	19
82	187	55
82	193	74
82	194	18
82	197	58
82	198	53
83	88	32
83	92	43
83	93	75
83	96	52
83	99	16
83	100	95
83	103	1
83	106	67
83	108	55
83	110	71
83	111	79
83	113	54
83	115	56
83	117	44
83	125	62
83	133	46
83	136	79
83	137	49
83	139	26
83	140	29
83	141	68
83	142	90
83	144	21
83	145	57
83	148	54
83	149	32
83	151	90
83	154	9
83	156	51
83	158	72
83	159	61
83	167	68
83	169	59
83	179	68
83	187	39
83	190	6
83	192	59
83	196	6
83	199	5
84	85	16
84	87	22
84	88	34
84	90	27
84	92	36
84	96	32
84	97	52
84	98	25
84	100	55
84	102	51
84	110	19
84	111	79
84	112	61
84	116	30
84	118	5
84	121	62
84	124	96
84	129	21
84	134	11
84	135	10
84	136	33
84	141	27
84	142	92
84	143	5
84	153	55
84	162	41
84	163	34
84	166	54
84	171	48
84	172	37
84	177	16
84	180	89
84	187	100
84	188	66
84	191	44
84	196	84
84	197	97
84	198	58
85	89	6
85	92	14
85	93	82
85	94	14
85	96	73
85	98	69
85	100	34
85	103	68
85	109	94
85	110	84
85	116	89
85	118	7
85	120	84
85	122	56
85	131	77
85	132	89
85	139	5
85	140	38
85	145	33
85	154	29
85	157	57
85	164	49
85	167	10
85	170	59
85	173	8
85	176	76
85	177	63
85	179	77
85	183	98
85	186	39
85	188	67
85	189	70
85	190	88
85	191	44
85	198	52
86	88	76
86	91	70
86	94	92
86	98	55
86	101	36
86	102	60
86	107	32
86	108	86
86	111	38
86	115	2
86	120	71
86	123	36
86	126	29
86	130	78
86	138	8
86	139	16
86	142	16
86	144	51
86	147	71
86	148	98
86	159	7
86	164	56
86	169	81
86	170	17
86	171	30
86	172	68
86	176	50
86	180	47
86	181	35
86	182	12
86	183	28
86	185	85
86	187	23
86	188	10
86	198	68
87	88	26
87	89	84
87	91	95
87	95	64
87	101	78
87	102	46
87	103	47
87	111	21
87	117	53
87	120	96
87	121	89
87	122	11
87	125	92
87	128	10
87	129	77
87	130	47
87	137	96
87	144	14
87	151	43
87	153	88
87	156	65
87	158	84
87	161	95
87	162	78
87	164	57
87	173	10
87	185	56
87	194	29
88	89	89
88	92	71
88	96	55
88	99	27
88	103	81
88	108	77
88	115	79
88	124	34
88	128	9
88	131	70
88	133	44
88	135	27
88	138	10
88	142	20
88	144	69
88	145	80
88	147	1
88	157	56
88	159	8
88	160	51
88	166	7
88	168	60
88	171	51
88	172	41
88	176	13
88	178	47
88	179	44
88	184	87
88	185	63
88	190	8
88	192	16
88	198	48
89	90	23
89	91	72
89	93	3
89	94	51
89	107	38
89	116	93
89	119	48
89	120	47
89	121	75
89	123	91
89	132	41
89	133	73
89	136	87
89	137	87
89	138	62
89	139	67
89	141	73
89	142	67
89	143	74
89	145	82
89	147	44
89	152	45
89	153	74
89	156	48
89	158	79
89	160	50
89	164	78
89	170	64
89	172	26
89	173	37
89	177	92
89	180	71
89	184	53
89	185	26
89	189	3
89	190	86
89	191	7
89	194	19
89	195	85
89	198	11
90	93	74
90	98	17
90	107	52
90	118	10
90	120	44
90	121	20
90	123	66
90	127	41
90	130	96
90	134	30
90	135	40
90	136	29
90	139	42
90	140	24
90	143	5
90	145	68
90	146	34
90	148	38
90	155	86
90	156	54
90	158	57
90	159	57
90	166	26
90	168	20
90	170	98
90	171	57
90	173	83
90	174	1
90	180	87
90	189	100
90	192	90
90	193	81
90	198	3
91	93	47
91	94	21
91	95	83
91	105	94
91	108	22
91	112	12
91	115	41
91	117	27
91	120	45
91	122	28
91	128	47
91	132	1
91	136	48
91	138	30
91	142	69
91	147	23
91	148	42
91	150	86
91	153	64
91	157	26
91	159	64
91	165	33
91	167	91
91	170	19
91	172	59
91	174	23
91	176	22
91	181	17
91	186	61
91	187	32
91	191	51
91	194	21
91	197	85
92	96	83
92	101	77
92	103	5
92	118	21
92	119	66
92	120	39
92	121	64
92	122	73
92	126	67
92	128	30
92	136	6
92	144	27
92	145	92
92	147	20
92	149	31
92	151	31
92	153	83
92	155	95
92	157	16
92	161	11
92	163	64
92	165	99
92	175	11
92	179	57
92	180	64
92	183	70
92	186	29
92	187	29
92	190	29
92	192	94
92	195	85
92	199	45
93	94	69
93	96	80
93	102	93
93	108	45
93	109	97
93	115	45
93	118	55
93	121	69
93	124	30
93	125	25
93	126	58
93	127	80
93	130	27
93	131	20
93	135	23
93	136	64
93	138	47
93	140	27
93	146	6
93	152	72
93	168	3
93	173	3
93	177	32
93	178	68
93	179	32
93	181	8
93	183	85
93	185	52
93	191	19
93	196	84
93	199	33
94	95	79
94	96	38
94	100	16
94	104	43
94	105	20
94	123	16
94	125	52
94	127	42
94	130	99
94	133	24
94	134	66
94	135	81
94	136	57
94	138	66
94	140	17
94	142	73
94	143	55
94	144	77
94	152	68
94	158	24
94	161	23
94	165	90
94	169	91
94	174	12
94	175	39
94	177	15
94	179	94
94	180	49
94	181	56
94	188	39
94	191	23
94	192	54
94	199	52
95	96	72
95	106	7
95	108	8
95	109	11
95	113	72
95	125	42
95	129	86
95	133	29
95	137	83
95	138	64
95	140	33
95	143	14
95	144	44
95	146	67
95	149	76
95	150	14
95	158	24
95	163	40
95	164	25
95	169	50
95	172	75
95	174	63
95	179	26
95	181	17
95	184	63
95	187	26
95	193	4
95	196	1
95	198	18
95	199	83
96	99	12
96	100	5
96	102	69
96	103	87
96	104	38
96	110	25
96	113	21
96	123	75
96	126	36
96	132	39
96	140	73
96	141	84
96	142	88
96	147	46
96	148	51
96	153	51
96	158	76
96	159	57
96	161	98
96	165	95
96	166	64
96	167	77
96	171	69
96	172	31
96	173	52
96	189	100
96	192	86
96	195	30
96	198	46
97	102	83
97	104	100
97	111	36
97	113	29
97	114	91
97	118	35
97	124	46
97	125	32
97	129	44
97	130	41
97	138	20
97	144	1
97	148	45
97	150	75
97	152	22
97	160	79
97	164	24
97	165	3
97	166	89
97	167	65
97	171	77
97	172	7
97	173	90
97	179	68
97	180	37
97	181	94
97	182	82
97	183	73
97	184	36
97	195	2
98	101	99
98	102	2
98	103	88
98	106	32
98	108	70
98	113	59
98	119	68
98	123	37
98	124	6
98	130	83
98	138	24
98	141	93
98	143	62
98	146	5
98	149	75
98	150	27
98	154	11
98	155	25
98	170	35
98	171	30
98	183	28
98	184	61
98	189	89
98	192	1
98	199	22
99	104	98
99	109	33
99	110	86
99	114	75
99	118	39
99	119	78
99	123	81
99	125	50
99	133	54
99	134	6
99	136	54
99	145	5
99	150	88
99	155	92
99	158	6
99	170	8
99	179	22
99	182	11
99	184	40
99	188	96
99	189	50
99	190	92
99	191	95
99	193	44
100	110	92
100	115	51
100	116	15
100	120	36
100	126	71
100	127	35
100	129	9
100	131	29
100	134	9
100	135	89
100	137	9
100	139	54
100	140	87
100	143	6
100	146	3
100	149	77
100	153	60
100	158	22
100	161	3
100	163	26
100	166	7
100	167	25
100	170	97
100	171	38
100	175	5
100	183	91
100	187	39
100	188	15
100	196	94
101	103	44
101	108	35
101	114	71
101	119	84
101	121	8
101	123	71
101	135	50
101	139	41
101	146	2
101	148	100
101	150	52
101	152	20
101	153	78
101	156	41
101	166	85
101	169	78
101	171	6
101	176	84
101	178	58
101	182	15
101	184	11
101	188	54
101	193	15
101	196	31
102	104	21
102	105	29
102	109	26
102	110	72
102	111	60
102	114	2
102	123	59
102	124	84
102	128	51
102	132	86
102	134	19
102	139	59
102	140	4
102	145	63
102	146	14
102	155	45
102	156	18
102	162	63
102	166	4
102	167	11
102	168	31
102	170	90
102	171	12
102	172	98
102	173	50
102	174	87
102	176	5
102	179	15
102	181	60
102	182	42
102	188	97
102	189	58
102	191	32
102	193	42
102	195	60
103	104	81
103	105	12
103	106	75
103	107	97
103	108	58
103	109	10
103	113	37
103	119	92
103	120	69
103	121	56
103	135	75
103	140	61
103	142	39
103	146	78
103	151	47
103	152	33
103	154	24
103	155	57
103	159	12
103	162	87
103	164	2
103	165	54
103	169	37
103	170	45
103	172	74
103	179	14
103	180	21
103	182	20
103	185	77
103	186	9
103	189	30
103	190	32
103	191	81
103	193	92
103	194	96
103	196	67
103	197	5
104	115	2
104	118	99
104	123	47
104	125	86
104	126	54
104	133	54
104	139	44
104	140	82
104	142	47
104	143	47
104	144	70
104	146	98
104	153	98
104	154	26
104	158	23
104	167	37
104	171	42
104	179	25
104	185	46
104	188	7
104	189	80
104	190	13
104	192	68
104	194	35
104	197	19
104	198	47
105	108	40
105	110	10
105	125	6
105	128	91
105	129	53
105	130	95
105	131	2
105	132	73
105	133	43
105	134	25
105	137	23
105	138	43
105	141	40
105	142	42
105	145	73
105	146	30
105	147	100
105	152	52
105	154	85
105	155	83
105	158	48
105	159	22
105	163	96
105	166	63
105	167	37
105	170	42
105	171	60
105	172	98
105	174	61
105	176	17
105	177	79
105	190	26
106	107	65
106	121	83
106	122	18
106	123	98
106	126	32
106	127	57
106	132	6
106	133	65
106	134	1
106	135	99
106	137	84
106	138	27
106	143	6
106	147	100
106	148	2
106	149	13
106	152	69
106	154	31
106	156	13
106	161	73
106	165	66
106	171	27
106	174	78
106	182	43
106	184	5
106	186	43
106	191	46
106	197	16
106	198	24
106	199	22
107	120	94
107	123	35
107	128	34
107	133	29
107	134	65
107	136	15
107	143	33
107	145	16
107	146	46
107	147	14
107	150	28
107	152	21
107	153	75
107	154	83
107	159	100
107	160	48
107	164	77
107	169	78
107	171	13
107	176	56
107	177	7
107	178	41
107	181	64
107	184	46
107	185	34
107	195	48
107	196	10
108	109	52
108	111	49
108	117	29
108	118	29
108	123	26
108	126	99
108	127	39
108	130	89
108	131	50
108	140	79
108	148	92
108	152	4
108	156	13
108	158	80
108	161	53
108	170	7
108	171	13
108	173	96
108	177	60
108	179	81
108	181	44
108	183	85
108	189	51
108	192	79
108	195	4
108	196	19
108	197	93
109	112	70
109	113	80
109	114	86
109	117	60
109	118	42
109	123	33
109	131	88
109	136	84
109	138	21
109	141	7
109	150	26
109	152	39
109	155	75
109	162	52
109	163	98
109	164	67
109	165	22
109	167	11
109	169	99
109	170	34
109	171	86
109	173	24
109	175	84
109	180	18
109	182	35
109	192	60
110	114	82
110	121	1
110	123	87
110	124	37
110	127	99
110	128	13
110	131	99
110	132	10
110	133	31
110	135	7
110	138	81
110	141	72
110	148	92
110	150	94
110	153	23
110	154	17
110	159	71
110	170	91
110	176	34
110	180	28
110	185	80
110	187	73
110	189	68
111	113	2
111	114	94
111	115	91
111	116	100
111	118	22
111	120	49
111	122	92
111	124	70
111	130	72
111	131	15
111	132	49
111	135	53
111	136	44
111	142	40
111	144	51
111	159	88
111	163	85
111	164	39
111	165	34
111	167	67
111	169	18
111	172	76
111	176	22
111	177	23
111	181	69
111	187	69
111	189	65
111	192	62
111	195	82
112	116	46
112	118	77
112	120	66
112	121	5
112	134	91
112	136	39
112	145	82
112	147	86
112	150	3
112	151	49
112	153	17
112	159	16
112	160	53
112	161	53
112	164	78
112	171	4
112	172	98
112	177	26
112	184	96
112	187	45
112	188	17
112	191	50
112	196	81
112	198	43
113	117	87
113	121	18
113	124	51
113	131	81
113	138	60
113	139	10
113	142	41
113	147	83
113	148	100
113	150	66
113	160	15
113	165	39
113	167	68
113	176	38
113	177	25
113	179	23
113	180	52
113	182	89
113	186	69
113	187	84
113	192	41
113	195	96
113	196	57
113	198	86
114	115	48
114	118	97
114	120	8
114	121	62
114	123	14
114	124	23
114	128	97
114	130	64
114	141	80
114	142	12
114	143	45
114	144	70
114	147	5
114	149	10
114	152	73
114	159	74
114	160	8
114	164	65
114	166	7
114	169	80
114	177	80
114	179	74
114	186	26
114	188	92
114	189	72
114	192	6
114	195	5
114	198	94
115	121	76
115	122	100
115	125	11
115	127	48
115	128	26
115	130	2
115	131	54
115	132	15
115	135	80
115	138	90
115	150	46
115	151	50
115	155	97
115	160	87
115	164	42
115	170	75
115	171	56
115	180	28
115	190	12
115	192	84
115	196	4
115	199	33
116	120	31
116	121	23
116	122	48
116	131	55
116	132	12
116	133	32
116	135	68
116	136	90
116	141	44
116	143	16
116	146	51
116	149	20
116	151	73
116	153	23
116	157	52
116	162	16
116	163	16
116	166	46
116	171	63
116	173	46
116	176	20
116	179	7
116	184	81
116	187	67
116	189	4
116	193	54
116	195	74
116	199	87
117	118	79
117	124	84
117	127	97
117	128	91
117	132	15
117	135	88
117	142	5
117	145	11
117	148	75
117	150	91
117	152	61
117	153	49
117	162	15
117	163	66
117	164	59
117	168	43
117	172	70
117	175	61
117	179	11
117	181	99
117	182	24
117	187	49
117	198	100
117	199	21
118	119	6
118	121	37
118	123	77
118	134	16
118	137	86
118	142	86
118	148	75
118	149	35
118	150	74
118	152	90
118	155	48
118	162	89
118	166	7
118	173	37
118	176	77
118	179	47
118	188	80
118	189	41
119	120	4
119	121	60
119	124	69
119	127	18
119	129	96
119	134	67
119	137	67
119	139	73
119	141	37
119	149	7
119	150	75
119	152	62
119	156	3
119	159	49
119	161	70
119	163	54
119	165	20
119	166	22
119	173	96
119	176	8
119	178	96
119	179	22
119	180	53
119	184	85
119	198	16
119	199	94
120	128	74
120	132	58
120	135	70
120	136	47
120	138	35
120	140	49
120	144	87
120	145	19
120	147	19
120	150	3
120	154	82
120	156	83
120	160	67
120	162	96
120	164	35
120	176	16
120	181	57
120	183	55
120	184	86
120	190	73
120	192	91
120	198	16
120	199	69
121	124	36
121	125	92
121	126	52
121	128	88
121	129	6
121	133	68
121	134	13
121	135	24
121	137	98
121	140	26
121	151	16
121	152	2
121	155	89
121	166	96
121	168	94
121	174	42
121	177	60
121	178	70
121	179	69
121	186	3
121	190	87
121	195	100
122	127	25
122	128	87
122	130	98
122	131	99
122	134	32
122	137	87
122	138	12
122	146	20
122	147	5
122	148	37
122	151	96
122	155	52
122	163	87
122	164	32
122	169	52
122	170	1
122	173	9
122	174	20
122	178	10
122	179	68
122	183	91
122	184	91
122	185	49
122	187	53
122	189	93
122	190	27
122	191	38
122	195	23
122	196	17
123	127	71
123	130	85
123	131	49
123	132	87
123	133	40
123	148	38
123	150	49
123	151	44
123	163	17
123	166	63
123	167	48
123	169	3
123	170	24
123	171	37
123	175	79
123	180	29
123	181	97
123	183	99
123	189	35
123	195	50
123	196	19
123	198	24
124	128	31
124	133	38
124	134	24
124	137	23
124	138	99
124	140	77
124	143	63
124	145	77
124	146	10
124	151	66
124	156	97
124	163	37
124	165	47
124	171	93
124	181	38
124	185	47
124	186	81
124	188	77
124	191	7
124	193	8
124	194	2
124	195	61
124	197	86
124	198	29
125	132	87
125	134	32
125	140	16
125	142	64
125	144	4
125	146	66
125	147	45
125	156	66
125	158	47
125	160	17
125	169	6
125	170	91
125	176	27
125	177	96
125	178	19
125	180	70
125	182	41
125	185	4
125	186	39
125	193	67
125	194	4
125	198	38
126	127	78
126	130	66
126	135	83
126	139	53
126	140	38
126	149	34
126	151	53
126	163	57
126	167	51
126	176	34
126	178	28
126	179	54
126	181	81
126	184	76
126	195	42
126	197	24
126	199	73
127	134	74
127	135	64
127	136	89
127	139	79
127	142	50
127	149	68
127	159	30
127	160	27
127	169	24
127	171	68
127	172	34
127	174	68
127	177	1
127	178	75
127	181	62
127	183	84
127	187	66
127	190	7
127	192	10
127	193	37
127	196	75
127	197	97
128	132	8
128	133	1
128	134	70
128	147	78
128	150	90
128	151	82
128	152	45
128	155	26
128	159	98
128	165	64
128	166	48
128	167	31
128	168	28
128	175	81
128	185	90
128	189	59
128	190	66
128	193	9
128	194	15
128	196	76
129	131	46
129	133	85
129	135	57
129	136	44
129	137	85
129	149	5
129	150	80
129	151	85
129	152	51
129	154	58
129	156	24
129	161	43
129	169	59
129	175	46
129	176	2
129	179	18
129	188	58
129	194	2
129	195	54
129	196	19
129	199	11
130	140	57
130	141	9
130	142	29
130	143	85
130	146	40
130	147	17
130	149	96
130	154	47
130	156	33
130	158	6
130	164	90
130	170	67
130	172	80
130	173	82
130	174	23
130	180	53
130	189	75
130	193	69
130	194	95
130	196	36
130	197	73
131	132	78
131	142	23
131	144	26
131	146	61
131	147	59
131	149	11
131	157	56
131	158	94
131	159	84
131	164	78
131	165	20
131	166	51
131	174	49
131	176	92
131	179	98
131	183	83
131	198	99
132	133	38
132	136	91
132	146	78
132	150	64
132	151	92
132	153	67
132	154	35
132	156	99
132	157	15
132	158	12
132	159	10
132	160	58
132	162	33
132	163	54
132	167	58
132	174	4
132	177	93
132	183	8
132	191	95
132	197	58
132	198	52
133	134	82
133	145	100
133	147	52
133	148	22
133	156	33
133	157	4
133	160	69
133	161	47
133	162	85
133	163	81
133	166	63
133	173	82
133	176	41
133	185	88
133	190	27
133	195	50
133	196	93
134	137	85
134	141	17
134	143	81
134	150	8
134	155	8
134	159	34
134	161	80
134	162	6
134	163	58
134	167	61
134	175	77
134	178	53
134	183	79
134	186	5
134	187	36
134	190	24
134	192	42
134	197	56
135	140	82
135	142	10
135	153	10
135	155	71
135	156	7
135	158	23
135	162	34
135	163	93
135	165	20
135	175	5
135	177	51
135	180	31
135	187	96
135	189	74
135	190	16
135	191	25
135	192	54
135	195	90
136	138	8
136	139	61
136	143	73
136	144	2
136	156	50
136	159	33
136	160	11
136	163	59
136	164	59
136	166	12
136	167	34
136	168	43
136	171	96
136	173	43
136	175	28
136	176	86
136	178	23
136	181	73
136	187	6
136	191	87
136	193	89
136	197	17
136	199	89
137	142	42
137	148	69
137	152	49
137	155	28
137	159	59
137	162	3
137	163	74
137	165	82
137	176	11
137	177	3
137	188	79
137	196	38
137	197	29
138	141	89
138	148	19
138	149	25
138	153	55
138	155	48
138	156	100
138	160	84
138	163	36
138	168	25
138	174	14
138	192	61
138	194	96
138	197	100
138	198	35
139	141	89
139	142	29
139	148	51
139	150	91
139	151	77
139	155	17
139	158	29
139	159	74
139	166	90
139	167	49
139	168	9
139	171	84
139	172	89
139	173	60
139	179	56
139	182	36
139	187	72
139	190	2
139	192	97
139	194	39
139	195	72
139	197	99
140	142	44
140	143	54
140	153	51
140	154	61
140	157	92
140	161	28
140	172	92
140	173	16
140	179	96
140	181	36
140	188	79
140	191	21
140	193	27
141	142	45
141	143	8
141	144	50
141	147	84
141	152	57
141	154	16
141	156	59
141	159	45
141	164	52
141	168	70
141	170	25
141	173	69
141	176	23
141	184	43
141	188	38
141	189	71
141	197	2
141	198	98
142	146	2
142	148	27
142	158	86
142	159	83
142	163	46
142	164	83
142	167	21
142	168	7
142	171	37
142	174	83
142	176	24
142	183	79
142	184	97
142	185	62
142	190	93
142	192	85
142	193	44
142	194	25
142	195	9
143	146	66
143	152	100
143	153	54
143	155	11
143	160	61
143	162	99
143	163	21
143	165	22
143	166	93
143	173	94
143	181	45
143	182	64
143	185	52
143	187	85
143	190	49
143	193	43
144	148	51
144	153	46
144	158	71
144	161	8
144	166	61
144	177	27
144	180	18
144	188	63
144	190	56
144	194	63
144	197	53
144	199	91
145	148	46
145	152	88
145	155	37
145	161	68
145	167	77
145	170	60
145	171	79
145	173	32
145	174	45
145	177	75
145	180	64
145	183	60
145	190	49
145	192	26
146	147	60
146	155	72
146	160	94
146	167	8
146	169	16
146	170	28
146	175	49
146	176	60
146	178	2
146	179	66
146	185	78
146	186	85
146	192	49
146	194	87
146	197	65
147	154	54
147	155	77
147	158	32
147	159	67
147	160	98
147	166	75
147	169	83
147	170	39
147	173	72
147	182	52
147	186	51
147	188	36
147	189	57
147	198	79
147	199	67
148	152	97
148	153	5
148	155	93
148	161	95
148	174	38
148	177	27
148	178	75
148	180	48
148	182	47
148	186	5
148	187	62
148	188	17
148	190	71
148	191	8
148	195	97
148	197	82
149	150	96
149	152	67
149	156	39
149	157	67
149	160	55
149	162	57
149	167	95
149	170	40
149	173	19
149	175	80
149	179	71
149	182	33
149	186	2
149	192	77
149	193	85
149	195	2
149	196	19
149	197	46
150	153	72
150	157	45
150	161	64
150	162	79
150	164	78
150	166	29
150	167	56
150	172	85
150	178	85
150	180	17
150	188	36
150	190	3
150	191	19
150	193	69
150	195	15
150	196	96
150	197	62
150	199	61
151	164	18
151	165	76
151	167	70
151	176	79
151	181	17
151	192	89
151	195	10
151	196	27
151	199	6
152	158	97
152	163	41
152	167	85
152	170	32
152	171	54
152	174	98
152	178	72
152	182	81
152	183	48
152	186	96
152	187	60
152	188	18
152	189	68
152	191	76
152	194	59
153	159	80
153	165	49
153	168	24
153	170	32
153	175	10
153	176	75
153	187	59
153	188	41
153	189	86
153	192	80
153	196	29
153	198	29
154	168	26
154	169	93
154	171	25
154	172	45
154	174	14
154	179	51
154	180	6
154	182	72
154	184	59
154	188	92
154	189	42
154	194	66
154	195	51
154	197	18
154	198	14
154	199	45
155	162	82
155	172	29
155	177	24
155	180	79
155	184	56
155	188	15
156	157	43
156	165	54
156	166	98
156	168	89
156	170	79
156	173	17
156	174	67
156	175	56
156	176	14
156	181	55
156	184	4
156	189	50
156	196	32
156	197	11
156	198	82
156	199	91
157	159	94
157	163	89
157	165	78
157	168	50
157	175	30
157	176	41
157	177	32
157	179	74
157	182	25
157	184	55
157	194	97
157	197	3
158	161	14
158	163	24
158	174	5
158	177	62
158	181	13
158	183	19
158	184	81
158	187	3
158	189	32
158	190	98
158	192	16
158	193	37
159	160	29
159	162	42
159	165	6
159	168	48
159	175	95
159	179	76
159	181	77
159	185	99
159	188	56
159	190	32
159	196	36
159	198	59
160	162	44
160	163	22
160	168	11
160	170	19
160	171	30
160	176	87
160	187	46
160	188	97
160	190	69
160	193	13
160	194	78
160	196	44
160	197	84
160	199	76
161	163	1
161	165	45
161	166	47
161	168	22
161	171	57
161	173	7
161	177	41
161	183	55
161	191	86
161	192	75
161	193	75
161	196	99
162	166	43
162	169	16
162	173	98
162	179	53
162	185	27
162	190	52
162	198	24
162	199	30
163	165	57
163	166	37
163	172	27
163	174	77
163	179	60
163	184	67
163	185	95
163	186	2
163	191	2
163	192	68
163	198	89
163	199	22
164	169	28
164	172	60
164	173	10
164	178	81
164	181	45
164	188	73
164	191	2
164	192	92
164	193	86
164	196	87
164	199	52
165	169	85
165	170	67
165	171	90
165	172	1
165	175	25
165	183	39
165	188	50
165	192	15
165	194	56
165	196	100
166	171	65
166	174	20
166	181	30
166	182	60
166	189	62
166	191	42
166	195	7
167	168	99
167	170	79
167	171	53
167	174	33
167	180	97
167	187	32
167	190	46
167	198	20
168	171	13
168	174	51
168	175	27
168	184	39
168	186	85
168	190	78
168	194	43
168	198	38
168	199	26
169	170	23
169	176	63
169	181	33
169	182	74
169	183	23
169	184	90
169	187	98
169	190	20
169	191	92
169	193	69
170	178	79
170	181	35
170	184	4
170	190	38
170	192	98
170	193	67
171	173	16
171	176	20
171	182	34
171	184	71
171	186	53
171	188	98
171	191	56
171	197	45
172	174	96
172	177	79
172	178	98
172	184	30
172	185	21
172	186	59
172	187	19
172	188	92
172	192	64
172	193	89
172	197	70
172	199	43
173	176	29
173	177	24
173	179	61
173	180	53
173	185	48
173	186	34
173	188	81
173	191	14
173	195	45
173	197	14
173	198	74
174	175	79
174	176	97
174	178	23
174	180	32
174	181	77
174	182	77
174	183	71
174	184	92
174	186	27
174	191	8
174	194	78
174	197	66
174	198	4
175	177	8
175	178	27
175	179	29
175	180	94
175	182	51
175	186	46
175	189	5
175	194	77
175	195	84
175	196	86
175	198	51
176	178	49
176	185	40
176	189	77
176	194	5
176	195	60
176	196	55
176	198	65
177	178	87
177	187	59
177	189	11
177	197	69
177	199	65
178	183	2
178	191	40
178	192	99
178	194	70
178	196	24
179	186	15
179	188	32
179	195	70
179	197	33
179	199	38
180	184	80
180	187	54
180	193	6
180	198	45
181	182	41
181	183	43
181	185	41
181	190	96
181	191	52
181	196	50
182	184	86
182	189	42
182	192	10
182	193	91
182	195	70
182	196	27
182	199	4
183	184	20
183	188	97
183	190	95
183	195	90
183	198	4
184	189	50
184	191	6
185	188	71
185	189	28
185	190	31
185	196	67
185	197	63
186	189	55
186	190	62
186	191	74
186	194	62
186	195	27
187	190	71
187	193	19
187	194	35
187	195	34
187	196	79
188	190	69
188	193	8
188	195	80
188	196	12
188	197	12
190	191	59
190	193	43
190	194	91
190	196	13
191	194	25
191	196	18
192	193	7
192	197	64
192	199	43
193	195	21
193	197	37
194	198	18
195	196	96
195	197	22
195	199	28
196	197	27
196	199	50
197	199	13
