59884
51364
54554
51799
50192
51818
57739
54488
55766
51047
56625
54311
51148
56496
53241
53830
57808
52403
59527
50569
50379
51842
56185
59685
50953
53538
58464
52578
57271
59286
51142
58499
54101
54148
59800
54694
50151
55523
53069
53755
55703
52286
57852
55287
53485
59956
55763
51605
52460
51767
51804
50519
51392
52155
51481
59382
55085
50035
59475
51706
52740
58038
50609
54067
57644
59081
52408
50422
53329
51128
57645
56540
50165
51226
59214
51022
53237
52292
52289
56025
52855
51676
53220
53849
58706
56325
54434
55463
53892
56363
56361
59138
59367
58763
53710
51899
50581
53657
53468
56054
59191
55189
58194
59116
59229
50924
52605
56864
52890
52537
54534
51440
55747
50933
55075
52936
55092
56592
59106
58277
56008
51174
59642
50100
50698
59081
59283
50087
50648
57622
58813
58655
57875
53368
54201
51071
52625
58219
54463
56363
57612
57731
58928
55692
50575
55448
53939
51509
56718
58043
50332
53265
51953
52403
51030
50847
51397
56128
54476
56385
58153
54964
59166
54537
53959
57980
56174
57301
54351
52821
52307
54529
55048
50208
59077
51703
59148
56612
58415
57978
51767
55936
56000
59219
57011
51990
58412
52240
54018
55671
57868
50469
53598
56651
57542
52949
50779
53712
50431
59417
