0 1 77

1 2 62

2 3 90

3 4 22

4 5 17

5 6 19

6 7 11

7 8 4

8 9 3

9 10 16

10 11 67

11 12 35

12 13 21

13 14 14

14 15 43

15 16 11

16 17 91

17 18 55

18 19 33

19 20 80

20 21 90

21 22 81

22 23 91

23 24 23

24 25 49

25 26 62

26 27 96

27 28 25

28 29 92

29 30 77

30 31 41

31 32 40

32 33 97

33 34 1

34 35 14

35 36 18

36 37 69

37 38 72

38 39 17

39 40 56

40 41 94

41 42 78

42 43 25

43 44 99

44 45 51

45 46 24

46 47 33

47 48 47

48 49 87

49 50 71

50 51 88

51 52 60

52 53 96

53 54 10

54 55 34

55 56 56

56 57 56

57 58 99

58 59 35

59 60 86

60 61 85

61 62 18

62 63 29

63 64 48

64 65 82

65 66 43

66 67 59

67 68 8

68 69 10

69 70 58

70 71 62

71 72 49

72 73 94

73 74 84

74 75 69

75 76 5

76 77 36

77 78 17

78 79 47

79 80 88

80 81 39

81 82 84

82 83 56

83 84 82

84 85 98

85 86 93

86 87 91

87 88 73

88 89 65

89 90 26

90 91 73

91 92 19

92 93 30

93 94 76

94 95 31

95 96 37

96 97 46

97 98 9

98 99 39

99 0 66

64 65 39

60 5 96

14 80 44

94 42 37

12 56 53

77 6 7

31 25 15

13 65 49

24 43 42

79 83 33

78 57 99

24 58 38

3 36 32

0 50 49

53 19 5

38 17 87

73 7 71

68 2 64

12 29 38

0 65 62

47 71 30

32 30 57

78 93 79

34 91 54

76 68 28

40 48 88

81 43 18

35 23 6

46 40 26

3 30 53

83 55 42

1 36 75

42 2 55

57 56 3

25 41 51

79 61 32

49 69 98

54 59 87

8 76 10

44 22 73

38 82 95

0 34 71

79 25 82

80 25 57

90 36 89

82 41 53

20 83 33

44 20 14

51 22 74

87 98 95

17 89 84

98 51 43

1 44 61

73 57 11

40 32 21

46 32 31

20 32 30

79 9 11

57 98 93

48 55 79

44 24 58

39 81 76

88 72 32

43 95 46

73 4 12

95 13 89

1 72 67

53 3 80

38 67 34

51 25 82

23 27 37

65 39 49

39 47 45

16 60 72

72 62 45

69 95 87

67 52 34

58 25 67

45 29 85

16 89 76

44 84 82

94 59 90

95 64 59

93 25 30

68 19 67

66 51 54

11 43 1

84 35 11

41 87 97

75 61 1

90 98 49

79 75 45

54 94 27

65 58 44

80 58 36

22 55 26

12 84 79

47 95 12

72 84 31

21 26 9

