57373
51893
53164
53373
57697
50394
59645
58272
51166
58518
51952
52298
56986
53906
56400
56991
54631
52919
51318
59111
52975
58270
54127
50016
54788
59210
58047
51089
57940
50736
54856
52085
58793
55787
51309
50338
53394
59428
51055
58513
54322
54958
50999
54936
55022
55170
56818
54046
51805
55653
58724
50582
55617
58236
56372
56907
56122
54531
50948
53695
53248
55991
59808
50286
51377
53140
58038
55948
55339
50741
53773
56429
50813
58811
53432
59678
58049
54054
53573
58975
50841
58892
52302
52433
59450
51208
59511
50670
50662
50009
53499
53401
50986
57519
52329
50705
53037
52131
57770
52980
59405
58567
52222
56184
54902
51625
52411
57503
53207
58859
54170
56579
58871
58922
54371
56224
51878
53180
56775
53662
56245
55552
51429
58890
56823
52791
57985
56453
57621
51633
57410
57578
55653
52146
58750
53823
50167
54452
57070
57414
56238
58778
56269
53642
55178
59048
59731
51954
58427
55225
53718
56566
58402
55193
57206
50667
52697
53466
51381
58931
52183
50476
53637
53386
59611
57924
57509
53705
53531
53622
54015
55500
54215
54026
59844
51585
57482
56477
58151
58139
52590
50894
56626
52828
55712
53196
57440
51384
57867
50705
57704
50702
54253
52172
59424
56799
50453
55790
59182
58034
50358
59999
50087
51031
52772
59287
52895
55141
59440
58987
50777
53966
57552
58695
57951
54850
51570
54072
54819
53189
54846
55911
54377
58200
57718
53879
50616
54691
51749
55210
58922
51358
55774
53059
55251
50337
53600
51618
52731
51746
56272
54329
54289
58540
52253
59669
58774
59418
50968
52830
50276
51241
53366
58096
52680
58536
52730
54958
53230
52708
59388
50674
56244
55003
54295
56370
50218
56953
53756
59546
56565
56110
51999
55567
56486
50027
59711
58932
51141
58941
58827
57861
56453
55491
54845
53803
51630
55676
54379
55550
50991
59594
54276
59000
58243
54438
55039
55429
53412
55351
