59763
58499
50883
55326
55624
54033
53908
59268
52403
52912
53530
58795
55554
51185
56378
52467
51412
51029
57106
54695
50492
50287
51966
52597
50685
53157
54891
57985
53954
59556
59147
54005
55037
50539
54102
54448
58727
54121
59488
55219
52388
59001
52883
52999
50918
58657
56700
52373
52041
51254
57160
51484
59956
55414
59437
55478
53562
58758
50739
56526
59263
50892
58111
55702
58405
57186
53323
56942
52053
53215
56170
59107
56512
52102
55042
51610
57965
51018
58193
55523
56313
51426
59443
56002
51109
58884
54793
59117
50516
52234
59948
55711
58874
55226
55706
58424
58359
59112
56684
58987
53099
50664
57121
51901
55311
51688
57219
52428
55266
57367
52954
54935
53570
57609
54279
54874
52853
51471
51482
52653
51168
54077
52641
53286
59304
54162
58404
55354
52629
54697
50102
58039
58204
51747
56449
56332
50606
57840
56609
58585
51799
59992
52929
50730
53554
51013
53082
59385
58606
57034
56068
59462
58849
54664
59820
56824
50715
57807
54029
50307
58524
55002
56439
56784
51023
50578
59851
53921
55826
58214
52017
59599
53568
58654
55711
56945
57489
55010
50827
56745
53714
51849
58152
59589
57805
58254
58422
58838
54673
54749
52461
55046
54603
51838
54702
53457
51336
58450
55131
58707
59654
56088
58953
53707
58728
51530
54935
58271
56868
50927
54086
55398
55770
52520
56256
56269
55450
57601
55430
57133
52172
51413
51428
55124
57446
54893
51741
55309
53793
52163
55611
58192
59051
54060
52097
56786
53651
54499
52990
52448
56630
56373
50940
58871
57242
55804
54800
56677
53135
55739
59310
55571
58146
50065
57153
59230
51515
58386
55961
58317
57951
51101
58933
54546
59348
53581
55789
58999
50094
52766
51259
58656
56013
57951
57666
58782
53104
58846
54014
51778
55086
57780
50168
59228
57713
53594
55091
58747
59366
50459
50579
57776
52016
56537
51023
50149
52961
56921
53365
59210
52945
54194
56014
52319
51996
55104
54561
52338
54687
57474
50001
58858
59710
51717
56816
51068
57193
53314
55250
52406
52345
56283
50041
54706
58996
53070
54231
55665
58506
59625
55864
52971
55351
50011
54491
55274
50591
56753
57080
58892
59515
58863
58856
51603
55318
51784
56815
54294
53283
53167
53838
59976
58578
53732
59455
59676
57717
51209
54536
53411
51912
50521
51888
59827
52593
55323
50995
51984
53882
52803
58357
51515
58707
55514
59442
53791
51778
59048
58267
51411
58597
58979
59607
58279
51514
55121
57712
58175
59841
51955
58844
59163
55865
56349
59924
59969
55269
51235
58275
57804
