174
129
153
172
140
119
111
143
123
109
142
175
169
164
148
119
106
120
156
200
186
170
152
146
132
169
192
140
174
167
197
168
158
115
129
153
151
102
200
199
103
196
142
171
114
129
119
133
148
117
189
153
175
143
127
143
112
178
133
108
162
168
177
152
100
117
162
162
137
116
123
172
156
157
131
175
165
183
188
146
190
154
164
132
150
182
120
120
142
108
195
139
155
172
171
191
173
145
170
148
105
131
110
176
157
151
132
184
128
132
151
138
147
118
185
164
146
138
142
147
184
117
188
144
121
139
129
176
123
102
132
102
144
106
142
193
121
155
156
181
127
141
161
166
168
115
157
153
176
197
142
157
101
105
173
137
182
153
183
186
116
108
178
133
175
137
103
148
147
144
197
198
153
142
113
174
125
182
138
105
137
133
108
171
140
121
151
115
112
115
181
165
191
184
106
168
120
160
195
159
144
142
180
142
159
175
111
135
200
116
123
187
141
196
130
129
114
108
100
113
108
154
155
154
127
175
167
119
147
115
190
140
162
149
157
163
126
162
101
150
138
109
198
180
186
173
141
194
131
174
183
192
144
151
193
131
128
189
119
177
129
175
186
101
117
121
160
143
162
142
114
129
155
112
197
111
102
110
109
179
147
114
114
166
152
116
101
198
157
141
111
112
122
156
179
151
195
140
135
127
