59139
51218
51491
58822
52608
55253
59269
51195
53615
59604
56752
53626
57030
58686
54034
52904
53332
50719
56765
59560
55254
57708
51524
59118
52332
57700
57096
58802
58770
50699
52795
58807
50422
51316
54594
54905
52049
57760
54298
53896
57515
56520
55939
50860
54505
56407
53079
59380
51646
56629
57638
53959
58827
59797
54417
55082
53305
55495
55150
56014
57005
51178
54009
57491
59637
50465
57000
56612
55228
57061
54024
52517
51700
50740
55943
53019
52288
52909
54760
53907
55720
57549
57370
50063
56088
58548
54808
50533
54449
58894
57347
58144
53357
50404
54844
55228
56931
56954
50483
51433
50345
55720
51712
51241
53506
55651
53716
59508
50586
55178
56048
52733
56031
59421
52526
55785
59109
59522
53086
53608
59535
59679
51927
50249
53765
54703
58837
52251
57287
53630
59210
54328
50826
55304
52787
52818
55614
54116
54623
59226
57270
57923
53930
50759
53450
54993
54519
53652
55656
55879
57513
50458
58000
51296
50010
55360
59677
56956
51470
53294
50720
57620
59575
53067
54049
51869
56915
56325
55763
51450
57660
54910
50613
52819
51012
52188
53989
53451
53443
55557
59065
54304
59440
55319
59996
55916
59049
56247
58121
54692
55998
53520
58463
55684
50885
53104
50759
59660
59353
54408
57734
53012
53040
59149
50446
51912
50164
56544
57949
57395
56664
54040
51565
50384
52255
53397
54982
59845
57325
58582
53086
56051
59488
53414
57862
56696
50498
54706
58305
58223
55007
59404
55518
50261
55401
52081
52098
52342
50288
53323
57042
57321
54125
56295
54311
50438
55993
50708
50765
52092
50189
56242
55588
58765
55948
58359
51417
54669
53297
57090
50365
50766
55869
52493
52131
53371
53157
58843
57127
53204
52747
57057
56152
56092
55327
51088
56446
54219
53263
50336
52243
59577
51484
58246
59362
54556
59274
53609
55755
51174
50263
59540
54090
57306
57460
55703
59180
57857
51594
55311
