0 1 49

1 2 71

2 3 83

3 4 31

4 5 30

5 6 37

6 7 40

7 8 58

8 9 40

9 10 59

10 11 80

11 12 41

12 13 79

13 14 48

14 15 95

15 16 45

16 17 39

17 18 30

18 19 56

19 20 88

20 21 56

21 22 91

22 23 97

23 24 69

24 25 20

25 26 36

26 27 34

27 28 34

28 29 39

29 30 5

30 31 86

31 32 49

32 33 19

33 34 25

34 35 13

35 36 93

36 37 73

37 38 2

38 39 29

39 40 58

40 41 85

41 42 10

42 43 14

43 44 99

44 45 90

45 46 71

46 47 84

47 48 68

48 49 64

49 50 14

50 51 43

51 52 57

52 53 30

53 54 43

54 55 15

55 56 42

56 57 75

57 58 5

58 59 97

59 60 97

60 61 34

61 62 71

62 63 92

63 64 8

64 65 68

65 66 75

66 67 44

67 68 89

68 69 57

69 70 3

70 71 96

71 72 14

72 73 32

73 74 25

74 75 95

75 76 8

76 77 82

77 78 93

78 79 23

79 80 28

80 81 12

81 82 30

82 83 23

83 84 1

84 85 38

85 86 95

86 87 40

87 88 1

88 89 63

89 90 77

90 91 89

91 92 96

92 93 41

93 94 32

94 95 2

95 96 27

96 97 24

97 98 11

98 99 18

99 100 7

100 101 89

101 102 100

102 103 64

103 104 2

104 105 49

105 106 51

106 107 52

107 108 14

108 109 18

109 110 99

110 111 60

111 112 51

112 113 62

113 114 41

114 115 95

115 116 22

116 117 5

117 118 21

118 119 10

119 120 24

120 121 4

121 122 93

122 123 67

123 124 25

124 125 82

125 126 26

126 127 57

127 128 33

128 129 93

129 130 96

130 131 97

131 132 24

132 133 55

133 134 58

134 135 52

135 136 91

136 137 67

137 138 70

138 139 57

139 140 17

140 141 85

141 142 25

142 143 74

143 144 58

144 145 88

145 146 7

146 147 83

147 148 76

148 149 96

149 150 77

150 151 24

151 152 74

152 153 50

153 154 55

154 155 35

155 156 98

156 157 89

157 158 27

158 159 98

159 160 71

160 161 1

161 162 83

162 163 35

163 164 57

164 165 79

165 166 85

166 167 56

167 168 1

168 169 9

169 170 46

170 171 86

171 172 47

172 173 95

173 174 51

174 175 53

175 176 23

176 177 74

177 178 5

178 179 93

179 180 26

180 181 29

181 182 81

182 183 98

183 184 90

184 185 66

185 186 40

186 187 85

187 188 95

188 189 33

189 190 47

190 191 95

191 192 66

192 193 17

193 194 80

194 195 67

195 196 49

196 197 54

197 198 98

198 199 31

199 200 79

200 201 62

201 202 68

202 203 74

203 204 32

204 205 96

205 206 55

206 207 23

207 208 93

208 209 13

209 210 94

210 211 1

211 212 18

212 213 73

213 214 11

214 215 30

215 216 89

216 217 46

217 218 27

218 219 2

219 220 96

220 221 76

221 222 12

222 223 31

223 224 46

224 225 88

225 226 66

226 227 40

227 228 97

228 229 37

229 230 11

230 231 88

231 232 84

232 233 98

233 234 2

234 235 38

235 236 52

236 237 8

237 238 64

238 239 39

239 240 71

240 241 11

241 242 32

242 243 69

243 244 8

244 245 99

245 246 35

246 247 72

247 248 86

248 249 84

249 250 22

250 251 68

251 252 10

252 253 41

253 254 16

254 255 47

255 256 42

256 257 54

257 258 61

258 259 76

259 260 19

260 261 25

261 262 51

262 263 96

263 264 88

264 265 39

265 266 42

266 267 95

267 268 88

268 269 81

269 270 65

270 271 31

271 272 64

272 273 77

273 274 45

274 275 5

275 276 20

276 277 14

277 278 69

278 279 13

279 280 31

280 281 84

281 282 84

282 283 39

283 284 86

284 285 2

285 286 55

286 287 41

287 288 34

288 289 69

289 290 45

290 291 65

291 292 61

292 293 90

293 294 5

294 295 90

295 296 93

296 297 65

297 298 55

298 299 59

299 0 51

209 9 10

290 39 49

126 137 60

158 200 49

53 138 7

58 287 31

93 228 10

76 278 39

266 263 87

165 199 44

51 28 34

146 92 93

14 58 63

265 253 68

199 24 29

166 148 46

173 106 70

242 266 71

9 74 50

124 45 39

157 277 96

296 135 48

43 9 95

60 135 36

250 178 71

275 224 94

167 51 68

39 49 62

160 217 87

204 41 55

133 176 89

91 7 26

111 123 25

67 180 74

157 235 8

37 213 90

91 36 37

237 70 96

228 145 85

244 21 59

195 39 27

202 266 85

160 157 55

208 14 53

264 272 48

210 141 29

64 285 17

209 62 28

116 43 86

190 272 81

198 72 19

240 137 29

172 123 88

255 94 48

221 101 36

145 120 18

247 134 55

101 266 63

92 172 52

288 179 60

294 37 88

228 233 96

219 59 65

18 162 36

283 52 78

142 286 21

231 58 8

230 68 86

202 188 44

4 166 25

14 67 34

200 127 85

228 17 33

154 220 69

285 234 77

238 289 72

154 173 52

112 55 84

128 97 10

172 94 58

180 247 75

132 10 8

34 290 71

63 216 88

54 192 1

13 169 100

54 18 31

71 160 10

242 186 44

69 83 89

269 16 59

232 285 49

212 173 69

286 57 99

131 271 14

121 149 49

58 263 58

195 156 78

151 8 61

213 70 41

181 271 45

27 74 33

142 277 25

111 21 95

66 147 92

233 70 25

116 60 36

195 135 29

203 30 4

5 70 76

69 274 78

123 118 15

83 186 99

67 126 48

280 217 38

225 135 90

199 277 86

37 174 93

192 166 4

102 29 41

47 61 95

36 113 99

50 94 66

60 3 1

171 31 58

155 181 34

82 218 71

115 60 10

142 265 53

219 263 21

265 214 4

104 248 79

268 152 69

16 65 27

134 270 9

184 33 8

249 61 62

248 207 48

179 222 8

48 169 15

261 279 89

213 256 57

67 118 19

190 230 80

119 208 68

43 285 88

11 58 16

279 267 91

149 200 63

101 143 50

152 96 25

204 102 90

247 254 28

185 107 29

117 135 19

256 70 66

69 71 10

207 230 7

11 34 39

257 201 46

194 50 5

207 2 50

15 101 89

192 4 87

62 41 70

245 89 15

27 259 47

286 130 65

206 254 78

133 112 9

42 171 43

53 48 100

30 225 47

291 283 88

151 295 98

56 263 86

162 92 49

65 10 18

58 40 4

44 21 28

14 92 50

174 223 21

296 78 50

40 38 20

266 95 5

62 198 25

276 258 37

164 105 18

161 119 31

87 38 70

193 14 79

73 40 13

16 98 29

145 71 13

129 273 20

52 131 7

222 158 11

164 193 36

91 291 3

147 203 82

64 160 55

26 142 16

24 256 94

156 134 93

140 2 74

293 86 96

121 169 36

61 106 99

196 43 23

9 68 20

222 244 97

246 235 59

208 198 53

192 275 90

49 5 37

114 225 99

190 179 100

150 276 99

144 140 26

188 121 89

236 43 24

24 180 80

34 202 30

190 48 57

165 210 57

296 25 22

99 145 50

259 38 85

82 221 17

74 66 99

91 266 37

122 120 73

243 18 81

212 140 1

117 251 58

49 5 6

176 107 52

172 112 2

56 91 15

31 238 17

271 220 84

144 219 58

141 71 28

49 166 62

85 199 32

211 114 98

143 78 50

201 287 89

69 218 72

23 60 11

54 45 97

146 72 13

246 90 49

267 286 38

140 135 66

106 178 9

202 191 42

8 254 55

195 289 33

88 47 66

143 245 3

203 110 33

183 256 74

120 129 61

27 230 9

15 220 57

27 60 29

162 89 24

247 10 100

10 242 8

213 243 29

15 78 4

175 18 88

158 205 48

221 27 85

175 153 84

254 141 39

31 57 81

213 18 44

136 49 15

1 65 25

231 162 99

69 151 99

55 136 64

269 2 8

161 215 82

193 232 78

255 29 3

249 268 1

105 34 54

260 221 39

205 82 44

187 264 66

147 133 64

137 242 50

5 137 55

187 22 44

140 167 7

11 199 51

0 150 72

112 7 38

174 82 47

15 237 59

249 132 47

37 82 45

286 77 21

229 154 69

228 76 38

217 294 18

113 6 17

115 61 29

268 258 9

71 35 71

154 264 44

109 245 50

67 242 4

134 185 48

137 209 46

98 49 1

8 137 22

176 63 3

206 295 100

52 11 17

163 143 61

168 165 51

194 162 85

209 137 49

257 239 13

112 170 28

84 126 13

139 260 86

121 297 81

40 68 81

210 22 8

8 66 86

27 167 40

50 170 53

46 190 75

43 176 21

91 196 54

287 219 84

165 51 91

182 175 29

88 83 35

185 222 82

207 78 76

290 101 82

142 21 26

187 161 87

47 24 86

215 282 57

270 171 68

15 284 6

228 78 89

251 22 29

271 163 61

20 246 90

31 84 64

42 132 23

212 113 76

175 253 9

184 193 29

61 155 86

257 34 63

135 130 47

57 84 8

226 9 35

296 284 91

219 54 84

273 235 15

171 181 2

33 184 88

18 59 67

212 195 74

127 173 7

112 54 82

60 12 40

295 109 17

268 237 95

67 97 1

210 268 60

118 27 66

88 129 50

223 41 65

89 294 37

107 98 90

237 285 28

71 154 91

145 85 1

222 208 46

101 132 88

156 271 75

106 274 25

233 107 87

181 234 71

177 145 83

202 73 84

292 129 43

28 101 51

69 110 65

132 166 7

73 19 83

220 36 32

100 230 66

16 138 33

246 104 15

165 130 85

152 274 45

294 167 84

231 126 63

297 55 12

109 223 27

85 48 78

43 71 11

149 203 80

157 15 79

273 185 13

114 286 96

111 103 9

298 41 59

217 228 73

183 53 82

249 106 6

93 83 25

213 78 62

48 232 28

53 292 22

291 216 31

157 249 26

217 243 94

22 42 7

144 291 42

251 185 67

60 196 77

136 222 84

296 47 99

272 92 61

253 80 47

187 212 45

229 194 72

16 34 52

3 117 11

105 252 53

224 239 79

107 185 21

95 46 25

114 201 90

236 151 74

177 217 17

289 272 58

89 271 99

238 73 39

176 97 5

116 153 65

256 137 55

276 39 87

97 166 23

181 249 63

272 150 72

200 194 3

92 195 58

58 99 2

81 171 52

63 10 9

230 67 100

217 250 59

298 210 42

67 253 35

74 198 10

23 253 8

258 201 6

274 241 93

91 15 9

194 152 12

67 227 3

193 272 60

46 222 37

78 291 66

65 28 58

277 238 87

242 0 13

164 103 16

254 150 25

74 32 29

113 207 28

35 297 83

145 182 74

219 201 8

222 4 85

110 36 84

96 12 14

281 278 70

288 295 10

102 284 3

39 195 79

256 103 78

261 212 94

153 19 49

177 57 13

59 144 71

122 140 39

235 108 75

58 231 92

86 208 25

225 49 90

165 42 81

199 46 98

115 178 56

260 138 74

0 101 96

15 176 9

244 247 36

172 97 4

3 28 17

73 44 24

126 219 60

271 17 90

70 179 86

73 128 93

53 191 42

73 114 50

152 50 8

58 13 10

22 48 64

271 124 64

71 214 33

76 168 40

138 92 28

30 185 5

259 271 14

54 139 93

187 248 12

251 275 8

33 124 14

251 26 80

154 117 54

117 81 17

285 291 29

266 105 17

27 8 87

54 93 20

81 280 87

56 159 63

259 92 49

90 99 42

235 221 15

63 227 20

282 32 60

231 72 14

249 80 65

49 159 52

68 156 42

78 166 1

263 16 56

5 136 15

294 131 58

226 49 93

210 104 88

191 122 81

191 231 72

111 165 4

186 234 42

96 210 99

287 71 82

238 28 46

61 139 38

106 240 28

61 220 89

202 118 24

118 163 42

86 264 79

178 17 67

179 146 75

91 197 92

206 95 20

137 205 24

200 17 79

12 156 68

233 197 52

227 118 65

0 92 26

62 74 52

85 229 92

213 282 31

111 257 40

166 95 83

37 214 97

269 103 44

247 104 6

218 126 61

251 165 19

285 156 60

73 47 81

7 160 6

103 189 53

59 25 93

117 296 84

201 144 91

34 210 91

133 189 100

162 182 75

62 21 5

61 265 47

141 212 61

202 234 36

112 89 83

226 57 77

226 220 12

200 228 63

240 27 23

76 242 70

151 33 83

295 155 54

198 148 19

189 137 37

173 83 50

259 289 29

253 73 37

168 9 79

76 123 18

146 31 20

202 36 25

42 123 49

207 150 94

220 79 88

197 254 16

205 281 24

105 39 51

292 282 72

77 194 31

74 204 14

82 141 28

8 159 77

153 189 51

109 221 48

69 32 42

0 118 100

37 255 51

34 161 69

278 270 29

190 266 82

52 18 88

127 260 74

165 63 14

235 206 94

174 63 10

191 199 57

296 135 83

273 130 30

228 130 59

187 271 79

202 12 69

105 182 58

64 168 2

188 236 80

9 225 85

43 51 31

119 143 64

126 128 32

158 266 34

243 125 49

236 46 42

10 79 12

290 240 70

137 128 85

208 202 59

12 297 90

184 253 54

13 202 100

194 118 72

95 228 58

226 91 93

126 45 51

149 128 90

280 295 27

198 50 10

218 287 52

231 116 74

298 144 14

106 284 54

86 270 28

16 219 22

38 283 62

35 253 60

80 297 56

11 217 76

74 217 11

169 0 21

4 8 2

103 89 49

2 279 7

207 267 100

37 67 97

123 17 48

227 46 32

78 59 47

65 298 8

136 254 92

272 161 91

26 258 76

251 213 45

101 154 33

12 184 40

184 141 88

182 229 47

179 233 32

268 101 12

91 293 1

107 279 51

16 143 14

297 96 86

68 8 10

201 279 62

215 138 16

100 274 96

48 144 21

49 47 99

106 278 82

238 261 34

81 5 78

41 130 64

239 62 7

73 12 2

9 280 65

129 31 61

19 72 46

2 229 97

132 90 40

33 223 4

99 43 65

181 21 23

124 209 81

141 252 93

149 109 27

87 20 95

263 226 57

244 251 85

291 102 27

199 144 57

182 41 65

208 58 11

43 41 57

87 67 82

32 40 70

166 143 44

18 2 60

197 23 24

127 274 35

212 131 73

40 266 55

263 104 70

247 186 42

197 31 75

76 252 9

123 154 71

290 85 17

75 210 33

73 127 56

123 246 35

107 31 10

80 19 77

221 120 64

296 234 50

127 78 9

120 13 37

219 73 8

176 214 66

202 142 18

29 261 41

21 264 30

262 130 12

282 164 45

251 76 99

236 9 28

44 62 33

37 156 55

204 296 78

68 213 62

1 231 31

38 43 33

239 69 40

37 116 47

244 47 44

99 130 69

71 214 59

116 34 69

186 165 1

256 240 98

26 281 19

4 83 80

261 278 85

86 128 89

198 265 67

167 34 91

35 106 86

264 6 27

190 59 13

27 239 14

33 198 67

23 224 7

112 130 26

156 121 54

184 158 82

50 125 28

266 257 50

47 213 45

32 173 70

182 23 1

37 56 67

93 30 17

247 91 33

241 107 85

262 129 30

183 141 99

148 26 84

128 89 66

91 265 25

22 178 26

117 225 3

72 23 19

237 232 63

85 176 77

62 50 92

212 171 55

58 7 28

60 173 61

268 61 52

154 197 1

207 84 32

289 234 47

227 284 35

190 6 49

4 282 96

128 206 81

253 13 27

142 18 71

60 209 55

152 185 28

41 95 82

172 102 33

259 132 24

274 133 40

278 14 61

42 179 94

26 247 55

298 81 88

58 39 61

237 123 97

116 87 25

128 214 22

113 266 58

246 134 45

64 110 54

110 161 53

80 217 85

289 63 72

102 41 14

64 108 30

143 293 51

54 52 69

127 125 29

238 117 31

65 146 1

105 93 57

122 184 13

192 198 52

5 175 12

281 208 72

286 146 23

40 28 18

61 135 61

20 219 33

11 244 72

84 195 39

275 253 63

285 244 93

73 99 46

22 110 28

101 131 55

12 57 26

157 276 65

251 234 66

107 124 24

13 12 16

59 178 90

239 5 64

151 159 32

251 141 19

124 100 53

117 29 63

94 107 37

51 134 7

195 249 30

145 53 14

276 149 2

296 46 53

209 161 50

25 174 57

260 75 14

193 54 5

27 142 14

162 159 10

102 129 20

123 296 74

199 223 42

264 138 35

117 200 8

102 123 44

190 47 8

41 229 47

65 231 56

1 240 68

223 147 59

15 256 94

117 227 1

89 210 29

272 2 24

119 17 33

295 264 83

286 60 86

105 126 14

123 184 42

284 17 4

195 72 6

188 207 43

188 169 55

11 146 28

251 74 19

160 267 41

13 21 5

138 160 94

145 204 98

154 94 35

278 171 10

36 164 10

107 238 29

16 104 68

177 3 6

240 163 99

275 66 34

195 248 91

238 123 13

200 142 4

123 120 89

188 287 20

64 128 3

56 114 50

242 279 71

146 43 73

190 95 81

261 40 92

47 141 53

41 235 75

288 122 14

151 52 80

82 201 48

104 250 70

145 271 56

96 217 93

239 238 76

278 96 78

160 286 92

116 10 18

180 102 61

204 97 19

270 111 89

182 106 3

31 186 69

208 116 74

94 202 87

20 221 95

74 288 80

77 41 90

179 96 40

205 287 51

283 30 11

283 71 12

1 278 95

202 176 74

37 224 97

9 72 3

67 196 73

102 109 28

212 77 41

225 280 84

127 120 78

252 217 23

258 39 80

196 124 36

209 42 77

296 73 47

276 171 84

59 123 51

191 286 48

60 263 45

137 253 75

146 47 61

143 297 68

234 29 69

68 230 21

240 260 55

47 89 94

247 64 39

112 40 25

80 278 57

120 79 44

3 213 64

211 183 61

118 293 33

215 25 89

232 33 55

80 148 68

262 103 76

6 232 80

288 23 60

125 100 43

225 199 15

8 20 11

145 156 28

97 193 94

62 117 40

251 9 95

159 101 15

86 198 73

283 107 34

260 56 84

12 287 64

165 295 23

146 253 31

104 243 4

108 53 30

147 179 15

115 87 59

37 207 99

135 106 95

156 104 51

138 254 41

150 11 73

195 245 56

16 183 35

111 171 50

121 20 39

119 139 49

157 187 32

81 241 77

41 285 45

159 270 34

192 110 28

110 253 19

165 260 27

51 69 48

188 211 5

72 282 29

191 287 47

134 180 75

94 280 100

55 217 17

167 145 18

135 274 95

234 46 78

132 73 61

114 16 100

39 184 2

162 0 4

277 149 62

88 151 36

222 281 93

275 40 76

160 273 41

167 93 94

114 298 54

255 236 94

259 66 79

1 156 28

176 19 39

260 127 68

93 48 5

115 255 81

107 101 24

57 65 27

70 271 70

163 9 87

57 234 14

289 164 34

58 231 85

16 101 19

293 143 64

129 58 33

140 117 84

79 174 94

132 260 45

128 237 41

60 257 91

133 112 23

210 160 13

153 7 58

187 70 34

169 120 50

92 124 83

230 63 64

261 6 86

72 16 52

49 40 98

27 185 86

124 59 11

148 109 64

284 27 44

7 207 67

73 122 35

274 116 63

0 144 74

30 131 89

200 271 11

6 186 39

102 294 67

15 263 90

42 86 39

16 162 14

225 89 15

48 15 59

45 177 31

48 29 96

207 284 24

242 243 27

271 22 100

134 163 34

216 199 11

147 223 36

67 82 4

256 171 82

198 117 90

106 49 37

42 96 28

203 163 84

161 113 70

269 249 91

35 68 78

27 135 50

62 47 91

54 111 78

24 204 54

54 214 50

136 237 15

100 293 18

158 80 86

213 1 98

198 125 96

158 18 54

13 200 4

58 146 72

124 263 34

172 143 19

212 40 41

147 103 38

3 170 13

162 278 12

158 225 93

195 58 43

162 256 48

273 94 36

122 74 27

263 167 98

17 134 89

91 188 79

215 147 63

198 285 6

296 208 60

291 172 1

228 3 71

118 19 57

0 211 36

101 42 97

166 91 61

40 73 14

241 256 73

99 29 85

200 44 76

249 167 69

246 188 87

169 223 66

257 255 27

286 218 64

56 178 3

45 31 74

41 223 89

4 295 58

288 139 1

143 0 20

215 76 67

83 192 66

103 181 53

243 64 22

237 21 28

112 136 55

284 47 74

290 268 54

287 272 67

180 145 53

63 297 62

106 85 16

3 263 1

188 65 79

264 59 53

90 280 12

117 71 45

208 229 79

95 58 53

142 140 19

284 139 28

99 233 6

68 158 76

166 288 11

134 114 62

251 48 45

119 296 23

4 51 93

125 164 6

129 154 89

220 156 66

74 82 72

5 244 48

106 239 99

211 183 83

294 218 24

142 11 62

273 107 99

72 127 49

289 290 13

82 207 53

79 43 98

112 211 6

190 78 71

195 188 3

254 237 76

156 14 73

91 140 94

271 273 26

148 195 87

293 13 8

135 148 68

250 159 76

203 205 7

248 34 13

288 202 9

100 47 62

66 94 68

288 270 78

175 64 65

26 208 79

274 162 23

51 99 27

141 183 78

105 263 84

48 44 64

101 181 3

183 54 19

157 173 18

68 43 17

13 30 84

29 45 4

193 154 28

12 58 34

283 58 54

289 285 98

129 260 17

153 26 10

98 252 29

192 150 95

141 217 87

40 182 54

60 278 48

250 132 58

108 177 19

165 180 66

126 87 34

227 19 28

21 278 1

58 204 81

28 132 60

131 143 87

39 0 56

283 208 2

164 120 60

200 251 90

182 153 98

259 184 5

174 276 28

282 241 97

114 171 75

6 18 92

169 260 75

117 95 11

26 115 28

134 229 15

69 261 99

267 46 95

113 298 74

200 262 27

274 233 98

50 44 40

253 37 64

298 266 84

1 130 11

133 287 61

125 236 98

39 296 76

66 127 46

203 199 56

206 3 72

39 66 42

85 151 82

103 110 51

192 269 82

286 116 100

210 114 1

226 69 75

143 294 84

244 205 8

203 190 22

61 157 93

156 147 17

50 291 40

259 20 1

12 147 67

10 143 44

151 88 19

173 275 70

95 232 54

156 108 9

223 23 47

85 153 93

28 157 48

145 28 23

213 25 37

222 270 84

121 192 11

42 125 27

273 102 20

99 138 28

204 231 97

13 35 73

10 81 45

98 94 87

138 266 21

11 135 26

168 127 51

298 3 16

69 263 29

167 292 1

134 163 11

141 92 59

264 15 57

58 100 38

270 31 18

56 65 49

262 176 77

264 118 62

91 165 13

145 52 72

45 125 65

86 35 88

286 249 91

96 165 24

78 116 27

190 271 12

90 181 30

44 19 54

159 20 16

7 246 18

161 7 31

140 170 36

269 240 95

266 67 60

162 3 73

184 230 13

170 87 57

224 69 98

55 45 64

34 258 70

257 29 48

14 29 59

282 199 10

75 114 39

179 207 13

134 194 79

213 30 42

40 42 66

142 164 25

145 142 8

79 54 37

288 146 93

13 87 30

0 87 44

72 123 74

221 47 15

294 173 84

115 21 24

135 66 14

179 152 10

3 281 31

203 279 94

259 151 26

272 99 28

57 232 58

246 274 36

90 225 40

161 277 39

127 273 19

268 94 76

206 159 100

67 276 21

198 16 98

96 2 51

21 137 31

248 100 78

297 174 75

142 35 43

125 61 44

7 20 61

134 76 70

244 266 44

69 243 35

16 179 31

77 292 75

27 113 18

185 192 81

146 77 63

289 17 99

166 238 92

123 76 27

153 277 30

75 92 90

5 224 66

108 127 2

136 142 30

131 79 53

90 281 51

142 82 47

159 49 55

162 188 41

264 123 75

46 228 44

226 242 18

39 94 6

29 175 79

202 129 46

63 130 65

288 130 47

291 37 100

6 69 49

83 46 29

200 129 78

295 218 46

22 296 77

130 22 44

235 77 29

101 200 55

269 159 95

61 165 54

254 237 79

27 176 64

169 90 89

255 209 50

266 60 18

46 221 100

240 100 96

183 212 10

164 273 96

290 126 27

122 283 53

28 156 22

63 281 90

187 135 48

217 211 2

275 138 96

238 196 8

119 271 13

168 119 41

219 4 71

241 222 42

84 197 99

251 125 25

264 40 25

164 104 39

128 261 44

271 12 37

102 179 66

228 294 15

163 178 80

73 23 6

83 84 76

90 0 57

34 37 82

36 120 89

129 111 64

174 255 10

79 219 23

124 37 69

248 215 93

139 251 49

