106
129
132
181
192
131
179
130
120
170
130
195
129
107
128
116
141
180
199
139
166
138
153
175
105
156
173
107
126
112
154
123
200
200
182
190
184
190
185
168
164
109
113
144
140
129
124
187
111
110
146
154
103
151
174
168
121
132
197
164
176
190
179
105
116
106
119
102
122
147
139
131
176
184
188
116
186
107
141
175
190
163
163
125
113
115
113
180
167
194
169
182
158
137
176
142
123
180
161
147
199
146
134
174
185
157
139
161
162
136
121
140
196
183
186
149
152
104
138
193
173
175
117
120
133
152
153
170
148
130
129
196
156
180
166
163
190
101
166
138
196
123
159
175
113
100
167
147
168
132
124
168
154
177
126
151
156
126
178
108
114
120
147
128
126
138
182
167
192
148
161
156
170
132
182
130
169
179
105
195
110
115
116
163
127
115
153
192
122
118
153
169
130
195
115
193
195
158
115
105
200
200
192
197
171
110
161
188
126
155
165
187
140
200
182
184
197
102
173
100
194
166
134
112
138
193
151
127
107
181
188
102
109
128
184
100
177
126
147
154
140
101
142
124
100
151
197
154
194
164
190
114
192
100
168
177
142
198
180
110
137
158
200
138
139
180
164
180
198
181
133
184
181
133
141
192
101
109
155
144
104
107
183
155
140
166
172
124
157
113
103
104
165
193
125
104
167
176
111
121
119
135
114
169
187
185
191
158
156
187
174
176
107
136
177
174
145
184
178
119
110
133
169
117
162
177
106
155
161
147
110
132
127
106
152
154
166
152
131
181
168
106
200
138
169
171
191
142
150
148
185
117
163
101
129
200
115
118
128
158
169
104
167
170
145
116
170
187
181
133
198
190
146
188
167
111
199
139
119
193
175
124
187
100
188
143
183
160
184
170
100
117
152
188
123
133
127
187
111
117
