59495
58671
59546
54890
59085
54540
59143
53300
53336
52459
59404
52277
52290
56733
57639
54105
59420
54873
57074
50801
57436
51693
51762
57481
58566
57260
52370
53268
59397
54168
52444
59256
56247
54657
54968
59577
50335
57808
57839
55801
53764
59616
50255
55948
50477
52587
56725
57927
52686
59664
51364
53211
50004
53995
52141
59291
50993
57002
58784
53035
55856
53443
59626
58955
56835
59097
50291
54283
53617
55602
52104
57747
51668
51812
54362
50431
51462
50625
55996
54403
50851
52764
58914
50949
51045
50673
59829
56902
50316
56454
58720
58387
51779
50732
53120
51538
58967
59501
59497
54747
59541
54550
55708
50987
56330
52175
53131
50570
54675
52768
56029
51826
58035
54482
56281
52355
59629
51956
56369
52285
53037
58073
57008
51856
57289
58559
59126
54095
51400
52602
50571
51515
55041
51057
57869
52179
58219
58955
57326
52303
51160
54984
52062
58498
58469
52611
58261
50852
54140
50095
58490
50867
54175
54309
57258
50633
53460
59939
56782
58869
58594
54352
55973
52261
57181
50065
54830
55515
50839
57901
54579
54536
59409
57240
58800
55757
58122
51042
51753
55471
52245
54820
58155
58175
55963
52913
53633
54298
56852
52002
56577
56960
51639
54035
55495
54310
55396
57325
59111
50106
56461
56932
53318
53847
59469
54462
52015
54127
57732
52748
54375
59344
59842
50963
59504
57840
59990
57042
59631
59226
59519
57078
58379
51988
54405
51506
53314
52201
52485
59223
54535
52377
58909
55901
55863
58821
53268
58166
50894
54493
58459
55698
56063
55818
55116
59808
55901
57328
58889
50259
55123
56571
56979
52478
59700
57959
59113
57622
58825
57929
56348
52926
59924
55304
52177
51805
50008
57915
52509
57985
53032
52335
53346
57857
54857
54949
55669
58305
54514
59683
55677
56379
54781
58050
54661
59114
53514
59375
52996
55514
59297
55797
58119
55207
52857
59096
51489
54290
59228
50644
57017
58245
58679
55641
54611
53209
54286
54384
59113
58713
53521
53778
56577
53589
56199
55873
57786
59112
54658
55214
50171
54418
53897
54332
54750
58827
53901
52373
59473
54957
54933
55356
54972
59124
58589
54343
53328
58721
56374
55232
55906
58146
50520
54193
56734
53216
56840
59759
52689
51298
52696
52378
53782
52580
57779
55800
55881
53230
56522
58068
52568
52629
50580
56071
55357
59234
59046
51839
53700
59446
52146
57121
56656
57142
55976
50355
52958
59951
58718
51268
56449
52188
51806
58881
50524
50792
59048
55933
52281
50705
52352
50913
50666
54419
55521
51691
54826
57231
54619
52511
