0 1 95

1 2 29

2 3 59

3 4 91

4 5 89

5 6 50

6 7 40

7 8 88

8 9 94

9 10 60

10 11 21

11 12 89

12 13 47

13 14 63

14 15 45

15 16 46

16 17 24

17 18 77

18 19 60

19 20 45

20 21 50

21 22 93

22 23 22

23 24 84

24 25 16

25 26 85

26 27 68

27 28 93

28 29 37

29 30 26

30 31 29

31 32 38

32 33 10

33 34 32

34 35 67

35 36 66

36 37 52

37 38 19

38 39 39

39 40 12

40 41 86

41 42 72

42 43 73

43 44 65

44 45 2

45 46 8

46 47 96

47 48 43

48 49 39

49 50 61

50 51 90

51 52 8

52 53 58

53 54 91

54 55 58

55 56 13

56 57 79

57 58 59

58 59 28

59 60 46

60 61 24

61 62 63

62 63 81

63 64 14

64 65 52

65 66 64

66 67 75

67 68 71

68 69 51

69 70 75

70 71 57

71 72 31

72 73 49

73 74 88

74 75 81

75 76 5

76 77 90

77 78 86

78 79 86

79 80 69

80 81 51

81 82 21

82 83 19

83 84 30

84 85 86

85 86 13

86 87 22

87 88 82

88 89 96

89 90 54

90 91 58

91 92 74

92 93 37

93 94 65

94 95 51

95 96 89

96 97 39

97 98 77

98 99 89

99 100 13

100 101 8

101 102 77

102 103 92

103 104 77

104 105 51

105 106 53

106 107 96

107 108 96

108 109 92

109 110 76

110 111 33

111 112 81

112 113 92

113 114 84

114 115 36

115 116 81

116 117 46

117 118 55

118 119 87

119 120 35

120 121 30

121 122 71

122 123 5

123 124 19

124 125 7

125 126 9

126 127 74

127 128 53

128 129 50

129 130 11

130 131 38

131 132 4

132 133 19

133 134 92

134 135 70

135 136 63

136 137 95

137 138 96

138 139 60

139 140 53

140 141 34

141 142 24

142 143 59

143 144 63

144 145 42

145 146 45

146 147 68

147 148 20

148 149 61

149 150 53

150 151 61

151 152 27

152 153 86

153 154 15

154 155 51

155 156 31

156 157 38

157 158 19

158 159 27

159 160 82

160 161 31

161 162 99

162 163 1

163 164 30

164 165 6

165 166 22

166 167 53

167 168 11

168 169 54

169 170 60

170 171 75

171 172 5

172 173 7

173 174 8

174 175 41

175 176 45

176 177 80

177 178 41

178 179 76

179 180 42

180 181 44

181 182 12

182 183 56

183 184 62

184 185 66

185 186 73

186 187 21

187 188 94

188 189 35

189 190 10

190 191 100

191 192 28

192 193 45

193 194 68

194 195 19

195 196 16

196 197 80

197 198 96

198 199 13

199 200 43

200 201 3

201 202 68

202 203 4

203 204 28

204 205 59

205 206 17

206 207 60

207 208 21

208 209 81

209 210 34

210 211 35

211 212 7

212 213 7

213 214 21

214 215 14

215 216 82

216 217 26

217 218 32

218 219 26

219 220 6

220 221 7

221 222 64

222 223 83

223 224 31

224 225 70

225 226 53

226 227 92

227 228 78

228 229 32

229 230 46

230 231 59

231 232 33

232 233 42

233 234 57

234 235 5

235 236 9

236 237 53

237 238 66

238 239 66

239 240 95

240 241 61

241 242 95

242 243 91

243 244 63

244 245 73

245 246 34

246 247 88

247 248 40

248 249 21

249 250 59

250 251 43

251 252 86

252 253 34

253 254 30

254 255 57

255 256 37

256 257 34

257 258 94

258 259 52

259 260 63

260 261 38

261 262 56

262 263 26

263 264 29

264 265 20

265 266 48

266 267 99

267 268 53

268 269 4

269 270 33

270 271 45

271 272 31

272 273 64

273 274 82

274 275 8

275 276 52

276 277 31

277 278 37

278 279 81

279 280 14

280 281 51

281 282 27

282 283 16

283 284 27

284 285 14

285 286 48

286 287 89

287 288 33

288 289 8

289 290 57

290 291 31

291 292 76

292 293 88

293 294 92

294 295 17

295 296 33

296 297 50

297 298 77

298 299 71

299 300 30

300 301 74

301 302 25

302 303 100

303 304 19

304 305 96

305 306 30

306 307 96

307 308 14

308 309 86

309 310 90

310 311 49

311 312 8

312 313 96

313 314 97

314 315 5

315 316 87

316 317 73

317 318 4

318 319 41

319 320 100

320 321 33

321 322 35

322 323 96

323 324 1

324 325 31

325 326 100

326 327 3

327 328 49

328 329 19

329 330 76

330 331 100

331 332 58

332 333 48

333 334 68

334 335 36

335 336 61

336 337 5

337 338 39

338 339 16

339 340 70

340 341 54

341 342 40

342 343 52

343 344 96

344 345 55

345 346 47

346 347 55

347 348 17

348 349 45

349 350 9

350 351 84

351 352 75

352 353 98

353 354 67

354 355 81

355 356 9

356 357 49

357 358 92

358 359 91

359 360 96

360 361 96

361 362 4

362 363 27

363 364 27

364 365 76

365 366 23

366 367 48

367 368 63

368 369 7

369 370 55

370 371 80

371 372 3

372 373 57

373 374 15

374 375 70

375 376 46

376 377 74

377 378 51

378 379 5

379 380 27

380 381 25

381 382 2

382 383 20

383 384 27

384 385 63

385 386 50

386 387 94

387 388 51

388 389 41

389 390 98

390 391 32

391 392 76

392 393 38

393 394 30

394 395 54

395 396 62

396 397 85

397 398 35

398 399 30

399 0 45

198 274 20

89 207 96

298 397 70

86 109 97

378 360 11

197 102 53

39 196 35

391 7 23

321 270 71

93 239 100

302 272 38

3 187 21

291 234 61

85 197 89

12 73 13

3 71 69

141 148 43

267 61 39

147 386 37

249 101 50

7 255 3

274 325 98

385 54 96

13 107 3

120 146 23

347 310 71

185 242 49

295 21 75

295 48 19

228 317 29

62 140 46

193 277 12

52 96 48

318 91 48

118 165 45

389 108 19

256 221 98

343 140 64

191 9 80

84 112 91

129 159 22

204 232 97

56 220 31

249 124 78

356 19 80

308 203 88

313 72 25

294 129 38

100 233 83

324 265 21

199 20 43

273 263 2

1 223 90

134 389 8

77 236 88

155 19 96

129 0 65

317 261 68

149 14 4

344 351 76

198 114 39

380 222 81

52 90 62

308 61 49

335 265 99

284 53 91

275 371 95

195 135 29

356 379 5

171 201 76

397 8 52

100 154 60

352 309 94

60 263 49

117 315 54

242 87 44

125 328 49

31 229 65

267 12 13

213 52 76

94 320 79

154 212 16

273 355 91

375 258 24

183 202 55

9 375 28

206 272 63

21 253 15

172 147 78

289 194 19

98 339 91

48 272 25

279 314 56

87 15 45

34 192 89

156 267 31

395 89 76

266 363 74

302 327 59

75 193 97

258 79 81

164 10 67

124 172 40

353 130 56

88 80 55

392 200 57

319 249 88

114 51 48

354 243 33

390 287 72

393 92 7

149 50 28

65 211 68

19 136 14

369 110 38

173 158 86

176 273 26

180 286 61

394 208 67

55 308 53

356 271 86

101 386 28

224 363 59

135 73 7

384 359 99

242 347 67

6 213 96

100 203 56

294 222 89

152 154 15

361 76 44

141 308 99

294 302 1

149 208 53

355 352 77

222 270 97

103 12 51

270 211 25

354 326 75

172 224 12

267 128 29

159 13 15

274 212 65

382 91 1

284 135 81

267 313 35

104 58 49

357 153 62

280 158 71

222 132 95

236 373 99

338 115 58

297 100 60

357 396 41

42 143 12

285 103 77

234 237 12

182 23 81

154 322 30

157 287 76

381 130 9

90 63 30

187 236 18

146 289 99

66 311 5

70 355 56

58 252 14

196 1 78

103 366 24

273 342 39

194 145 99

285 46 15

340 103 36

262 328 54

104 327 55

322 205 1

225 291 86

32 131 19

122 4 50

370 166 19

386 226 87

361 350 100

218 125 22

346 66 75

79 44 6

285 134 84

134 229 47

29 111 82

143 146 34

134 178 95

326 196 41

257 266 31

131 173 71

299 159 94

69 5 45

22 281 16

273 215 15

244 49 22

295 81 81

169 84 28

264 296 81

227 266 29

161 75 50

84 391 93

315 261 68

60 192 59

41 154 4

299 391 15

311 85 72

74 206 20

191 314 74

99 256 31

289 275 22

276 81 70

112 34 3

346 259 71

252 50 27

282 316 27

1 86 81

26 219 47

106 114 28

138 371 48

131 173 4

111 367 63

64 236 42

301 370 1

130 329 60

250 181 21

329 149 11

82 397 98

340 55 95

63 351 41

279 328 11

334 153 19

61 82 96

131 175 21

58 197 1

103 17 73

282 216 10

107 376 14

234 243 81

289 221 64

299 347 100

256 84 71

31 351 94

230 377 28

216 191 79

121 88 61

222 85 70

215 313 3

328 152 77

100 92 5

279 106 64

314 29 88

142 145 5

215 267 17

188 333 48

240 265 21

38 286 58

143 342 9

331 172 35

370 231 14

164 109 77

162 156 13

206 219 59

306 216 98

56 332 66

334 390 41

130 164 45

351 183 85

288 81 63

66 250 49

327 25 20

73 63 65

331 225 26

185 311 47

184 11 69

273 38 20

252 32 79

21 327 55

178 395 35

106 140 37

297 17 48

156 146 42

46 333 52

114 165 32

307 75 43

188 55 42

10 243 60

240 340 29

192 227 90

166 222 52

161 141 66

194 5 96

87 175 4

314 172 22

201 105 15

311 397 4

81 250 21

59 209 83

15 22 36

19 343 1

347 324 87

186 225 15

185 341 33

147 174 60

271 321 91

372 311 29

376 233 31

79 283 77

276 151 4

197 356 56

15 133 11

265 24 9

283 174 39

57 215 47

195 233 9

147 278 70

15 165 61

173 342 65

214 266 35

152 316 96

377 386 98

172 271 54

92 290 68

186 239 40

62 172 10

386 292 87

330 183 72

68 129 82

22 193 2

229 83 83

48 283 54

326 258 100

276 152 22

151 25 70

317 71 32

200 231 5

220 91 58

299 253 85

371 178 3

270 32 90

105 312 95

90 251 10

152 373 60

207 115 87

287 225 94

167 229 26

374 49 75

100 152 27

8 72 37

123 196 100

130 314 66

156 31 18

319 242 6

144 254 68

396 167 33

82 206 64

296 87 68

13 90 92

391 304 50

355 127 50

356 193 94

29 337 57

241 2 93

356 263 92

8 142 15

162 196 10

254 29 83

86 90 31

4 112 88

142 320 36

397 92 93

355 172 10

392 192 83

76 312 56

70 202 72

196 322 13

114 306 89

302 106 52

365 395 55

353 46 22

120 264 93

21 227 14

80 170 44

346 310 12

233 72 81

196 2 31

187 328 24

221 42 39

127 278 57

36 392 66

183 257 6

344 337 10

210 311 94

200 211 1

148 238 54

315 194 15

292 180 19

311 292 29

363 58 69

139 244 68

184 121 79

214 280 51

289 205 17

211 325 12

221 207 5

16 105 73

309 244 25

195 342 61

393 26 11

171 112 46

337 241 26

133 357 27

393 184 79

47 343 74

237 315 88

381 16 26

107 51 4

75 10 53

232 245 31

12 349 41

122 233 71

357 381 44

251 352 3

384 248 5

343 364 46

49 134 9

99 350 28

358 382 5

38 60 8

154 379 13

344 208 42

356 67 76

213 192 29

333 99 96

190 247 52

118 289 91

315 2 63

200 225 17

170 109 2

288 68 44

136 362 100

337 55 79

78 88 44

9 157 94

30 277 47

163 18 38

160 84 90

389 72 36

108 123 68

168 260 79

162 18 81

144 88 37

215 177 79

186 227 29

325 319 26

246 392 32

275 197 54

149 34 6

229 272 60

174 330 32

274 333 68

87 277 73

5 40 100

22 226 74

102 276 16

273 374 47

53 352 37

157 159 81

296 189 26

309 397 45

277 129 73

144 380 81

18 124 74

81 105 85

9 364 16

355 208 68

176 266 27

287 299 86

209 298 57

321 80 59

133 212 97

16 76 9

57 285 60

167 330 85

271 343 24

301 56 32

233 100 73

19 229 6

329 117 54

365 74 86

85 13 97

116 275 29

357 218 94

136 138 17

322 18 62

199 92 74

35 103 2

138 214 71

310 189 87

162 336 100

362 145 83

373 308 26

42 222 31

348 318 6

195 151 12

169 46 86

379 223 68

170 68 65

137 93 88

286 353 81

48 31 74

176 308 58

77 1 78

338 208 89

5 359 88

213 315 78

287 303 71

115 43 7

89 160 86

68 3 72

222 281 67

374 219 79

2 354 15

301 29 87

389 166 82

147 342 65

379 222 53

273 114 13

308 228 50

229 130 73

132 276 55

226 214 25

200 266 35

144 368 51

391 242 80

385 232 39

257 91 13

130 164 30

247 341 90

238 71 39

221 309 6

173 127 84

223 258 63

264 267 49

42 259 23

160 350 52

55 144 8

88 168 98

214 343 2

345 43 73

173 97 56

44 190 72

170 243 13

290 240 18

279 359 32

58 298 25

291 277 10

185 342 99

188 359 94

154 386 90

3 245 72

38 374 97

66 326 20

164 343 89

330 276 35

66 4 18

188 245 91

79 120 96

101 115 27

38 160 53

228 132 63

268 188 14

18 322 17

105 352 90

25 36 57

343 262 18

74 134 44

239 94 44

142 278 24

109 316 8

222 105 49

99 347 26

90 357 71

151 126 62

139 251 5

205 145 26

127 85 7

130 95 49

285 183 22

339 24 52

191 284 10

129 196 98

381 151 89

317 305 3

250 178 8

334 84 9

282 393 77

259 279 18

322 266 11

83 338 62

141 3 52

397 99 43

242 161 72

370 176 100

104 107 76

192 282 24

31 360 81

398 327 27

229 389 50

16 100 94

398 74 58

107 372 64

189 75 83

346 373 41

3 266 37

272 205 83

20 309 1

225 235 22

392 97 11

43 212 69

27 374 2

333 4 35

245 223 32

378 146 70

231 68 14

290 380 98

218 143 49

215 334 37

1 153 22

309 60 3

297 387 28

239 306 11

55 373 2

144 185 20

230 166 3

98 198 84

385 159 98

114 345 52

131 159 37

286 150 32

174 210 69

53 316 61

241 69 54

177 311 56

24 343 36

220 90 57

354 353 39

148 72 80

332 190 43

222 11 30

73 198 94

215 397 11

351 197 46

143 64 14

85 307 17

146 64 12

321 315 56

335 384 42

276 357 64

334 145 40

83 86 79

258 92 45

86 331 95

183 374 75

56 81 50

336 176 41

257 285 15

247 334 97

266 119 8

136 149 56

230 366 2

227 359 98

317 352 80

386 18 40

245 377 99

392 317 77

17 204 80

110 163 64

71 189 78

213 390 76

266 2 48

88 284 9

207 161 25

44 200 94

69 93 26

21 105 5

71 213 71

158 291 48

202 254 42

201 289 4

70 343 85

363 6 7

47 252 23

5 222 85

73 143 14

210 94 68

291 159 37

373 22 5

391 294 3

205 169 57

251 44 79

340 202 27

38 121 30

167 13 15

73 261 79

391 79 32

396 53 91

268 120 15

28 219 46

365 47 63

38 130 54

287 191 93

254 117 83

90 145 2

349 62 21

322 293 86

175 102 55

322 45 32

215 103 82

315 353 61

133 268 63

314 137 96

323 366 6

155 225 78

234 34 62

312 150 73

274 389 78

392 48 62

385 328 51

299 134 79

374 45 41

62 59 89

178 335 63

56 172 11

332 261 60

378 253 18

48 335 53

142 281 80

328 256 31

384 208 74

299 338 83

3 393 26

268 170 10

129 206 29

264 58 3

142 343 84

25 225 54

41 292 39

303 223 43

347 236 5

289 78 58

221 212 40

142 116 38

200 167 64

167 211 77

151 385 5

141 380 51

220 106 87

47 265 66

359 77 12

302 55 76

27 94 39

260 311 7

274 86 20

82 329 22

297 74 85

113 127 41

134 156 7

174 155 81

79 48 66

331 26 51

172 127 23

307 78 73

226 203 44

343 289 33

236 175 87

240 327 63

376 312 40

361 377 43

318 240 99

201 228 47

175 22 46

215 135 77

182 94 24

213 30 96

4 367 41

42 156 12

336 276 37

377 116 49

64 266 60

267 392 98

131 285 33

143 170 18

263 184 22

44 47 90

90 285 57

90 338 55

13 388 81

31 76 54

23 344 69

157 260 55

197 212 75

357 263 75

236 253 67

36 343 87

344 297 59

341 323 18

108 146 50

262 13 1

221 14 48

312 398 31

309 182 91

247 130 21

320 24 55

335 231 41

254 111 49

11 178 84

321 252 68

189 155 52

155 314 32

266 294 18

96 90 72

4 346 56

4 21 31

76 238 91

343 155 94

271 37 86

322 165 32

153 346 18

132 316 39

97 95 47

334 1 100

268 286 17

318 212 25

190 312 13

62 256 48

88 128 79

102 333 88

243 125 80

364 147 12

41 129 82

385 222 79

248 287 43

258 222 84

188 113 59

383 153 11

366 52 40

153 49 100

128 78 89

339 83 81

315 30 41

176 242 97

264 216 78

323 2 53

60 67 44

301 41 82

397 93 81

162 22 29

25 171 66

85 292 32

396 170 37

229 159 8

78 123 79

287 49 33

61 263 22

289 329 53

11 357 83

250 235 72

226 50 37

14 140 41

219 44 35

319 239 63

144 333 31

154 39 9

144 127 21

108 250 29

115 313 32

311 166 14

232 86 23

15 150 61

78 369 89

274 309 55

46 262 48

325 110 48

22 306 94

340 190 62

202 392 28

174 259 66

124 315 79

228 95 9

295 312 38

282 375 99

114 264 19

180 231 80

168 82 69

127 124 61

219 260 17

73 140 73

134 16 75

131 141 65

345 354 74

104 188 17

200 103 28

211 160 16

153 183 13

380 34 46

332 68 56

76 169 76

67 61 22

269 335 63

374 9 78

16 65 66

200 140 10

125 46 21

155 198 15

263 332 7

66 234 17

375 151 60

75 292 19

254 278 51

114 83 78

206 236 29

332 375 81

259 219 10

188 394 64

41 305 66

347 12 53

68 117 69

339 392 44

154 14 96

332 349 40

319 279 46

278 174 60

252 1 99

327 286 28

86 137 99

155 159 4

195 222 75

52 297 85

368 181 67

268 174 52

306 267 81

356 371 15

48 396 51

312 213 23

325 186 37

176 53 42

325 39 19

327 306 68

337 149 69

189 2 14

377 290 28

321 362 54

378 351 22

180 11 76

397 360 37

140 157 57

116 391 12

16 310 51

99 307 60

243 386 58

245 35 11

337 70 15

233 93 41

24 34 9

151 75 32

286 334 77

144 92 84

355 42 21

212 69 10

164 238 88

73 376 4

397 310 8

243 236 72

132 395 68

249 15 17

287 381 39

308 332 32

396 325 2

218 89 95

281 101 68

78 222 23

192 75 8

348 375 98

383 67 98

11 113 98

185 295 2

281 390 73

214 161 75

49 39 49

311 84 41

244 72 89

18 292 71

302 358 34

325 357 81

166 27 11

19 29 1

61 158 96

314 240 91

140 18 82

38 242 23

248 129 66

65 137 53

385 391 71

178 239 39

266 58 3

271 345 99

365 313 41

212 174 44

374 30 60

224 350 68

385 330 85

371 41 12

312 24 7

335 177 43

170 34 84

364 153 54

312 371 75

231 121 2

156 179 24

265 275 27

179 345 78

396 148 20

379 370 99

365 51 63

195 73 46

289 193 80

72 59 59

45 229 95

239 244 77

256 132 58

342 300 60

90 334 87

115 164 92

261 140 53

325 355 8

197 306 65

126 26 24

365 232 35

345 108 43

192 176 65

288 47 50

285 394 9

257 276 12

193 335 92

323 340 91

330 167 30

117 202 64

348 83 33

246 157 87

47 377 65

236 10 61

70 245 68

294 197 78

36 337 74

61 118 63

93 64 100

231 133 88

60 358 96

199 371 25

40 236 2

274 151 43

7 119 24

273 64 42

282 167 74

197 60 41

114 374 26

220 175 99

21 140 55

271 139 100

139 69 29

170 360 83

42 123 56

168 259 52

12 196 65

326 398 87

181 139 75

119 80 78

102 260 76

306 371 14

55 238 100

328 160 23

106 167 84

112 296 70

65 86 88

118 158 45

174 200 86

265 36 12

380 56 47

74 394 64

25 341 20

259 326 18

384 26 83

250 44 77

304 210 74

123 250 35

281 26 21

336 242 20

40 39 47

303 141 39

115 106 64

110 373 12

358 298 73

218 369 83

178 281 8

92 239 81

109 73 53

258 127 60

147 315 36

242 293 7

53 244 9

87 317 42

49 259 91

343 263 68

225 289 33

7 38 1

235 184 72

266 209 3

345 122 26

296 132 100

99 265 7

333 368 79

340 69 66

177 201 1

256 114 3

171 266 34

77 226 76

12 307 68

272 182 5

44 279 77

44 360 2

208 364 41

388 226 10

395 147 95

230 201 98

61 80 44

337 43 15

217 89 67

132 121 83

393 48 74

31 230 77

176 24 47

328 204 76

61 291 6

353 144 41

119 246 53

196 227 21

12 377 51

125 134 64

202 89 64

123 257 10

27 139 45

182 6 58

133 61 84

12 355 44

23 281 2

85 152 43

382 31 79

393 300 96

157 275 18

79 159 48

179 376 2

222 217 87

226 100 94

284 170 56

164 295 70

227 64 88

62 336 84

152 45 68

306 140 15

338 266 74

58 318 47

72 153 2

129 240 86

97 317 17

67 208 47

345 102 29

238 281 12

310 159 64

97 171 41

350 205 51

334 48 25

102 209 48

102 72 32

82 322 72

54 104 69

148 320 13

362 18 15

67 114 95

221 226 61

6 300 32

345 379 46

232 29 7

371 391 26

386 10 53

260 161 86

325 12 41

186 398 64

229 171 13

375 355 68

85 359 36

288 108 79

142 44 96

154 394 69

248 243 91

350 134 44

339 86 9

335 238 72

5 299 61

378 269 71

298 94 53

194 260 33

377 3 91

234 155 44

194 342 3

311 1 12

181 321 99

103 137 51

222 134 74

93 112 30

322 75 70

200 194 12

388 266 9

176 21 65

394 391 85

81 107 65

105 266 38

54 51 86

315 184 61

165 266 86

168 240 75

110 392 6

318 372 16

243 104 20

380 117 58

37 54 96

165 121 80

382 165 1

150 197 66

231 5 60

113 76 71

90 43 90

266 151 100

369 56 20

150 305 99

203 160 82

26 326 77

159 225 67

163 393 38

326 248 57

142 298 96

154 291 58

316 172 93

124 54 57

290 291 48

95 184 40

348 241 75

80 359 9

347 179 87

295 193 78

197 200 5

57 384 84

375 75 69

283 24 53

5 337 64

225 301 62

183 317 33

270 136 62

204 211 34

242 271 49

133 214 14

173 388 2

220 249 51

388 25 55

45 352 84

272 19 62

377 79 79

154 318 10

238 111 95

396 255 72

136 305 77

40 266 5

117 256 92

329 3 70

334 338 14

335 188 56

187 229 84

9 38 20

326 303 27

378 223 53

332 74 68

215 76 59

369 168 38

324 106 62

45 259 50

152 28 71

65 217 3

313 64 44

52 221 21

61 178 94

324 74 33

329 29 63

114 105 22

340 326 90

99 18 51

339 3 36

364 322 68

60 351 70

281 56 59

360 397 76

133 61 89

198 114 28

180 54 24

117 305 87

333 100 80

3 156 54

227 20 24

283 230 62

35 256 70

155 15 80

262 180 43

252 314 97

210 256 15

294 355 64

280 155 82

11 308 48

82 115 33

276 373 88

200 5 25

117 262 86

260 224 45

170 139 33

116 181 19

369 370 90

389 388 39

298 303 29

229 147 6

383 390 76

359 319 64

234 208 93

42 3 94

230 275 8

354 187 60

152 375 61

358 200 47

29 341 25

213 226 74

62 378 34

111 311 70

324 305 49

332 388 71

331 172 76

268 26 55

177 321 100

310 285 7

102 12 82

280 369 6

15 3 79

283 275 20

33 235 88

102 138 98

196 127 85

155 182 39

3 299 42

286 77 28

59 302 70

134 205 36

209 391 66

116 228 4

47 260 19

213 382 37

150 186 86

24 162 94

169 38 1

132 333 5

10 309 56

142 265 91

199 178 51

334 129 38

368 326 64

365 332 10

350 355 71

17 290 51

12 267 69

317 38 15

259 126 76

222 276 34

76 316 100

123 96 60

37 207 99

245 12 46

256 124 71

48 85 94

127 348 97

289 209 39

229 361 31

140 240 94

123 268 71

360 84 47

159 283 37

333 74 37

201 174 46

230 252 16

278 304 88

168 317 28

165 314 25

114 203 26

60 133 57

208 274 5

311 98 39

238 38 55

247 118 6

333 98 38

162 205 48

91 180 80

120 202 2

325 195 13

299 8 36

111 365 28

273 259 37

204 382 59

21 6 39

6 252 4

306 22 25

37 135 42

384 204 36

9 65 90

133 366 59

304 78 40

239 375 74

103 242 39

11 125 6

264 317 84

32 25 74

206 104 45

369 347 48

216 8 73

350 254 30

177 281 44

2 114 54

321 62 63

118 38 54

221 87 66

170 108 81

167 284 85

185 155 46

125 314 92

304 50 38

76 67 67

304 70 40

186 328 49

309 245 84

376 188 54

114 183 15

306 98 43

263 376 20

381 356 15

93 181 84

55 52 47

299 307 95

105 333 14

277 107 48

281 378 26

45 277 89

86 375 62

35 73 6

16 45 65

183 217 83

220 298 30

362 62 36

183 131 58

364 388 4

316 80 30

267 192 31

344 334 94

292 27 26

60 275 25

294 3 57

156 236 5

378 169 85

248 119 42

10 267 17

356 159 6

129 258 59

148 368 94

208 205 99

269 255 22

51 382 44

240 52 78

86 66 58

324 214 57

96 379 4

188 237 71

199 296 40

216 143 19

207 2 20

245 106 81

267 155 78

135 377 21

112 120 94

225 166 77

55 214 43

379 359 47

332 300 30

363 111 67

197 398 3

355 134 33

276 144 55

49 227 63

192 167 44

11 274 41

371 260 49

131 330 90

60 208 91

215 209 96

296 265 40

59 258 18

26 274 24

306 121 11

158 189 25

220 328 17

229 223 50

169 83 11

53 65 46

118 274 24

315 379 34

371 266 65

365 272 50

9 380 5

255 283 4

92 215 88

123 175 52

343 289 55

367 164 70

218 229 18

374 76 15

114 292 8

280 301 83

154 63 12

34 68 48

6 332 16

139 73 72

68 94 44

392 147 34

15 122 92

37 338 5

159 81 65

180 41 52

241 64 81

168 74 7

263 130 37

380 239 47

263 170 7

189 51 100

21 193 66

362 39 89

156 148 89

299 129 95

124 340 92

370 325 93

297 159 26

151 219 34

54 50 14

199 266 49

398 241 82

354 113 17

17 133 1

84 31 90

332 42 87

225 296 97

378 12 23

172 369 41

210 89 65

48 232 4

244 311 89

288 287 79

265 376 5

160 113 47

41 278 89

52 31 25

158 261 13

124 181 5

389 152 76

157 144 50

23 25 46

69 16 34

345 136 36

269 123 36

21 359 7

152 273 83

173 60 33

321 339 1

397 73 44

361 33 99

338 282 85

287 114 5

361 291 9

365 281 61

244 122 84

19 107 98

208 90 26

133 65 66

333 220 26

139 246 37

94 384 96

126 2 90

18 360 88

314 21 30

279 384 25

226 338 78

144 209 74

287 46 13

326 6 13

27 177 90

340 354 85

119 281 21

104 81 51

86 74 50

334 388 54

380 52 68

232 190 49

327 392 43

374 316 65

238 247 91

163 114 49

15 41 68

63 108 15

158 384 48

360 214 97

184 45 73

40 91 1

358 140 62

338 25 81

216 277 41

41 82 21

87 11 30

380 374 21

284 217 14

276 218 95

17 343 57

121 73 47

217 108 63

100 150 76

75 182 74

22 134 68

172 228 62

214 107 90

40 131 75

207 70 1

124 72 50

324 285 7

268 283 98

33 82 6

216 95 80

207 152 25

347 273 98

86 226 19

296 126 7

121 352 51

361 33 53

274 306 35

125 161 61

166 18 57

352 61 31

211 130 41

365 285 96

25 292 90

30 15 41

196 376 88

289 312 34

203 380 97

109 16 7

41 364 42

158 309 2

130 364 46

34 378 23

157 389 17

291 147 79

18 156 6

0 143 27

132 159 47

328 125 32

346 151 36

196 37 42

291 39 61

180 281 2

275 367 35

362 10 74

60 207 22

238 41 30

91 272 97

299 265 47

108 201 90

280 74 41

383 261 8

186 23 20

150 347 95

379 196 59

33 364 11

317 0 73

364 366 63

283 326 83

390 105 12

163 200 97

271 27 36

34 117 60

218 178 90

329 203 37

156 43 36

182 342 13

360 51 15

347 329 46

74 162 76

356 179 24

11 388 10

131 162 1

194 22 42

345 84 40

33 186 14

175 20 29

19 120 26

159 288 61

276 306 63

198 350 76

348 299 89

334 300 38

72 317 76

53 66 38

157 325 43

44 122 6

277 292 40

209 84 74

83 82 5

54 179 65

185 298 73

106 32 43

313 228 2

161 67 7

18 207 49

306 68 38

392 320 62

89 246 43

388 22 82

73 393 6

204 244 33

98 358 84

118 328 70

82 38 62

103 357 62

155 287 53

151 173 89

359 373 3

54 0 17

367 387 94

79 384 35

189 48 41

302 200 28

320 301 9

69 25 17

22 111 4

23 191 78

277 214 4

22 376 66

157 178 16

183 330 19

260 234 8

65 266 10

321 319 33

91 14 56

17 108 47

288 148 7

18 281 25

222 242 50

52 219 64

138 121 15

384 190 22

321 348 1

234 86 32

5 22 43

129 104 5

214 153 37

272 37 98

305 214 99

74 112 80

22 76 24

318 116 52

296 194 57

97 270 90

15 140 28

343 224 92

146 34 28

326 280 55

325 20 18

121 282 1

283 3 35

193 231 93

165 305 93

23 349 7

248 321 33

355 176 37

199 270 60

323 241 64

265 120 8

69 324 83

390 261 63

200 144 24

129 215 77

299 114 73

392 312 39

268 393 53

221 208 25

166 25 33

178 109 88

43 18 85

2 149 98

368 51 48

224 300 56

225 139 56

161 197 43

329 382 81

168 242 7

59 140 87

116 327 9

48 357 40

312 8 96

394 189 75

282 174 41

23 108 24

224 111 15

56 195 42

331 241 99

233 184 54

25 208 34

389 136 51

158 365 2

159 365 47

227 117 89

8 293 96

190 37 36

223 221 21

370 304 78

1 205 37

135 21 39

150 84 10

116 148 32

115 127 4

32 262 51

109 102 88

374 377 37

329 16 85

304 216 6

280 127 7

364 362 96

300 350 57

171 1 59

208 373 6

256 165 13

3 225 26

10 210 98

30 302 77

243 85 77

171 67 63

358 388 86

375 93 1

156 345 83

310 127 60

378 104 8

339 199 37

10 86 97

105 85 64

307 89 68

359 83 11

97 356 75

68 208 80

74 60 52

54 206 16

212 246 43

211 18 34

158 24 23

94 340 6

40 301 62

227 389 42

51 359 3

232 184 86

188 149 85

71 382 60

50 296 23

76 323 69

299 296 44

99 273 27

132 187 66

378 275 8

184 138 61

325 169 67

127 281 53

132 236 38

261 3 15

15 392 38

308 345 100

166 22 52

123 43 27

242 310 45

309 211 96

301 168 69

82 208 22

334 302 29

392 20 81

325 219 14

82 71 12

63 126 20

231 297 68

190 192 6

174 202 52

246 154 27

247 318 7

371 156 11

245 110 100

90 262 6

240 92 86

263 215 77

174 300 3

110 148 25

30 348 62

231 29 6

247 291 6

33 388 35

317 228 2

106 300 38

68 95 86

378 322 74

187 259 6

169 237 30

194 330 3

216 57 36

386 198 84

250 359 76

368 259 20

144 232 88

273 68 48

57 136 33

333 223 71

296 387 33

340 194 8

263 159 1

124 295 16

92 212 100

21 211 92

100 392 66

395 78 16

89 72 42

9 253 8

248 55 63

207 376 66

8 312 88

358 261 36

264 104 60

16 27 58

127 141 60

258 11 32

299 204 88

200 42 38

393 49 41

140 299 36

21 291 71

202 32 95

150 295 84

36 72 70

226 397 47

278 19 1

20 196 64

261 388 22

56 77 64

297 288 22

72 221 9

392 188 16

125 71 60

115 142 26

334 200 58

269 182 51

68 41 12

353 290 98

275 180 60

264 32 7

287 152 83

8 325 53

46 187 9

155 135 12

98 25 37

187 35 1

87 306 43

323 227 89

57 323 34

117 370 53

386 181 47

332 82 28

214 141 28

378 248 96

124 165 83

239 18 44

90 262 85

232 72 16

31 244 72

126 74 24

23 219 70

346 91 25

291 207 52

320 290 82

78 273 100

28 8 100

361 209 4

285 367 15

98 129 29

276 274 82

142 170 38

51 328 90

141 170 50

26 371 64

348 33 64

59 295 8

223 356 75

73 378 82

111 40 65

157 292 11

216 239 65

321 241 14

96 100 83

255 227 7

50 350 58

287 387 44

372 325 3

74 368 76

374 79 36

64 348 75

5 51 95

54 176 100

238 379 11

396 162 91

347 237 33

131 71 85

71 143 9

48 335 84

386 273 22

302 6 13

222 79 24

132 330 82

237 28 97

276 209 17

209 94 45

10 277 81

356 13 14

75 13 24

45 7 86

95 259 99

351 68 43

330 291 68

266 22 36

53 262 69

12 53 67

346 148 79

317 25 33

279 255 71

29 200 40

151 53 88

315 358 22

202 292 51

7 269 83

380 115 74

154 24 82

180 203 39

38 153 45

172 145 56

261 335 19

1 120 56

309 53 54

385 112 34

30 55 6

253 30 31

93 32 98

264 275 31

263 340 35

326 378 16

127 44 61

266 84 92

25 348 82

53 184 90

108 61 56

236 292 99

111 46 26

62 223 6

361 213 5

338 204 28

303 166 28

136 353 93

33 296 93

92 290 65

295 170 69

145 147 35

266 271 18

242 243 57

292 313 63

110 359 52

235 58 48

45 312 34

183 364 6

162 191 24

238 286 77

43 102 26

313 335 22

263 118 59

308 107 53

344 95 12

194 193 60

178 109 27

296 21 64

378 383 11

330 189 4

373 149 96

169 95 49

202 312 43

43 129 41

63 126 40

163 332 36

339 204 47

281 73 63

89 385 16

186 8 73

29 353 20

287 42 27

207 139 54

164 268 18

365 165 41

244 183 92

325 111 100

311 319 90

133 352 22

116 312 37

359 199 38

260 33 79

172 381 98

221 128 60

392 222 1

383 272 73

72 84 91

360 173 25

288 49 87

289 29 92

389 351 39

396 351 75

346 222 9

320 185 15

249 144 65

115 17 54

77 133 100

322 370 90

243 271 84

330 356 5

226 367 96

375 97 27

139 179 100

311 396 71

152 372 43

277 203 5

389 10 54

386 41 38

308 348 61

314 45 95

176 276 39

269 272 56

146 114 15

278 91 45

139 82 62

327 202 12

368 364 36

318 164 33

76 251 4

343 333 73

76 264 13

394 132 39

397 54 65

181 302 58

136 330 100

398 307 51

271 230 78

127 380 80

42 209 27

396 102 48

276 58 8

245 200 50

273 344 14

340 261 6

210 233 38

92 316 100

306 227 80

272 239 11

314 269 88

96 309 1

291 274 14

311 41 38

64 34 56

168 321 3

59 222 60

297 201 33

385 359 74

389 163 5

293 280 63

364 39 72

341 194 90

113 95 48

112 163 49

86 145 90

238 193 42

344 3 36

179 64 35

110 99 94

50 10 61

212 364 98

117 275 86

211 115 90

270 323 93

157 46 54

160 312 97

8 177 40

43 243 50

321 238 15

354 67 72

267 21 45

86 185 95

67 398 17

46 300 20

79 257 94

68 282 45

242 221 78

361 35 4

366 27 62

171 47 14

233 353 96

298 149 4

130 63 16

124 351 36

393 6 50

250 254 10

213 186 32

33 271 100

118 194 4

358 71 69

1 239 31

299 98 70

36 50 2

62 75 70

328 177 67

66 64 31

264 106 32

166 353 59

370 30 56

270 374 77

337 181 96

213 48 4

39 311 13

107 289 60

350 98 86

243 155 84

352 108 55

104 202 9

27 61 43

63 103 49

182 317 97

41 63 75

123 386 24

183 324 48

243 278 22

292 113 67

241 234 77

247 209 88

235 13 24

64 116 22

87 313 70

161 273 27

384 314 87

345 346 46

191 255 3

97 333 34

180 196 49

253 0 53

61 321 29

251 166 87

136 120 12

26 72 72

198 308 62

188 38 44

90 227 79

280 312 36

81 215 1

8 194 97

34 74 41

21 376 13

167 214 62

218 333 14

343 259 31

233 175 76

257 308 39

231 73 18

176 55 61

102 387 85

224 195 53

56 35 3

118 336 15

389 360 93

283 41 74

218 81 62

229 360 87

31 144 20

215 77 58

47 35 14

248 153 98

39 17 82

281 133 39

164 11 55

120 351 63

229 152 37

364 211 21

13 242 6

175 36 89

392 36 56

119 36 6

247 321 72

151 191 66

128 324 12

229 245 77

313 20 99

66 195 79

210 128 94

157 396 82

15 123 82

217 213 17

5 223 45

8 105 51

206 354 26

89 117 12

185 276 21

373 77 26

26 210 3

392 92 99

258 174 10

395 140 48

365 199 72

310 216 28

243 169 99

346 97 9

328 255 66

205 8 51

109 152 98

195 138 12

369 131 70

82 348 39

213 307 10

203 16 58

357 115 46

180 214 2

349 290 69

317 333 31

134 368 47

149 134 67

122 312 19

363 384 35

368 211 84

4 247 16

84 288 83

353 65 5

269 184 51

239 245 3

11 168 27

367 154 47

244 117 81

22 201 49

156 39 13

196 6 88

238 169 37

134 248 68

233 35 31

110 127 87

322 334 34

46 199 21

159 139 29

39 140 30

86 80 62

263 87 100

134 211 96

200 109 6

321 152 78

316 262 99

8 90 74

96 37 22

302 341 22

5 43 19

205 7 27

50 120 41

160 44 20

15 207 83

126 4 88

313 286 100

190 229 30

394 397 29

224 318 100

217 274 34

382 228 38

106 156 15

83 130 97

79 88 80

372 398 60

230 274 34

385 26 62

325 365 46

124 305 95

340 199 70

319 174 22

143 359 49

220 108 89

333 32 87

345 395 40

267 125 84

177 157 27

107 353 3

244 208 52

24 378 1

314 200 88

334 314 55

110 360 76

126 56 72

227 62 38

10 77 22

116 334 18

43 34 70

118 77 58

233 280 12

308 97 34

336 386 32

260 183 20

186 64 99

62 159 86

340 115 5

65 155 76

266 352 95

76 256 58

204 292 69

150 220 54

250 56 11

194 228 2

358 44 25

224 134 36

216 354 91

130 150 86

315 112 19

76 334 5

237 10 29

265 367 77

381 78 6

40 352 100

272 17 82

160 149 14

261 369 79

107 8 78

36 234 29

377 239 65

6 111 64

304 98 28

63 48 25

341 15 24

218 84 26

56 280 56

215 222 70

43 342 33

151 119 49

147 119 71

327 210 43

9 170 19

92 58 97

72 94 61

182 292 76

100 158 86

256 90 92

186 124 12

347 133 51

98 251 57

386 381 51

116 326 28

276 350 29

226 329 65

125 294 39

318 9 45

131 366 35

268 77 53

314 382 86

102 136 96

178 88 32

369 222 50

66 81 74

61 127 64

308 105 50

346 154 90

343 169 33

131 33 98

352 358 100

47 11 100

352 305 55

297 228 61

270 263 18

121 205 11

53 173 3

90 71 81

280 129 35

139 345 14

324 200 90

159 260 36

40 330 39

353 347 83

354 275 91

166 130 94

263 93 85

177 318 82

323 297 57

183 138 20

159 243 5

197 223 58

203 27 89

33 262 23

354 30 17

35 47 44

142 65 46

38 104 32

108 139 17

302 242 74

89 274 60

118 103 29

110 57 63

287 162 84

140 155 41

37 250 41

53 93 77

107 209 75

302 284 27

100 118 33

100 171 30

355 263 83

311 151 90

2 205 77

221 253 96

141 84 97

244 248 60

41 352 29

261 65 52

33 84 57

206 84 59

173 174 48

125 180 49

15 174 60

24 332 87

135 95 8

251 262 56

214 171 69

346 52 94

36 210 77

93 248 82

155 396 82

389 324 27

62 229 38

85 264 7

82 134 13

64 66 81

149 74 98

365 64 66

66 95 23

104 125 25

342 291 95

280 134 69

338 109 47

91 376 16

167 216 53

150 227 22

233 345 70

368 316 29

59 344 36

13 339 6

48 59 76

277 14 7

330 18 68

347 330 25

369 229 11

280 320 77

394 93 32

380 271 47

231 366 15

259 351 51

314 75 28

62 375 82

326 281 49

285 369 55

293 253 73

69 358 65

259 299 79

271 40 100

339 245 21

65 268 54

125 6 83

280 282 12

157 34 44

219 7 16

371 236 37

54 50 46

110 289 83

67 7 33

55 143 5

96 34 65

30 54 27

363 181 86

239 380 85

50 397 59

294 203 61

197 388 73

8 166 72

278 1 72

45 164 86

138 67 54

83 90 91

369 229 62

28 137 5

87 104 28

232 203 48

253 47 91

330 23 55

220 322 47

336 79 67

128 252 48

341 159 97

208 392 88

8 30 51

77 0 65

209 91 25

85 179 40

148 79 88

342 324 26

304 238 30

394 173 61

248 235 100

19 276 98

39 34 53

229 384 37

186 341 21

20 29 6

390 43 17

238 1 28

55 188 30

221 73 43

174 200 50

348 59 85

21 221 35

143 346 78

160 23 97

31 192 71

75 393 12

90 67 89

361 74 78

295 366 57

31 147 22

385 109 58

357 129 10

384 37 75

393 79 22

285 113 1

105 4 87

200 65 19

278 277 68

182 57 53

240 95 39

341 88 7

53 262 2

158 65 50

240 1 68

375 147 74

180 281 35

10 218 42

24 208 18

147 390 15

262 346 86

361 290 76

144 337 26

88 238 80

195 177 29

22 361 80

369 361 3

229 325 94

4 188 71

39 167 41

341 261 96

174 60 61

247 217 67

294 264 79

10 271 64

20 243 37

238 257 92

194 234 44

201 142 43

307 37 63

265 189 23

351 284 81

324 330 36

81 37 28

41 152 88

205 245 11

248 119 95

83 256 7

236 268 66

43 191 4

182 135 38

13 387 26

397 51 22

363 76 11

206 157 93

189 257 6

354 14 14

153 85 12

147 23 38

171 271 44

221 272 18

344 320 49

281 302 5

55 168 19

315 12 79

38 387 73

189 241 100

276 224 61

48 114 39

380 204 94

38 264 86

315 264 34

125 375 15

373 257 44

83 321 94

112 396 62

200 219 66

190 21 58

136 221 67

278 178 23

156 352 57

146 230 79

40 268 50

223 59 80

398 54 47

106 199 83

330 5 13

229 25 62

392 302 8

257 192 40

270 394 9

341 40 92

50 18 9

34 396 46

157 268 9

340 394 66

276 211 12

106 290 83

220 178 50

118 99 18

310 360 77

125 190 89

162 207 29

124 58 78

72 71 68

48 230 98

272 229 56

208 188 73

184 332 11

377 342 30

245 155 70

366 252 29

248 17 36

285 184 90

73 330 52

323 350 66

88 122 14

319 302 55

37 52 70

196 4 88

165 193 24

214 91 37

169 286 45

66 247 32

359 295 76

132 279 58

216 194 80

1 230 61

236 188 71

394 9 81

324 102 89

172 40 79

279 293 96

258 243 58

163 309 95

135 119 68

