0 1 24

1 2 49

2 3 72

3 4 46

4 5 22

5 6 86

6 7 7

7 8 52

8 9 48

9 10 72

10 11 10

11 12 33

12 13 50

13 14 98

14 15 96

15 16 39

16 17 89

17 18 80

18 19 77

19 20 3

20 21 63

21 22 45

22 23 8

23 24 84

24 25 22

25 26 9

26 27 71

27 28 99

28 29 77

29 30 65

30 31 71

31 32 18

32 33 81

33 34 67

34 35 11

35 36 21

36 37 85

37 38 62

38 39 36

39 40 1

40 41 52

41 42 100

42 43 25

43 44 43

44 45 61

45 46 41

46 47 72

47 48 93

48 49 45

49 50 100

50 51 27

51 52 27

52 53 76

53 54 49

54 55 71

55 56 24

56 57 8

57 58 91

58 59 81

59 60 100

60 61 83

61 62 27

62 63 58

63 64 98

64 65 50

65 66 5

66 67 26

67 68 94

68 69 100

69 70 19

70 71 58

71 72 27

72 73 94

73 74 64

74 75 48

75 76 19

76 77 83

77 78 87

78 79 94

79 80 41

80 81 1

81 82 67

82 83 37

83 84 69

84 85 52

85 86 83

86 87 6

87 88 78

88 89 1

89 90 57

90 91 60

91 92 22

92 93 99

93 94 25

94 95 11

95 96 11

96 97 54

97 98 69

98 99 7

99 0 94

1 82 2

34 60 56

31 94 37

69 57 18

13 72 96

96 54 36

48 53 84

36 0 39

21 76 16

2 73 98

27 59 77

10 13 94

1 35 47

19 57 42

2 24 50

82 95 40

96 28 87

51 32 41

36 71 38

31 43 53

67 13 80

59 17 54

44 77 56

6 85 36

54 22 57

88 87 39

36 17 80

82 47 43

55 2 30

18 49 94

53 98 11

87 49 46

35 15 14

21 76 17

36 15 12

79 78 56

83 95 42

68 88 64

83 36 40

20 21 79

64 22 45

21 82 95

45 93 75

13 20 50

83 43 41

63 70 15

61 83 97

66 29 8

33 37 56

57 90 2

56 89 98

78 87 80

95 4 40

60 93 99

97 78 77

4 50 80

27 40 64

17 46 78

52 96 76

66 0 48

22 70 9

51 40 25

10 49 94

17 23 26

5 26 5

17 52 71

39 72 48

50 63 42

49 71 4

17 85 85

90 1 7

11 62 23

1 55 85

18 35 14

52 23 68

72 39 37

92 5 5

97 72 3

50 42 57

62 10 79

84 50 27

9 30 30

41 3 15

18 64 79

97 19 32

98 13 91

66 29 15

7 54 46

90 11 63

9 32 54

71 47 93

63 29 83

22 36 2

86 15 21

80 72 86

43 25 55

80 11 32

53 25 82

78 87 61

33 66 63

