163
114
162
165
182
187
179
111
185
149
192
136
186
105
196
133
170
119
140
162
183
119
198
116
199
147
196
184
133
194
155
146
109
151
182
143
157
147
198
125
165
187
122
104
163
171
142
111
142
143
120
150
115
166
165
184
174
185
132
186
122
168
180
100
103
197
102
169
179
168
147
181
180
191
194
109
175
199
162
130
193
109
183
150
192
166
160
169
200
194
129
146
136
140
110
177
100
150
184
131
152
167
118
180
119
187
136
155
178
190
162
174
186
198
181
150
193
155
114
126
118
162
121
187
199
173
164
103
126
171
113
192
137
142
109
152
146
181
110
193
139
196
137
158
121
117
193
150
107
178
184
196
200
166
149
172
197
115
135
125
190
117
114
179
139
155
160
186
186
137
148
165
105
161
146
105
144
192
141
107
188
176
146
124
186
158
114
196
180
137
198
101
166
198
197
147
155
107
186
140
156
149
143
168
181
142
185
171
190
104
104
165
149
190
172
107
132
111
191
113
182
117
142
171
191
162
153
144
181
150
107
141
159
157
155
107
193
193
198
144
119
104
161
111
181
129
103
119
123
167
169
197
146
195
101
160
158
151
198
157
103
107
189
199
190
131
141
200
191
119
198
125
190
150
167
169
178
140
180
118
160
126
135
130
159
143
106
181
105
182
187
176
166
140
133
125
102
172
164
116
188
125
193
105
122
133
134
140
113
162
200
141
107
173
157
192
162
100
145
132
177
132
133
194
148
196
138
162
124
152
107
128
172
173
123
139
139
142
154
107
108
142
182
124
197
166
183
129
161
107
169
188
105
135
109
104
163
133
136
106
117
100
152
144
151
178
128
102
105
150
154
140
153
164
177
109
147
163
102
105
128
156
162
149
110
129
200
112
160
102
177
161
188
158
111
196
178
128
152
142
