55653
52978
50216
59437
56600
55676
55832
58580
54295
59428
58270
55210
55854
58569
50820
56252
59249
57310
56578
50709
59767
56482
52240
53810
57284
56731
53164
50324
54486
57481
58595
58731
52692
56290
55460
52802
54226
52623
54413
54240
57817
50767
56848
50979
51347
54471
59816
54164
57294
51844
53184
51158
56982
54448
53367
53578
58490
56506
57109
58951
51002
59105
57271
59938
59749
55664
57878
52049
54729
58737
51688
57361
55670
59480
55855
53135
58673
55252
50866
58645
56932
50894
51073
57230
56540
59808
50119
59899
59554
58588
52807
50665
57417
56836
50899
54412
56910
56049
56617
57830
51796
52228
55078
50408
59456
55444
55545
58236
52512
58244
51122
58496
56395
56453
52812
51844
56683
59212
51926
53584
51645
52807
56350
53347
52098
59924
56234
53404
58488
56004
56331
52784
51939
59968
53369
50671
57695
54267
50692
52528
53343
59872
52052
55895
53059
51851
56101
51021
54716
58396
55784
56009
55528
57310
54786
59987
56548
54581
56255
56025
55743
55969
55322
57030
56768
59341
55154
56104
56195
56958
56242
58458
51234
58460
51208
51210
58537
54027
55231
51574
55256
54262
52495
56008
57781
58456
56399
53034
58246
59721
51561
56958
59755
56695
53364
57565
55156
57999
51692
57311
51926
54645
57331
57881
50019
58860
53718
58869
57641
59393
50697
55762
56182
55599
57652
53176
58460
50884
53092
50580
50517
53327
57156
56810
57764
56776
54566
59910
53199
59019
56774
50475
54853
57646
50113
53757
50343
53288
59216
58338
58907
56560
59407
59595
59036
51452
58665
52357
59443
52368
58775
58455
55076
50227
51413
54319
57544
55610
56141
55994
53143
53099
56865
54911
59936
52320
58290
52023
57923
57315
51315
59902
56178
51626
52738
59659
55474
55409
53877
55639
53278
57806
58387
50905
58491
58005
51274
58952
55352
52428
52114
53357
51858
59800
56773
50955
57038
50485
50200
59543
50677
55762
59676
50805
50921
55830
54810
58554
51711
50352
56713
59315
56537
58670
50889
54030
53403
50949
56543
58109
55410
58966
59220
50033
51185
54325
52669
52491
58976
58909
57297
52161
56618
59415
51392
52571
52661
53608
55938
58698
56435
56724
57111
58565
52886
56654
57219
50749
59677
56450
52911
52151
50175
54962
57749
52430
50390
56402
59011
53377
56531
53458
57424
51129
55312
59791
55265
58270
51736
51977
56848
53905
51959
51120
58628
56635
56687
51848
56875
54848
58634
55287
51559
51239
56845
58005
58073
59228
54086
57266
55976
56064
56954
58926
58970
51236
50594
50396
58508
52330
