57370
57390
51490
53407
53595
55174
57505
58464
51156
57766
51090
56368
50626
56330
58550
50258
57368
59545
58261
56393
54469
54709
55070
59956
56935
57929
50256
57081
59489
55566
52342
57153
55831
56650
55711
58983
54780
50132
51842
53109
51299
50058
51849
56759
50419
59323
52913
50842
57699
57397
54591
58877
59329
53486
55666
53468
58251
52508
50920
52372
55152
53390
59784
56016
53078
57910
53484
55618
53246
50670
59849
54073
54627
59472
55149
57658
50286
53665
58342
54371
55817
51529
53094
54091
55470
53619
59947
54286
58316
52334
52239
53966
53274
51116
53904
59989
56933
57492
59652
59633
58686
51928
58182
55201
53230
57455
57259
52417
58502
58628
56919
52579
54438
55776
50756
55828
50199
58653
59019
54543
52285
53509
57650
54204
51754
56972
52675
50951
58506
53067
54630
50099
50455
52103
52328
57416
58035
59756
50843
58377
55606
56180
55318
55613
57803
59821
59944
53515
58620
52245
59103
55166
54369
50589
54097
54364
59995
51859
58149
52589
54529
51383
56080
54256
53222
56715
51963
57854
52441
56931
53946
54039
59507
57200
53383
59901
53784
50263
54735
51968
59125
58816
52508
52055
55311
59543
59478
57997
53883
55951
54754
56207
52810
59343
50085
58596
59859
54490
53618
50645
53180
53000
56974
51831
59929
51261
59021
51084
50418
59516
53775
57078
57954
58113
58075
51366
59529
58703
54707
51435
59822
54303
56767
56959
53687
54740
58298
59694
58171
52981
57264
50385
51457
55449
56981
51283
56547
57393
57320
55434
57533
59713
51276
50963
54733
53712
53431
57764
54373
52787
56176
57376
57187
58665
56789
51950
57967
57642
52658
54468
59393
54606
53780
53630
58335
59637
53394
56873
54469
54425
58410
56830
57159
58105
53493
57346
54733
52732
54649
52388
57860
52265
51020
56660
58807
50215
57836
58992
56766
55063
59835
54040
50464
58955
57274
55352
53428
54006
52025
58698
58227
55901
59030
53778
56324
50273
50597
54580
57562
56743
52465
52785
57279
56380
57858
57986
55457
58318
56810
50726
50156
54906
59725
50777
54449
50424
55150
59515
57323
53169
53624
50952
54148
59127
56234
56803
52929
51126
58981
50972
54599
53688
55500
54942
59396
54410
55320
58334
51217
52656
55648
50637
51244
50601
50578
59315
52448
50893
57395
50434
56747
50996
54371
59825
51782
53914
56118
54391
56441
53809
52816
55572
55770
51494
58324
58108
57894
52669
57582
54902
58226
57158
59658
59489
51051
53068
54083
52802
57384
54282
58240
57281
52957
59100
56685
57360
58919
51567
53274
54298
