105
139
110
133
117
165
139
123
126
136
126
145
103
128
141
160
127
113
107
194
142
158
192
108
188
155
116
141
178
148
199
138
175
139
183
157
106
103
113
101
107
169
153
175
192
159
173
176
138
124
120
125
127
120
188
176
104
127
102
150
148
183
131
182
197
108
179
159
148
142
179
164
181
191
162
199
161
164
156
109
173
155
145
191
130
152
170
180
146
185
177
106
104
162
135
121
158
134
154
146
