155
145
190
148
189
172
191
118
179
126
139
101
185
172
197
167
110
190
176
108
168
184
147
164
197
141
102
189
142
132
127
169
152
125
123
128
170
163
182
125
112
114
181
122
155
113
191
158
101
172
190
127
188
175
104
118
119
108
100
139
198
102
191
123
183
118
188
139
156
117
109
184
195
141
125
119
141
148
177
157
103
159
139
132
178
180
134
124
131
175
119
191
121
133
185
103
106
109
165
100
196
116
164
126
145
158
131
118
167
182
135
166
121
184
157
136
106
152
176
128
105
198
141
155
194
154
109
151
161
103
101
114
172
192
124
177
135
172
172
136
165
157
107
162
129
124
105
178
177
117
169
175
118
152
144
161
121
144
107
197
167
181
107
195
142
124
134
162
112
199
113
150
168
142
116
192
167
156
106
177
147
175
146
146
136
132
106
138
198
135
164
163
119
124
160
114
112
109
124
145
131
145
145
168
174
113
103
196
101
196
120
193
183
114
170
126
157
150
156
102
115
130
180
115
143
184
121
186
146
157
189
101
118
174
147
200
110
152
185
165
178
141
184
158
139
181
195
133
173
152
141
124
137
174
198
108
107
165
115
129
153
134
155
177
107
128
127
173
156
157
199
122
170
162
155
173
148
175
150
108
171
100
119
200
174
124
134
159
120
159
197
198
103
164
119
192
160
180
187
156
159
177
158
176
169
113
114
135
192
138
197
155
174
130
116
105
140
154
195
194
176
184
174
172
140
101
185
148
190
176
194
120
191
170
161
159
129
198
110
180
131
175
164
168
173
166
134
199
131
135
194
103
118
116
109
112
121
144
110
173
126
152
178
176
138
184
112
101
108
114
160
143
193
126
126
100
116
175
117
162
126
189
102
120
108
171
130
126
193
174
171
168
127
177
102
149
146
131
121
115
