58282
54263
53457
56750
52215
54672
53147
56269
58774
54477
57845
54570
56562
51318
54330
59094
56055
57668
55047
54981
58429
50678
55733
59428
55179
51944
58480
52516
57007
55403
59489
56244
58380
50079
59894
50777
53221
59462
50089
58228
58612
54398
52557
58027
54779
51343
59279
58960
54915
58567
54186
56835
53980
55057
51895
59650
52942
51034
51443
50140
57160
55645
57946
55071
57919
56958
57779
54065
56478
51798
53218
51726
54086
52414
54069
59753
53203
59825
56363
53751
58575
56196
52520
57929
54329
53575
53303
56974
52686
58083
52953
55441
54879
58554
58884
51844
55854
58982
54461
59219
