159
108
109
127
185
135
155
133
164
166
184
107
118
159
117
171
194
181
149
107
166
191
152
161
178
143
162
106
113
187
162
130
164
177
199
125
165
198
156
167
193
155
144
120
105
166
145
144
159
178
159
118
120
166
164
146
114
136
134
103
151
114
111
140
192
193
159
128
115
173
115
200
128
111
139
167
181
133
103
191
154
120
116
200
149
153
199
173
125
152
162
176
138
108
199
177
194
101
152
163
109
133
163
112
176
134
104
154
104
105
163
105
115
137
136
138
152
110
134
164
104
190
137
107
119
195
164
113
110
196
194
169
179
109
142
196
134
107
139
141
147
187
164
113
126
190
139
107
104
102
135
161
154
124
122
145
144
151
119
117
127
111
197
158
133
150
141
105
190
138
166
185
179
177
192
200
135
171
114
147
126
169
200
125
128
178
177
161
149
156
161
126
193
184
166
140
104
164
152
131
142
128
196
129
190
140
180
161
142
148
126
125
150
188
145
140
173
134
186
184
179
149
174
174
167
136
151
136
104
172
173
124
158
195
117
138
198
126
182
173
115
104
185
100
161
136
154
124
164
115
136
116
173
123
152
199
180
127
156
105
122
197
193
111
100
177
188
122
134
187
155
162
158
145
151
147
183
177
163
170
192
100
192
115
180
145
164
190
158
135
159
152
109
182
140
148
189
100
167
145
