100
188
191
158
152
106
101
145
166
108
180
196
111
115
191
114
189
133
177
151
177
145
186
173
185
120
146
106
141
189
184
101
177
107
160
111
193
121
134
163
137
186
106
147
166
167
110
178
158
104
155
114
156
185
197
144
116
195
169
149
187
116
185
159
114
196
104
142
153
193
144
198
112
114
142
178
156
187
177
113
151
142
171
140
149
141
103
100
161
129
176
159
178
131
134
121
200
149
130
150
158
153
194
147
168
101
168
135
165
143
192
156
167
143
117
160
116
156
165
193
170
142
107
112
194
139
108
153
126
166
138
185
107
141
165
195
104
118
126
127
119
119
176
134
163
161
117
131
174
125
108
181
175
117
111
184
108
172
127
165
163
139
169
154
121
188
112
199
196
153
159
142
118
137
190
130
131
180
182
183
187
141
173
199
184
121
172
146
145
110
120
111
141
174
199
160
194
101
190
134
190
135
118
112
112
193
196
123
120
177
191
171
200
118
110
104
171
144
118
188
184
124
131
153
186
151
198
101
157
146
160
193
178
187
108
148
153
175
166
178
198
113
161
141
114
155
114
195
185
122
125
162
178
145
180
178
192
118
190
160
197
187
118
132
177
193
170
173
112
107
106
184
136
121
108
130
143
119
113
163
165
196
181
137
174
188
118
174
139
176
102
161
184
119
172
150
129
115
178
117
109
172
198
166
174
181
186
105
146
200
161
183
170
171
123
186
117
102
144
104
167
133
172
123
130
181
163
164
197
145
138
132
178
186
119
141
148
152
104
195
117
133
189
153
134
136
139
121
113
144
184
181
180
122
150
172
176
118
165
150
190
168
119
110
130
139
169
159
173
165
193
128
158
117
102
101
189
137
103
193
145
174
154
177
112
134
148
171
196
153
155
183
119
110
165
175
197
117
200
105
