53845
53026
55105
56882
51321
56856
57273
55852
58048
56128
52722
58904
56170
57013
53361
55856
51183
50725
56468
55379
57660
56883
52895
57633
54856
55018
50909
59495
59403
53451
59715
51936
59948
51475
55373
57261
56300
52314
52437
57108
50546
59753
54789
53330
50869
58857
58106
51493
55549
56839
53334
56067
59582
55388
50051
55828
50727
52549
56829
55824
53253
51597
56993
58508
51582
56188
54062
52400
51497
57851
52714
55442
50074
57139
53360
59537
58754
53467
59658
53677
54543
50199
59254
53153
50978
52564
53736
54846
58971
51344
57483
56231
57789
57215
55022
57333
59350
51592
52349
55993
55260
51615
53630
53394
59095
50763
50837
54414
57861
58993
55261
54283
57637
50398
59217
51165
52325
50676
53640
50877
59398
52307
58092
54252
59177
56091
56742
53033
56187
52015
53814
56031
58876
57430
53979
56741
55845
57114
51991
53176
51617
58038
50477
50377
57481
50892
58812
55008
58454
53477
50696
50241
58511
51145
55766
55542
57347
50276
55316
57369
51051
55376
56857
59474
52976
54107
58830
57278
50432
55010
50400
58450
51207
52585
55143
57491
52577
50355
53330
52265
59436
55648
55370
57255
58939
54283
50587
56789
52225
54231
56073
51402
58239
50964
57860
58384
52261
53844
54002
57991
53363
53840
56596
54392
51336
56072
57833
52286
50193
57771
51970
51361
51764
58685
59356
59935
59862
54404
50195
52580
56349
58372
54786
51946
50083
50665
50183
59317
57781
58749
53389
51137
52440
56428
59054
54646
58767
58223
57305
50847
57091
52577
53766
59145
53579
55865
52002
54487
53403
51621
58030
59200
53289
56042
59089
50590
54953
57539
57952
50083
53511
51496
56361
58798
53715
54532
58379
59265
53279
50815
56996
58793
50604
55722
52328
52650
58590
55125
55643
52324
50548
59745
56672
56984
59382
57044
51809
55867
53676
54171
58127
57736
53254
55454
55535
54704
51108
54235
51802
52754
59892
59906
50430
59158
54922
58861
57056
53287
51123
50058
53318
50673
55608
57359
57957
58452
54899
58574
55134
53440
58064
53764
57738
58451
52476
53198
52361
59342
58757
51253
51914
56964
51031
56781
50814
50612
53796
53169
51364
52696
54873
54957
52660
50284
59458
55740
53923
58469
52950
50833
56489
54731
58011
53625
54648
58534
55800
52091
54496
58203
52453
52430
56294
51694
54645
52042
59065
56435
50253
50089
54815
58227
51402
53214
50191
56914
56058
57144
57833
59991
56893
57752
53347
55561
55808
55668
55528
57266
51354
58106
50101
57495
55188
59821
54009
56837
52998
52997
55876
57677
