0 1 84

1 2 53

2 3 53

3 4 74

4 5 78

5 6 85

6 7 95

7 8 66

8 9 90

9 10 93

10 11 61

11 12 44

12 13 88

13 14 7

14 15 56

15 16 75

16 17 92

17 18 5

18 19 52

19 20 76

20 21 64

21 22 8

22 23 77

23 24 95

24 25 35

25 26 14

26 27 15

27 28 54

28 29 46

29 30 82

30 31 53

31 32 49

32 33 15

33 34 12

34 35 94

35 36 71

36 37 65

37 38 35

38 39 56

39 40 79

40 41 27

41 42 28

42 43 41

43 44 86

44 45 27

45 46 19

46 47 25

47 48 78

48 49 32

49 50 23

50 51 36

51 52 85

52 53 43

53 54 47

54 55 93

55 56 52

56 57 63

57 58 83

58 59 54

59 60 85

60 61 56

61 62 1

62 63 48

63 64 75

64 65 30

65 66 42

66 67 95

67 68 28

68 69 39

69 70 58

70 71 41

71 72 92

72 73 63

73 74 100

74 75 44

75 76 28

76 77 91

77 78 65

78 79 62

79 80 50

80 81 70

81 82 54

82 83 42

83 84 15

84 85 72

85 86 56

86 87 86

87 88 9

88 89 62

89 90 84

90 91 72

91 92 23

92 93 23

93 94 81

94 95 1

95 96 73

96 97 77

97 98 26

98 99 57

99 100 20

100 101 32

101 102 74

102 103 65

103 104 47

104 105 4

105 106 96

106 107 54

107 108 60

108 109 64

109 110 17

110 111 20

111 112 58

112 113 56

113 114 79

114 115 17

115 116 45

116 117 79

117 118 6

118 119 34

119 120 49

120 121 94

121 122 15

122 123 37

123 124 77

124 125 86

125 126 27

126 127 50

127 128 53

128 129 11

129 130 12

130 131 58

131 132 19

132 133 62

133 134 65

134 135 74

135 136 88

136 137 34

137 138 44

138 139 61

139 140 90

140 141 76

141 142 42

142 143 17

143 144 4

144 145 65

145 146 57

146 147 71

147 148 15

148 149 84

149 150 10

150 151 3

151 152 6

152 153 7

153 154 72

154 155 27

155 156 23

156 157 86

157 158 9

158 159 50

159 160 64

160 161 82

161 162 69

162 163 83

163 164 86

164 165 17

165 166 49

166 167 83

167 168 64

168 169 25

169 170 45

170 171 60

171 172 1

172 173 27

173 174 48

174 175 6

175 176 27

176 177 67

177 178 11

178 179 86

179 180 24

180 181 1

181 182 16

182 183 99

183 184 50

184 185 7

185 186 80

186 187 86

187 188 40

188 189 93

189 190 92

190 191 44

191 192 55

192 193 46

193 194 50

194 195 59

195 196 22

196 197 31

197 198 50

198 199 90

199 200 46

200 201 18

201 202 49

202 203 14

203 204 97

204 205 65

205 206 56

206 207 85

207 208 74

208 209 26

209 210 20

210 211 40

211 212 71

212 213 50

213 214 82

214 215 7

215 216 95

216 217 8

217 218 79

218 219 41

219 220 21

220 221 80

221 222 9

222 223 68

223 224 9

224 225 3

225 226 61

226 227 11

227 228 51

228 229 76

229 230 33

230 231 89

231 232 77

232 233 97

233 234 98

234 235 76

235 236 47

236 237 13

237 238 10

238 239 54

239 240 40

240 241 34

241 242 13

242 243 38

243 244 43

244 245 63

245 246 42

246 247 21

247 248 28

248 249 58

249 250 65

250 251 87

251 252 97

252 253 55

253 254 57

254 255 94

255 256 40

256 257 59

257 258 38

258 259 29

259 260 54

260 261 38

261 262 36

262 263 70

263 264 27

264 265 19

265 266 22

266 267 83

267 268 23

268 269 47

269 270 23

270 271 97

271 272 81

272 273 54

273 274 80

274 275 64

275 276 42

276 277 97

277 278 44

278 279 63

279 280 55

280 281 46

281 282 96

282 283 31

283 284 45

284 285 38

285 286 31

286 287 19

287 288 70

288 289 23

289 290 30

290 291 48

291 292 53

292 293 13

293 294 78

294 295 4

295 296 83

296 297 37

297 298 99

298 299 9

299 300 35

300 301 31

301 302 42

302 303 17

303 304 98

304 305 7

305 306 86

306 307 45

307 308 65

308 309 46

309 310 80

310 311 90

311 312 72

312 313 77

313 314 51

314 315 7

315 316 94

316 317 94

317 318 90

318 319 84

319 320 68

320 321 19

321 322 99

322 323 46

323 324 30

324 325 87

325 326 54

326 327 23

327 328 49

328 329 89

329 330 67

330 331 80

331 332 63

332 333 92

333 334 63

334 335 2

335 336 84

336 337 75

337 338 88

338 339 28

339 340 26

340 341 52

341 342 93

342 343 89

343 344 50

344 345 31

345 346 46

346 347 47

347 348 30

348 349 15

349 350 54

350 351 40

351 352 64

352 353 35

353 354 12

354 355 53

355 356 100

356 357 32

357 358 8

358 359 84

359 360 72

360 361 72

361 362 94

362 363 58

363 364 75

364 365 63

365 366 69

366 367 31

367 368 54

368 369 32

369 370 73

370 371 71

371 372 22

372 373 29

373 374 70

374 375 68

375 376 49

376 377 99

377 378 13

378 379 20

379 380 93

380 381 59

381 382 38

382 383 50

383 384 30

384 385 89

385 386 58

386 387 73

387 388 25

388 389 92

389 390 89

390 391 27

391 392 83

392 393 86

393 394 9

394 395 90

395 396 57

396 397 61

397 398 99

398 399 25

399 0 32

31 344 51

192 273 15

91 172 85

116 159 66

119 43 25

142 130 59

97 295 83

389 53 66

218 358 11

74 118 58

97 62 72

347 323 55

282 22 10

291 395 12

108 277 22

2 36 73

281 390 91

123 320 8

273 151 31

32 94 13

96 207 22

55 160 93

185 187 55

158 357 15

75 254 43

164 9 16

390 173 12

191 343 43

78 274 96

234 256 31

149 136 54

250 69 46

99 180 52

164 343 50

308 272 26

338 320 14

239 41 92

122 185 15

143 71 93

10 359 54

252 321 66

105 287 48

116 69 91

313 325 53

390 53 68

291 93 32

127 368 92

331 392 29

215 328 71

267 183 70

171 230 17

232 382 76

87 306 29

263 198 96

318 149 18

169 227 35

115 169 6

81 198 1

260 194 28

283 139 91

335 109 26

348 12 15

75 12 30

28 94 76

328 205 38

304 361 53

217 300 44

74 53 48

143 237 57

384 136 100

29 45 70

265 291 22

288 346 24

216 201 80

313 240 80

195 388 6

53 69 77

44 379 60

102 352 51

330 266 14

388 222 40

200 106 33

186 42 4

359 223 80

277 225 73

88 57 36

287 359 59

32 146 39

258 248 85

304 361 43

294 381 7

308 19 52

200 113 97

13 166 68

158 46 49

354 383 77

173 52 78

192 28 11

83 185 81

282 339 17

392 90 32

314 222 38

253 198 9

10 5 94

38 390 66

172 108 19

358 182 29

211 311 14

334 120 54

217 384 92

62 129 67

33 8 95

13 156 41

334 222 17

38 353 96

237 158 90

317 35 20

119 355 20

190 191 89

298 202 59

166 241 70

11 357 13

94 383 66

80 68 56

152 381 59

387 72 57

3 232 14

60 359 40

323 11 45

388 137 27

259 37 52

285 62 4

278 135 24

230 116 61

164 140 9

270 352 37

276 382 97

12 117 81

9 24 100

225 397 95

334 357 18

10 276 61

131 143 74

187 250 40

385 6 44

29 163 78

186 254 32

121 112 84

109 275 44

225 50 45

73 24 89

106 77 95

121 188 12

222 157 25

113 103 56

292 297 71

160 347 78

83 291 53

227 38 67

122 76 64

61 394 100

94 116 75

328 140 20

155 67 96

155 385 56

137 284 27

213 294 65

242 1 8

72 203 75

371 289 100

110 241 18

310 253 4

238 178 19

93 16 86

69 322 87

146 387 93

60 294 30

13 156 30

330 272 97

78 158 83

21 89 68

136 208 41

395 191 49

13 119 82

188 393 77

186 15 85

98 344 9

168 244 14

313 164 97

15 270 32

301 10 68

97 343 80

55 86 22

141 103 40

341 190 95

85 37 43

131 7 77

322 397 27

18 11 6

361 260 1

79 258 35

329 292 4

287 124 23

87 182 93

117 44 89

385 153 66

7 156 4

233 146 8

272 231 21

139 299 35

3 318 51

350 94 86

249 238 79

240 55 98

291 59 54

309 125 71

236 384 98

96 196 54

241 93 52

291 368 6

395 362 30

287 67 5

392 111 72

228 367 47

222 263 94

116 392 12

172 143 43

336 166 1

313 270 33

173 396 98

237 212 71

59 25 5

285 221 16

390 200 19

148 67 94

44 391 6

93 380 22

250 287 8

394 287 95

199 279 39

235 133 65

79 372 66

72 59 66

297 222 67

151 204 23

224 66 5

49 35 99

16 228 17

11 54 26

132 263 36

230 19 81

222 64 51

31 199 77

321 132 9

10 391 83

39 83 88

243 114 36

16 234 63

176 316 7

182 50 46

215 394 31

31 216 16

242 165 25

202 6 74

216 367 95

194 60 88

391 91 27

43 5 98

251 366 84

333 373 16

355 56 86

144 355 91

276 217 76

139 217 40

353 124 89

312 140 70

320 162 70

339 120 63

183 113 50

160 294 73

68 174 91

242 315 84

217 221 5

82 274 57

174 275 72

195 358 31

266 382 10

202 7 99

327 122 97

31 382 89

348 301 48

207 373 88

109 267 67

69 168 100

5 394 8

206 284 94

392 283 14

162 207 13

224 200 88

202 274 98

318 193 42

33 98 17

43 158 24

339 63 25

36 188 15

210 269 19

129 146 5

338 331 75

226 242 65

100 306 14

328 144 43

135 224 90

361 303 53

250 182 25

80 194 45

139 307 79

364 246 52

31 369 87

139 34 4

98 183 5

248 141 87

62 212 25

397 324 95

14 208 55

344 38 35

213 373 99

181 117 31

239 368 69

249 155 14

267 343 20

278 168 20

162 11 94

287 12 24

186 300 28

212 46 42

320 8 21

124 398 37

53 247 87

367 29 24

143 166 59

205 276 46

15 390 47

326 239 20

339 356 31

88 66 65

296 179 11

200 231 6

356 68 6

134 8 56

209 278 37

336 167 83

244 249 85

219 244 72

169 185 22

321 227 11

92 311 64

221 206 14

281 60 85

12 11 7

98 144 9

106 247 70

345 164 36

242 353 21

332 7 62

4 364 7

211 57 80

183 52 99

57 33 6

32 192 78

109 396 91

51 44 80

191 308 28

213 12 48

346 334 18

329 110 4

297 381 85

383 216 31

7 216 81

143 258 10

333 86 70

168 358 48

7 296 56

376 79 56

19 193 39

39 363 16

350 70 8

286 85 72

283 44 75

15 184 34

367 305 28

219 320 20

370 150 25

394 156 27

327 347 94

392 350 82

319 78 13

110 86 30

55 217 77

228 251 21

17 230 26

299 227 98

48 92 52

215 166 37

294 329 41

129 221 73

105 272 46

296 127 14

259 364 98

286 269 100

66 207 12

95 364 6

159 381 7

356 287 70

397 155 17

258 85 63

231 123 21

301 276 14

122 28 55

50 251 4

278 117 41

139 25 61

246 324 31

284 145 71

346 146 38

240 149 4

298 229 59

270 364 34

303 363 86

99 118 48

199 17 88

51 106 26

269 364 35

387 296 61

193 222 23

236 88 10

323 34 5

285 183 69

345 77 29

125 94 74

270 398 87

9 275 29

376 115 76

354 226 8

197 334 6

144 97 40

45 245 48

245 267 76

181 301 38

129 86 54

22 150 74

235 332 78

324 268 1

120 189 50

339 215 35

103 219 54

196 333 85

47 1 91

246 247 62

246 13 47

72 350 97

282 44 10

39 342 68

106 168 65

227 275 29

65 199 44

360 12 34

152 246 47

134 338 89

260 171 14

393 364 78

331 194 9

391 212 73

125 280 94

59 111 95

369 45 75

71 69 13

63 244 51

361 307 100

16 214 7

348 353 49

164 361 59

365 291 87

219 281 6

57 118 16

64 264 28

279 297 29

229 360 29

47 179 19

100 1 83

102 309 84

184 273 13

141 0 20

225 143 4

100 308 61

181 9 100

121 142 69

29 116 43

126 135 5

97 138 73

188 120 46

225 378 42

296 275 43

21 329 87

292 387 91

179 59 76

18 111 76

346 187 91

74 44 44

44 110 88

375 258 80

102 347 54

313 381 14

130 295 69

313 314 43

190 140 45

50 178 84

284 134 90

369 238 65

398 14 46

225 274 13

287 209 10

272 373 49

130 117 7

93 58 48

258 175 7

30 55 57

128 185 90

157 361 40

279 101 21

114 97 64

394 170 12

329 264 17

108 282 91

176 8 19

312 266 12

248 23 70

82 84 30

38 157 20

160 378 1

385 357 47

84 61 85

102 89 64

43 326 79

31 382 78

296 198 27

190 68 83

117 47 41

117 378 16

41 112 35

355 288 62

382 265 58

233 29 17

20 175 61

24 91 91

77 326 67

8 119 35

369 388 94

186 392 81

3 394 96

75 95 58

272 253 21

230 206 95

195 364 13

264 33 40

398 145 90

61 256 11

292 8 25

2 220 74

262 213 81

36 373 55

369 168 67

339 387 21

198 189 28

96 6 74

359 46 57

29 346 31

198 96 19

252 92 73

151 91 16

256 268 78

190 230 9

110 301 50

80 270 36

53 244 48

170 321 48

208 103 2

2 389 75

330 31 65

199 213 79

310 146 98

109 161 12

7 177 97

338 122 97

397 118 6

199 342 88

12 333 65

141 350 63

192 121 14

64 389 31

16 371 71

7 369 94

61 201 37

273 58 16

302 173 88

260 348 77

253 365 61

75 204 52

319 177 52

145 150 44

398 200 59

262 226 100

10 352 24

316 228 5

176 332 49

134 221 51

356 124 94

0 130 38

349 222 48

133 51 27

356 235 67

120 252 56

255 70 10

183 273 26

38 255 82

273 321 83

249 57 23

202 170 86

360 121 53

202 256 70

0 197 55

337 234 89

36 86 22

364 33 29

254 125 38

191 76 93

155 316 89

118 303 85

270 184 82

148 19 5

16 243 97

299 70 29

50 344 47

307 239 2

215 154 14

346 253 19

166 24 9

289 87 26

22 306 36

260 339 78

72 90 65

247 322 9

114 243 56

191 382 53

379 150 73

94 181 95

73 158 40

310 349 90

184 325 10

279 51 21

129 323 60

228 142 30

129 49 77

146 63 77

165 338 81

51 135 81

362 266 98

376 219 99

383 25 32

390 384 29

163 228 86

57 100 45

46 172 66

145 338 63

172 159 20

122 178 42

377 211 22

242 269 63

214 360 2

265 96 60

155 337 78

83 340 99

101 317 32

1 344 56

57 38 22

202 366 92

384 290 98

89 152 40

12 301 21

81 217 38

170 285 20

398 81 40

237 109 24

79 268 78

322 58 86

289 363 20

37 257 15

317 165 99

11 268 70

168 342 28

173 79 70

354 248 53

37 288 100

299 83 26

190 262 26

331 39 72

263 390 67

53 28 10

38 6 35

178 165 40

292 219 59

376 186 18

223 169 100

43 385 5

9 110 22

291 111 15

164 11 60

392 158 59

222 370 68

163 175 66

231 316 80

349 279 23

311 33 67

62 60 41

180 276 23

144 243 100

359 64 35

120 10 4

94 339 27

11 80 91

133 62 25

158 308 3

110 335 24

99 141 11

313 235 9

31 217 73

5 333 3

105 94 27

300 206 47

315 255 84

150 221 35

395 171 74

176 91 65

276 3 3

284 92 16

208 200 39

319 169 24

50 241 99

45 228 28

50 328 75

247 97 42

163 32 1

370 316 22

333 73 6

365 339 28

384 155 30

108 178 40

140 291 13

52 373 74

46 45 37

183 96 7

16 215 9

351 305 42

206 390 100

289 158 41

172 277 23

20 53 49

233 107 62

70 6 31

316 305 77

30 381 84

386 397 83

73 134 84

344 388 93

65 188 3

228 256 82

131 296 52

369 2 40

176 79 48

62 19 41

46 229 60

1 189 84

229 224 75

218 110 47

22 395 15

201 164 54

222 89 69

197 26 28

115 180 98

390 34 6

297 363 40

179 15 6

243 133 86

271 13 22

318 111 76

79 339 76

230 179 96

304 310 40

325 58 94

15 210 6

331 10 76

11 205 26

28 371 75

24 117 79

149 131 79

298 216 82

267 131 50

120 237 94

139 69 32

53 322 76

155 171 1

226 76 33

175 153 100

170 24 44

26 368 29

309 191 69

133 347 62

354 202 93

133 386 3

186 1 24

335 45 5

385 369 42

387 252 8

304 60 81

312 261 7

171 345 63

213 54 1

315 294 84

194 198 24

15 128 10

144 99 46

39 98 75

353 135 13

199 109 35

108 66 36

322 305 36

312 169 11

260 90 83

335 215 24

198 287 23

220 214 89

305 247 66

240 274 45

239 142 77

19 3 93

227 228 25

304 191 92

163 176 82

315 32 43

292 371 10

302 150 65

263 311 69

240 54 69

220 67 15

369 65 83

384 364 8

228 32 16

350 252 69

397 61 22

136 362 88

313 7 2

294 332 59

181 131 27

288 262 23

280 195 72

15 375 57

289 217 73

397 245 11

285 152 8

139 321 53

57 265 80

338 22 48

84 314 76

77 43 78

157 140 30

114 245 13

74 233 98

117 154 14

127 370 93

276 378 80

47 357 15

249 260 79

231 385 25

165 386 18

342 51 16

123 258 65

71 168 58

394 358 59

249 117 55

248 78 96

220 175 77

369 47 74

322 343 62

378 48 78

249 182 77

157 289 49

96 38 51

41 77 9

317 362 73

101 35 91

191 249 64

18 251 92

304 62 65

246 314 51

0 17 2

369 207 14

57 356 95

124 170 57

87 78 57

64 259 36

185 155 24

84 175 67

200 110 81

27 329 21

220 343 17

81 197 21

315 29 86

53 45 49

372 198 7

292 84 58

167 106 82

250 223 20

383 213 6

219 330 52

298 386 50

392 19 12

232 91 43

74 182 66

0 181 88

33 270 77

147 212 30

366 256 77

367 340 62

94 104 10

140 158 18

190 237 9

75 350 78

172 119 80

362 136 64

190 374 23

389 1 87

65 365 72

97 294 61

38 201 24

58 193 20

195 389 100

224 353 2

121 61 48

305 239 31

190 0 77

346 358 42

112 103 82

135 342 99

19 294 20

67 289 99

261 22 59

8 168 13

283 222 69

306 233 80

261 38 98

283 279 98

211 277 45

176 133 91

391 114 16

389 197 86

306 347 69

179 266 23

265 153 47

33 278 76

181 289 31

366 388 97

286 356 52

254 280 23

56 21 88

154 153 84

38 115 83

251 122 81

82 282 50

67 144 54

210 100 74

260 34 86

298 391 96

242 306 17

194 377 20

2 192 89

196 265 46

3 236 22

67 354 51

52 330 39

230 383 22

20 25 48

219 90 96

310 222 77

141 170 68

36 300 34

44 17 73

97 383 15

44 164 72

203 42 14

188 169 62

293 79 5

299 232 8

387 80 35

284 83 24

43 130 95

370 171 79

331 206 5

178 310 30

389 331 44

142 372 33

213 240 77

9 160 97

60 241 44

374 98 37

333 18 83

347 100 15

347 336 79

298 41 68

310 294 15

65 239 95

32 8 26

139 199 32

226 207 13

145 299 71

211 263 66

390 265 73

342 146 66

303 226 57

231 306 16

330 222 17

239 232 32

20 340 27

370 357 96

111 326 50

280 257 14

27 75 75

372 141 44

69 134 11

150 317 90

232 391 25

210 324 43

304 241 31

292 45 36

71 181 9

53 273 13

176 236 23

17 235 96

341 70 67

30 304 4

383 231 5

287 290 76

26 177 57

110 34 94

215 66 67

279 115 48

282 306 49

78 186 85

172 21 90

196 73 54

135 355 81

272 178 20

97 160 100

286 219 36

228 239 51

166 292 9

345 94 96

310 175 50

34 144 3

280 69 78

353 281 76

195 193 91

271 395 40

221 246 51

306 385 75

182 197 36

234 226 10

2 358 58

32 96 27

377 95 76

126 47 13

233 28 98

100 127 43

157 92 10

189 28 79

378 294 34

220 316 43

78 325 34

201 132 53

262 289 21

161 342 22

49 256 81

191 127 79

289 125 86

132 368 85

304 331 56

273 272 19

174 307 48

119 78 63

370 288 17

37 389 74

396 335 65

264 28 55

89 25 70

7 382 28

262 296 35

3 133 98

48 21 3

40 166 63

31 114 44

134 183 94

197 334 17

187 240 72

229 237 89

325 87 31

367 147 61

207 231 60

40 398 99

205 159 56

167 286 70

12 44 90

392 217 94

105 90 43

315 135 23

148 183 58

391 17 59

311 87 29

52 151 13

126 354 99

194 380 88

357 138 10

366 131 82

146 51 21

326 76 72

258 327 84

129 106 33

69 370 94

361 362 66

64 147 31

134 44 13

374 220 4

385 244 55

308 356 20

228 86 51

34 168 65

34 81 10

174 326 61

55 102 23

337 90 23

383 90 31

332 327 39

302 127 73

306 374 76

281 11 73

2 105 38

166 244 18

157 0 47

36 48 29

200 226 98

391 287 81

344 76 36

380 97 51

133 348 40

275 120 64

215 145 59

111 125 17

269 144 43

235 18 60

14 309 75

19 246 89

80 321 2

136 364 90

347 393 43

38 270 74

333 117 12

226 11 17

4 382 95

111 197 30

128 256 77

86 48 77

350 382 45

123 174 59

36 64 63

362 33 24

268 349 49

254 67 4

78 368 71

63 200 100

62 251 93

341 10 88

42 40 91

271 145 59

81 180 10

121 395 59

261 236 95

256 53 96

256 231 13

237 28 48

15 172 26

151 280 91

19 327 4

165 49 18

369 230 87

397 276 35

324 233 97

270 360 59

174 391 8

130 52 14

155 7 27

346 155 46

387 280 48

295 68 43

115 84 5

251 288 9

164 325 77

39 301 36

81 351 23

255 283 96

129 147 51

22 6 39

111 396 11

5 149 83

154 184 51

245 334 23

275 139 36

112 45 3

177 398 24

294 114 22

334 389 81

8 325 22

370 397 62

5 22 65

268 52 56

9 156 82

144 282 91

30 70 61

40 307 94

67 355 15

354 300 27

26 155 65

42 209 28

228 179 81

353 39 81

111 262 53

137 211 75

1 85 94

129 391 87

256 124 79

275 15 95

283 324 61

288 253 15

146 22 52

62 350 17

319 304 59

219 143 80

247 335 41

190 254 43

306 373 93

208 331 23

355 366 92

362 128 90

110 75 33

87 70 1

245 153 76

185 219 50

96 247 4

108 128 69

189 367 5

149 227 100

227 374 62

181 303 28

30 194 74

95 359 16

34 106 52

131 327 43

298 144 76

241 374 98

41 369 74

339 371 40

201 79 28

84 372 65

261 266 81

28 47 20

65 148 92

379 43 36

160 317 13

203 97 98

382 73 81

65 15 92

293 253 65

87 185 81

30 25 79

288 234 17

221 309 24

133 87 7

198 257 75

267 260 43

350 6 59

334 15 87

209 264 79

392 199 20

277 249 94

185 31 85

343 260 25

126 285 57

364 203 56

175 266 80

161 7 9

312 280 50

313 162 97

376 31 98

162 309 81

311 213 21

204 80 78

247 234 37

379 370 58

193 291 19

353 215 2

262 62 87

104 260 27

158 300 53

271 308 47

204 287 3

387 144 61

315 278 71

98 50 25

33 189 55

219 260 79

101 197 87

77 92 10

217 323 73

311 365 90

298 18 20

308 190 68

218 87 59

332 333 33

278 372 20

133 67 70

0 297 90

206 301 27

73 356 40

284 206 21

171 79 59

394 59 52

287 34 45

254 296 2

189 181 19

128 316 95

389 305 82

389 12 100

63 334 36

103 36 17

347 43 41

367 13 41

193 20 17

305 7 88

363 239 28

4 248 58

363 185 45

266 25 87

57 53 46

211 311 100

148 58 45

31 251 73

69 66 30

368 322 82

184 114 61

226 91 24

273 175 33

209 103 65

17 336 28

322 33 5

39 175 41

148 354 62

17 331 31

386 331 45

102 296 83

158 266 68

88 178 31

362 36 10

92 381 25

299 390 39

324 174 77

7 333 23

13 183 52

5 162 10

227 249 14

290 139 6

314 329 10

94 14 73

86 35 78

66 80 75

262 359 66

235 157 89

135 286 1

347 383 36

51 322 32

212 314 23

199 318 13

211 38 70

128 324 59

318 395 13

107 286 15

258 198 3

55 288 55

193 39 69

215 313 45

137 81 26

124 395 73

211 393 54

349 260 53

234 20 2

116 218 38

78 266 14

195 360 20

276 185 76

197 138 16

137 325 61

258 113 94

215 359 43

244 237 83

358 322 16

300 384 65

96 276 81

61 177 5

142 131 51

147 329 80

33 110 95

172 115 53

276 356 46

41 3 35

376 192 90

154 250 1

149 397 32

93 323 2

247 18 55

265 42 82

215 104 89

328 56 60

340 284 49

326 104 13

346 152 16

392 222 95

46 28 53

33 340 68

29 298 16

393 305 80

350 91 13

373 160 83

87 127 98

164 157 40

61 262 58

162 11 81

7 42 11

362 336 43

379 332 88

218 92 67

256 66 47

202 45 54

41 33 2

228 0 51

149 396 22

194 122 59

4 189 15

221 3 5

116 151 85

177 94 26

378 149 43

139 369 34

396 311 51

181 172 89

276 93 27

263 284 27

57 390 8

3 189 2

59 223 19

75 314 27

72 383 47

359 355 98

282 108 86

284 341 77

57 345 93

269 54 87

318 0 36

70 333 23

26 331 24

231 349 5

191 255 1

278 108 37

158 270 26

353 365 96

18 168 79

152 139 83

366 250 85

351 273 4

40 39 19

140 41 59

4 328 43

205 325 55

68 159 96

58 13 84

363 337 66

355 306 31

374 63 43

46 207 28

300 212 92

70 332 30

276 175 41

165 102 4

197 48 95

242 179 35

21 15 22

177 105 82

274 389 58

266 270 53

234 27 53

342 0 93

18 381 13

90 185 76

0 250 89

174 288 22

336 341 79

309 343 46

366 0 29

92 208 50

206 162 36

92 341 52

287 62 12

121 34 82

65 181 32

226 145 19

26 17 57

141 236 91

159 6 85

47 384 17

360 4 62

164 345 67

52 271 42

179 210 99

136 76 67

24 261 14

301 157 76

302 366 27

219 394 54

164 132 18

384 172 8

177 310 37

312 122 96

242 108 60

335 83 52

244 189 2

164 79 52

183 106 33

215 195 78

218 238 64

334 314 2

112 6 3

217 301 98

201 375 25

227 7 31

214 398 45

63 65 100

163 126 61

385 311 1

146 81 23

361 353 30

57 252 17

245 249 19

259 324 66

228 387 45

120 140 54

61 325 69

12 352 83

350 281 100

106 193 68

301 14 87

358 230 83

397 398 95

372 392 94

58 42 15

175 34 62

357 141 63

17 127 60

232 33 21

196 352 30

172 345 5

240 387 24

110 128 36

44 192 15

330 2 2

133 313 61

137 101 49

61 365 79

31 319 61

54 43 19

323 124 44

137 197 42

236 168 56

140 16 77

110 59 19

322 19 38

210 354 86

51 101 48

65 390 81

276 140 42

25 188 65

208 28 100

351 43 61

382 110 93

37 150 8

100 146 30

220 209 52

170 239 32

287 171 9

229 319 17

384 219 40

371 252 97

352 304 39

296 344 29

133 73 40

130 153 41

48 96 34

122 95 57

347 240 41

351 63 98

398 149 13

263 312 78

314 346 43

162 31 12

179 226 17

6 176 46

215 382 58

206 75 71

343 146 76

14 114 41

391 116 81

310 323 5

56 27 4

102 139 42

330 34 83

172 186 41

256 69 65

362 189 67

56 270 64

154 16 52

27 87 87

132 162 83

11 200 75

96 0 85

262 2 71

357 301 55

51 236 26

87 207 69

317 363 34

352 150 49

227 151 30

386 240 39

308 121 45

32 308 9

211 68 93

136 323 54

29 43 37

378 339 5

246 181 64

238 264 75

24 339 7

8 109 42

175 292 13

105 4 41

34 32 92

11 275 82

231 48 29

97 20 66

147 353 84

359 190 94

31 300 42

39 153 52

339 5 29

390 31 68

221 187 44

54 329 12

341 204 52

96 1 26

96 59 78

160 127 59

287 86 64

388 274 60

101 93 99

147 25 9

110 252 27

0 365 72

359 6 23

328 155 40

69 323 93

115 107 3

86 295 63

141 74 94

163 334 45

219 71 62

138 86 69

117 82 28

309 132 12

146 28 17

357 151 20

381 387 35

24 357 39

276 209 88

344 269 30

14 149 47

286 248 12

133 160 37

285 198 58

203 319 37

324 341 76

295 313 11

101 287 78

200 8 67

139 100 17

56 75 80

94 132 75

73 303 56

36 122 80

272 261 4

145 199 76

63 110 21

306 327 3

175 152 88

122 83 56

262 317 78

38 386 49

207 65 2

121 116 95

44 184 5

360 255 75

219 368 42

140 53 61

238 178 42

291 198 94

33 119 10

99 164 30

246 342 17

148 264 79

47 111 79

4 362 93

53 222 87

371 138 94

12 313 43

143 186 66

331 260 70

2 368 100

181 212 16

313 363 82

141 339 46

262 175 28

52 178 82

366 361 100

211 384 1

35 131 24

52 269 47

280 0 22

307 190 28

112 238 32

244 147 67

243 395 63

398 320 7

58 150 2

10 384 93

279 112 59

294 128 19

92 364 27

395 309 85

282 359 10

381 176 16

228 42 61

338 12 61

11 387 73

48 130 58

191 255 60

297 225 80

18 3 55

39 329 64

155 246 68

389 10 80

360 85 65

256 19 57

343 240 36

20 148 64

250 80 17

308 210 46

75 203 55

254 17 40

198 148 45

375 143 97

51 364 45

15 153 4

91 323 75

95 77 89

197 311 59

187 375 43

223 91 8

342 180 64

136 143 30

35 75 50

203 261 5

60 203 30

335 35 15

343 386 92

8 184 86

71 288 36

332 41 18

250 284 87

289 330 14

160 261 27

261 40 89

255 148 43

339 341 87

129 344 10

52 113 70

378 384 71

83 27 67

225 129 26

280 210 14

326 161 31

375 208 79

200 225 78

223 391 69

170 266 86

336 61 10

135 177 81

9 236 49

146 178 44

73 142 96

82 313 29

35 386 36

75 341 34

385 40 8

207 266 88

0 240 51

167 364 33

37 3 58

336 27 77

43 321 40

84 287 28

80 68 60

371 366 37

195 25 26

374 4 45

204 340 40

269 300 76

176 380 60

60 69 22

152 268 72

165 136 62

358 199 18

109 311 33

327 331 41

96 121 28

305 79 61

85 51 4

16 215 82

126 25 55

22 38 94

73 123 5

326 157 45

8 91 72

193 361 53

88 89 52

310 312 67

268 382 66

326 131 43

72 219 59

343 110 94

36 311 90

349 182 68

305 265 57

329 393 78

387 144 48

277 118 47

394 325 11

36 78 94

391 168 20

148 284 23

250 62 29

101 327 50

288 200 46

176 327 35

226 305 29

264 114 14

357 174 100

154 1 57

66 154 63

343 237 4

160 303 23

101 377 40

244 19 35

286 109 5

332 54 15

381 156 10

74 323 20

396 319 89

42 109 74

156 21 47

78 346 27

313 299 73

389 210 43

9 155 14

111 342 51

135 113 20

116 314 70

56 103 21

336 252 21

263 210 94

137 58 54

29 198 13

323 395 51

316 180 35

280 103 5

106 10 16

1 53 57

114 384 45

46 291 13

21 185 67

71 360 62

93 265 52

107 93 62

395 204 62

89 391 98

43 158 85

220 323 1

204 19 74

86 309 63

348 227 10

177 186 2

84 68 28

140 197 43

238 268 13

350 232 11

312 105 45

11 72 54

134 367 36

365 140 27

307 166 16

252 325 8

386 356 4

364 228 68

81 67 13

95 286 68

345 107 57

319 357 5

177 122 62

397 243 90

73 179 30

23 7 14

179 284 8

374 116 58

118 114 2

134 328 25

110 303 65

326 252 75

378 161 25

155 31 45

277 393 23

7 292 57

218 70 91

74 320 16

124 263 22

139 326 9

322 233 36

252 257 3

304 0 70

82 251 63

372 159 6

293 330 82

0 41 33

85 280 85

105 385 71

91 393 6

106 70 66

297 73 54

321 292 63

21 188 93

128 20 2

224 258 97

194 169 25

1 126 28

168 266 41

228 172 35

394 324 99

292 22 92

386 342 92

358 273 79

111 196 14

199 63 43

138 35 90

259 113 2

350 120 53

123 257 30

39 152 81

36 300 54

339 169 93

300 174 25

208 131 8

122 240 3

87 80 37

339 153 45

273 337 81

268 279 26

109 289 43

12 87 88

231 319 33

230 396 8

127 41 65

379 338 9

328 34 60

132 233 69

255 78 64

377 196 82

240 372 75

327 362 13

329 307 82

215 347 91

96 221 97

140 280 93

225 269 49

171 159 70

341 212 80

155 164 58

49 391 11

333 303 87

307 72 20

310 64 35

395 309 3

88 89 52

93 166 92

263 44 84

58 155 24

56 328 70

266 53 1

75 382 71

65 122 99

297 260 65

246 308 59

173 312 14

188 5 77

172 350 97

197 214 7

97 82 98

100 171 32

298 363 26

363 268 72

218 241 49

233 375 46

71 241 40

236 147 80

208 182 72

66 103 36

203 386 88

326 222 23

159 71 13

229 3 31

197 264 55

102 21 38

271 24 12

11 88 40

83 201 13

280 171 34

68 158 71

180 318 36

361 63 34

274 75 63

44 281 12

138 330 71

348 267 81

94 55 77

376 280 3

348 306 51

137 106 26

125 77 6

248 73 15

250 54 96

12 37 40

344 123 53

153 275 49

181 322 68

64 272 43

164 80 78

220 335 50

237 394 37

3 297 52

60 220 14

390 75 15

346 112 79

258 190 27

176 318 91

269 394 22

187 322 46

338 220 20

34 42 29

111 372 59

65 171 5

343 320 73

136 54 61

133 313 60

248 165 47

327 173 21

246 239 78

370 318 78

320 337 23

233 254 24

288 396 90

383 134 62

159 347 22

385 21 41

379 148 50

338 15 79

367 19 82

153 61 19

339 54 63

166 370 91

30 11 61

96 145 23

235 72 50

152 366 93

58 374 43

214 290 43

269 199 18

109 50 37

99 14 27

52 377 36

212 322 83

377 80 24

186 272 49

53 26 27

237 239 13

286 272 32

373 286 34

145 43 96

155 131 29

49 30 80

29 341 16

338 186 68

88 101 76

365 119 91

187 319 40

394 357 8

354 331 46

69 171 85

219 259 23

254 395 17

8 355 30

232 286 25

168 307 60

12 135 38

364 313 82

220 290 62

198 218 18

43 6 42

216 255 66

355 28 16

379 193 22

326 279 77

26 235 28

134 148 42

140 14 36

122 289 99

309 324 69

395 4 95

112 310 98

131 2 58

281 195 28

125 0 68

23 323 6

133 10 91

132 234 15

34 326 86

189 336 28

395 275 16

227 237 28

12 9 69

122 129 30

237 275 74

68 130 94

131 262 18

88 200 44

354 13 48

100 270 54

98 222 7

43 267 10

103 289 33

7 196 77

333 392 65

24 142 35

252 344 65

51 83 97

385 4 20

306 185 42

91 211 44

345 361 92

225 106 46

102 134 16

397 32 13

377 117 24

283 273 66

284 293 13

373 338 42

265 360 57

67 182 79

203 106 93

359 252 16

264 66 52

227 20 90

31 303 2

87 127 31

338 14 16

252 349 11

291 371 4

175 334 95

25 169 70

151 315 58

265 170 14

335 67 96

48 369 1

18 303 3

134 163 22

155 131 28

149 137 45

192 90 43

218 341 4

146 237 10

379 116 72

355 105 22

306 215 68

14 173 16

62 183 29

227 155 81

221 333 57

278 151 1

47 135 19

389 173 56

179 394 71

17 146 84

322 388 56

198 308 12

337 75 70

380 218 76

370 173 30

177 215 90

380 275 31

334 166 75

106 262 17

76 319 32

346 33 19

87 49 23

366 118 81

105 29 51

304 114 40

40 68 44

321 205 98

211 371 58

135 89 62

132 223 38

133 1 95

69 370 79

386 295 42

360 335 46

137 346 2

156 248 7

72 0 49

384 357 99

71 261 42

111 129 86

16 180 93

186 329 2

91 149 95

86 231 87

352 310 62

44 175 54

113 333 1

124 241 27

388 363 62

258 0 80

96 27 66

387 61 60

170 381 42

209 249 76

262 325 43

17 112 45

105 169 70

4 196 10

134 278 29

271 104 17

227 316 88

254 210 23

103 392 60

152 200 40

196 142 54

273 112 75

282 171 16

267 368 29

108 255 33

95 271 49

159 26 53

187 270 67

291 23 11

83 234 68

292 157 10

28 87 95

388 344 50

191 8 25

39 185 51

126 385 87

224 349 22

60 272 28

296 253 48

144 170 14

239 268 15

248 17 40

24 146 80

233 88 72

77 219 7

241 310 48

292 263 64

182 53 54

158 346 12

251 296 30

120 128 52

245 54 16

373 326 77

162 201 6

291 53 98

106 100 20

54 331 53

298 192 85

396 213 31

26 206 96

121 85 94

212 297 47

36 57 12

252 67 14

250 1 90

41 240 85

322 167 27

134 394 8

20 305 91

56 290 72

279 13 11

102 276 28

91 293 95

301 159 90

296 309 45

160 364 20

232 295 4

222 316 44

372 394 6

170 378 10

285 227 22

260 26 69

151 181 57

309 343 93

243 237 93

309 237 100

68 134 45

126 16 37

305 327 68

277 85 2

233 208 72

15 289 55

101 370 81

38 116 48

325 381 8

37 66 51

131 338 52

121 343 50

281 241 23

258 172 49

181 183 87

55 360 98

357 99 47

102 252 14

121 170 30

369 385 67

307 211 40

320 58 53

56 28 89

255 383 17

312 324 93

145 162 7

54 143 71

157 74 27

170 123 42

236 384 95

222 119 49

155 221 93

379 84 18

296 348 10

153 329 5

95 378 16

32 71 56

384 131 21

371 394 6

35 12 35

131 86 36

290 340 7

316 345 41

345 285 86

63 235 55

339 306 14

351 174 56

33 327 95

216 164 1

288 114 74

14 13 47

381 53 60

148 380 10

88 377 4

21 334 43

231 111 23

55 101 81

207 204 63

5 172 60

176 248 59

274 162 74

374 295 11

335 342 36

162 363 80

365 175 12

134 324 25

219 75 52

61 56 22

284 3 14

2 267 98

180 297 78

128 391 75

206 360 43

170 234 93

98 346 96

185 375 7

193 181 84

46 352 39

78 294 77

187 118 21

303 323 51

154 180 7

178 163 94

103 211 94

314 335 40

141 378 90

202 145 40

346 299 92

150 219 51

371 268 56

191 360 18

17 187 34

261 365 2

208 265 99

31 312 76

259 133 99

203 27 3

168 149 2

296 336 81

81 64 59

74 382 4

293 183 61

151 171 35

103 130 11

274 327 77

129 144 88

279 152 93

102 219 26

189 222 98

308 72 54

381 6 88

370 289 38

369 50 73

223 287 11

187 341 10

127 168 32

94 213 48

55 260 49

10 146 55

211 124 94

113 360 48

334 384 29

191 340 60

28 368 45

265 313 87

364 212 28

199 111 17

106 320 33

242 280 9

47 302 49

41 92 23

20 376 100

395 295 76

296 117 18

32 213 1

340 303 90

220 51 49

361 187 27

335 112 72

385 254 54

107 134 21

25 52 61

265 68 29

191 176 93

341 293 91

62 316 58

136 167 86

144 287 7

183 321 57

229 354 52

371 129 85

122 178 34

9 148 17

213 177 85

66 202 19

227 273 11

36 178 63

119 195 91

303 5 28

228 388 56

123 394 1

360 238 95

326 304 89

231 11 87

33 179 18

292 223 39

20 106 28

364 145 69

37 14 68

354 197 49

241 364 62

367 75 48

269 252 12

324 396 93

8 147 4

119 304 30

384 19 81

244 390 92

15 381 72

50 288 100

44 77 29

111 271 15

12 87 1

178 151 40

152 390 10

54 328 37

96 175 20

175 357 32

67 225 26

243 204 22

57 358 99

79 335 31

255 209 83

311 59 13

317 195 22

216 239 34

282 313 93

215 146 64

27 23 26

366 259 20

84 215 25

113 379 65

328 114 31

64 361 97

77 83 5

344 361 79

254 84 32

292 7 26

278 212 29

271 113 97

77 107 47

354 246 55

199 301 10

120 350 91

261 297 77

120 52 74

60 138 70

323 324 89

191 55 66

327 311 2

105 276 100

121 388 91

247 64 99

344 175 84

393 113 17

204 41 50

242 197 72

131 167 51

291 229 84

324 167 39

355 19 48

129 208 70

199 105 100

349 178 15

35 383 8

353 253 60

75 352 33

179 23 13

262 109 28

222 368 62

258 25 51

123 379 69

128 296 65

275 299 57

16 373 23

395 38 3

194 25 100

124 225 54

346 86 63

284 120 42

259 319 63

336 111 56

383 288 13

251 199 96

82 364 98

296 160 70

216 346 14

299 315 16

279 40 31

308 137 89

316 249 63

93 269 38

217 279 64

57 188 46

47 278 27

357 26 85

388 398 82

384 194 60

201 119 24

265 63 24

97 343 99

97 318 61

389 380 90

7 245 23

297 108 80

60 346 94

360 226 43

77 361 9

75 95 22

117 133 72

313 275 99

27 398 26

17 62 62

332 202 61

331 290 69

43 73 78

272 356 52

75 269 70

160 226 48

332 275 56

328 205 92

100 190 40

54 206 69

374 22 98

51 52 31

392 128 7

107 306 96

323 275 49

136 111 85

368 328 20

386 310 61

362 103 22

39 29 67

169 380 57

347 56 81

320 28 11

172 140 13

184 231 41

324 364 95

347 161 96

94 61 11

195 215 18

372 73 14

109 94 13

193 194 85

172 121 66

67 137 35

172 205 63

164 131 33

179 31 82

341 73 29

99 364 70

321 346 75

19 158 56

349 172 65

320 145 17

81 36 70

229 120 9

139 261 72

92 302 5

205 271 94

280 325 59

336 281 67

277 117 87

21 0 54

147 362 55

80 64 74

253 377 95

75 226 93

250 344 53

118 294 29

232 388 41

143 18 90

42 291 40

352 257 69

61 86 35

57 206 55

184 127 4

261 259 80

289 6 30

85 387 100

165 274 1

358 250 29

289 246 84

258 250 28

395 192 73

291 384 87

254 160 36

300 227 28

334 176 18

325 361 22

398 198 18

111 69 54

58 242 64

95 169 27

360 119 67

298 21 95

198 172 79

143 343 18

255 141 69

67 181 65

398 273 81

162 159 80

348 101 60

211 276 80

156 80 51

86 10 50

129 278 99

81 71 60

234 280 64

1 229 27

92 227 1

129 93 18

149 12 88

371 109 68

377 148 75

382 172 100

144 117 58

82 387 66

103 116 97

292 22 43

183 125 50

302 311 41

145 234 65

271 317 25

122 9 10

183 257 39

146 142 13

148 179 14

352 169 10

128 353 2

353 201 33

281 304 74

17 264 95

342 376 13

216 130 26

222 93 33

84 259 66

275 8 82

292 66 7

136 117 32

287 150 28

215 322 55

140 183 67

176 203 25

316 59 21

266 31 61

376 199 46

273 110 75

19 20 64

93 174 39

182 398 75

75 172 98

389 29 60

64 354 96

142 122 75

276 206 44

189 350 54

132 148 3

354 90 37

202 330 25

316 247 10

364 378 50

332 98 21

193 42 11

158 335 19

264 89 44

322 30 66

98 260 63

58 56 83

44 38 48

