0 1 55
0 2 60
0 3 72
0 4 85
0 5 61
0 6 86
0 7 55
0 8 85
0 9 43
0 10 63
0 11 65
0 12 39
0 13 44
0 14 30
0 15 90
0 16 6
0 17 97
0 18 28
0 19 39
0 20 48
0 21 80
0 22 82
0 23 53
0 24 48
0 25 57
0 26 40
0 27 93
0 29 84
0 30 8
0 31 34
0 33 9
0 34 65
0 36 3
0 38 37
0 40 84
0 41 96
0 42 78
0 44 15
0 46 88
0 48 88
0 50 98
0 54 48
0 56 80
0 58 81
0 59 47
0 61 53
0 64 79
0 68 68
0 69 12
0 70 73
0 71 64
0 72 59
0 74 15
0 75 54
0 78 95
0 79 76
0 83 53
0 86 11
0 91 42
0 95 48
1 16 27
1 17 19
1 19 78
1 20 74
1 21 46
1 22 22
1 23 57
1 25 14
1 26 2
1 34 33
1 39 62
1 41 15
1 49 62
1 53 23
1 54 62
1 55 39
1 57 95
1 61 91
1 62 69
1 70 45
1 71 36
1 72 62
1 77 44
1 79 91
1 84 70
1 87 10
1 88 7
1 92 97
1 95 67
2 16 66
2 17 68
2 18 18
2 19 22
2 22 36
2 26 13
2 27 76
2 30 32
2 31 61
2 32 37
2 34 33
2 38 58
2 48 4
2 50 44
2 51 64
2 55 99
2 59 96
2 64 11
2 68 66
2 69 21
2 71 64
2 76 17
2 89 100
3 16 66
3 20 59
3 22 26
3 24 42
3 40 47
3 48 48
3 49 25
3 57 63
3 64 16
3 76 34
3 83 12
3 87 68
3 90 66
3 92 32
3 93 14
4 16 78
4 17 20
4 18 95
4 20 37
4 22 67
4 32 83
4 33 2
4 34 10
4 37 63
4 38 84
4 41 68
4 52 10
4 61 98
4 62 98
4 65 88
4 71 47
4 86 51
4 92 98
4 95 6
5 16 61
5 17 46
5 18 74
5 19 2
5 21 4
5 22 45
5 25 29
5 26 98
5 27 13
5 28 36
5 30 30
5 33 49
5 37 12
5 38 69
5 41 32
5 45 89
5 54 42
5 57 92
5 66 7
5 73 22
5 78 70
5 94 57
6 16 57
6 18 87
6 24 27
6 25 51
6 26 53
6 29 92
6 40 10
6 46 93
6 47 58
6 51 9
6 52 93
6 54 28
6 59 32
6 65 1
6 66 67
6 68 85
6 75 14
6 88 65
6 90 72
6 98 85
7 16 29
7 17 27
7 18 19
7 20 40
7 21 59
7 24 56
7 25 3
7 28 17
7 29 83
7 34 37
7 37 1
7 39 15
7 42 68
7 45 57
7 48 28
7 49 71
7 51 74
7 52 29
7 59 97
7 64 44
7 66 25
7 68 76
7 73 58
7 75 40
7 77 60
7 87 90
7 88 58
7 92 64
8 16 23
8 17 90
8 18 96
8 19 69
8 21 45
8 22 45
8 25 85
8 26 98
8 27 70
8 28 12
8 29 30
8 30 77
8 33 82
8 35 42
8 40 40
8 44 68
8 47 89
8 56 25
8 58 59
8 59 32
8 74 89
8 79 97
8 81 70
8 90 59
8 92 73
8 94 66
8 95 51
8 99 54
9 16 96
9 17 24
9 18 65
9 19 40
9 20 43
9 21 62
9 25 61
9 28 48
9 29 2
9 30 48
9 35 31
9 36 72
9 46 67
9 53 29
9 57 30
9 59 39
9 60 62
9 73 75
9 74 43
9 75 88
9 77 14
9 80 11
9 92 30
9 94 10
10 16 57
10 17 36
10 19 60
10 20 56
10 22 58
10 23 4
10 24 66
10 27 97
10 30 66
10 32 33
10 33 44
10 34 23
10 35 90
10 37 15
10 38 37
10 40 10
10 41 44
10 43 99
10 45 90
10 47 27
10 48 81
10 50 54
10 52 71
10 53 45
10 58 11
10 60 10
10 62 92
10 63 36
10 66 72
10 67 47
10 69 100
10 70 85
10 74 15
10 76 91
10 79 87
10 82 4
10 95 17
10 98 51
10 99 62
11 16 17
11 17 13
11 18 78
11 19 85
11 20 87
11 21 81
11 23 42
11 24 57
11 25 14
11 27 41
11 28 4
11 32 7
11 36 99
11 40 70
11 41 38
11 44 46
11 45 43
11 48 73
11 51 6
11 56 87
11 59 37
11 65 98
11 72 2
11 79 86
11 85 24
11 89 2
11 94 77
12 16 36
12 17 95
12 18 73
12 19 75
12 20 18
12 23 34
12 26 53
12 27 49
12 32 6
12 33 34
12 34 20
12 48 18
12 60 2
12 65 18
12 73 80
12 74 47
12 80 23
12 90 88
13 16 35
13 17 95
13 18 93
13 19 61
13 20 71
13 21 60
13 22 4
13 23 79
13 24 17
13 26 51
13 32 63
13 36 6
13 37 58
13 41 70
13 45 24
13 47 100
13 51 94
13 52 27
13 58 62
13 65 68
13 71 54
13 73 87
13 77 59
13 90 76
13 94 74
14 16 97
14 17 32
14 18 56
14 19 40
14 20 22
14 21 21
14 22 23
14 23 19
14 24 22
14 26 95
14 27 57
14 30 74
14 31 46
14 37 50
14 47 98
14 53 23
14 56 69
14 60 26
14 64 9
14 67 6
14 68 6
14 85 44
14 93 49
15 17 32
15 18 89
15 19 70
15 21 98
15 23 38
15 35 62
15 56 18
15 67 55
15 77 3
16 17 86
16 18 7
16 19 75
16 20 68
16 21 48
16 22 46
16 23 68
16 24 54
16 25 61
16 26 90
16 27 72
16 28 100
16 29 47
16 30 22
16 31 46
16 32 67
16 35 91
16 36 27
16 37 14
16 39 3
16 40 23
16 44 76
16 46 89
16 47 33
16 49 91
16 51 39
16 52 65
16 54 59
16 56 33
16 59 84
16 60 52
16 62 63
16 63 1
16 65 88
16 66 32
16 73 28
16 77 43
16 81 80
16 82 89
16 84 19
16 88 68
16 91 96
16 92 46
16 99 69
17 18 49
17 19 22
17 20 79
17 21 95
17 22 23
17 23 74
17 24 89
17 25 26
17 26 32
17 27 22
17 28 96
17 29 52
17 30 48
17 31 3
17 32 72
17 33 21
17 35 16
17 37 43
17 38 74
17 39 38
17 41 65
17 45 47
17 49 22
17 55 28
17 56 19
17 58 59
17 59 81
17 63 87
17 64 75
17 66 12
17 70 68
17 73 52
17 75 28
17 78 14
17 79 18
17 82 72
17 83 71
17 84 40
17 86 47
17 87 57
17 88 85
17 90 19
17 91 21
17 97 15
18 19 17
18 20 49
18 21 13
18 22 36
18 23 73
18 24 95
18 25 4
18 26 77
18 27 75
18 28 75
18 29 10
18 30 91
18 31 22
18 32 9
18 35 75
18 36 56
18 37 74
18 40 59
18 42 5
18 46 97
18 48 21
18 52 30
18 55 29
18 59 25
18 60 68
18 61 11
18 64 7
18 77 2
18 90 56
18 93 93
18 99 1
19 20 67
19 21 84
19 22 79
19 23 99
19 24 29
19 25 71
19 26 59
19 28 19
19 29 7
19 30 52
19 32 49
19 33 59
19 34 98
19 37 79
19 41 88
19 42 61
19 43 34
19 44 22
19 47 97
19 48 46
19 50 24
19 52 88
19 53 95
19 55 50
19 58 95
19 64 72
19 67 80
19 68 49
19 69 64
19 76 71
19 81 88
19 82 50
19 87 30
19 89 85
19 91 85
20 21 20
20 23 62
20 24 78
20 25 2
20 28 98
20 29 35
20 30 87
20 31 15
20 33 79
20 34 99
20 35 99
20 36 48
20 37 76
20 38 50
20 39 1
20 40 64
20 42 27
20 43 37
20 46 42
20 47 14
20 48 43
20 49 83
20 51 30
20 57 19
20 60 41
20 61 52
20 66 13
20 69 23
20 70 99
20 71 10
20 73 41
20 78 87
20 79 57
20 80 98
20 84 35
20 88 97
20 92 79
20 95 91
20 96 42
21 22 78
21 23 36
21 24 34
21 26 40
21 27 9
21 28 31
21 29 41
21 31 78
21 33 24
21 35 93
21 39 14
21 40 33
21 42 6
21 43 96
21 44 73
21 45 2
21 50 2
21 51 54
21 52 78
21 53 31
21 58 15
21 59 89
21 63 8
21 66 26
21 67 9
21 74 68
21 78 68
21 80 82
21 83 25
21 86 44
21 89 43
21 92 76
21 96 56
21 98 83
22 23 87
22 25 38
22 26 73
22 27 10
22 28 28
22 31 26
22 32 14
22 34 60
22 38 6
22 39 48
22 42 31
22 43 49
22 44 27
22 51 46
22 54 46
22 55 53
22 61 69
22 66 45
22 75 70
22 81 86
22 84 29
22 86 44
22 95 38
22 96 83
22 97 19
22 99 51
23 24 79
23 29 9
23 30 6
23 31 67
23 33 70
23 36 21
23 37 78
23 38 85
23 39 78
23 42 69
23 46 26
23 47 18
23 49 38
23 51 7
23 55 59
23 56 1
23 57 28
23 59 90
23 60 38
23 61 14
23 62 20
23 63 78
23 72 46
23 74 93
23 75 5
23 77 72
23 83 80
23 88 50
23 93 8
24 25 47
24 28 52
24 39 89
24 40 31
24 43 49
24 45 58
24 47 42
24 49 96
24 55 18
24 72 65
24 75 48
25 27 4
25 28 79
25 29 44
25 31 56
25 34 52
25 35 16
25 36 54
25 39 15
25 41 69
25 47 65
25 53 28
25 55 54
25 59 13
25 62 33
25 63 40
25 78 15
25 88 96
25 89 16
25 90 19
25 95 13
26 27 91
26 32 58
26 33 55
26 34 10
26 36 46
26 42 92
26 46 89
26 50 9
26 51 46
26 53 81
26 57 73
26 61 88
26 66 40
26 68 10
26 75 91
26 85 43
26 87 70
26 92 48
26 95 70
26 97 59
27 28 33
27 29 72
27 31 76
27 35 3
27 36 64
27 38 74
27 39 25
27 41 77
27 42 17
27 43 1
27 46 80
27 49 31
27 50 96
27 52 24
27 53 46
27 54 51
27 55 60
27 56 96
27 63 86
27 66 56
27 68 46
27 69 10
27 70 96
27 72 63
27 78 58
27 86 87
27 88 83
27 89 16
27 98 91
27 99 100
28 29 82
28 30 9
28 31 16
28 32 10
28 33 63
28 34 64
28 37 40
28 38 95
28 40 7
28 42 94
28 43 43
28 44 45
28 45 26
28 46 73
28 47 85
28 48 75
28 50 4
28 51 31
28 58 96
28 59 12
28 60 36
28 62 45
28 67 36
28 68 40
28 69 2
28 73 54
28 74 19
28 77 85
28 79 41
28 81 54
28 84 93
28 94 69
28 95 10
28 98 61
29 30 95
29 31 10
29 32 87
29 33 10
29 34 46
29 35 6
29 36 33
29 37 9
29 38 24
29 39 24
29 41 62
29 43 84
29 44 4
29 46 53
29 49 2
29 50 52
29 52 43
29 54 65
29 68 7
29 70 55
29 76 26
29 78 4
29 80 23
29 82 59
29 83 26
29 86 78
29 88 14
29 94 38
29 97 2
29 98 50
29 99 12
30 31 99
30 35 62
30 43 25
30 46 98
30 47 38
30 49 100
30 50 5
30 52 41
30 53 32
30 77 17
30 84 84
30 86 64
30 91 81
30 96 50
31 32 65
31 33 99
31 34 37
31 36 7
31 38 32
31 40 79
31 42 81
31 45 29
31 47 8
31 50 25
31 57 69
31 61 67
31 65 39
31 76 25
31 86 64
31 88 67
31 97 93
32 35 52
32 36 86
32 37 43
32 43 50
32 44 56
32 49 43
32 50 29
32 51 83
32 54 71
32 57 74
32 60 42
32 61 45
32 67 37
32 69 97
32 75 83
32 76 37
32 77 93
32 80 40
32 82 5
32 84 74
32 93 24
32 99 45
33 35 35
33 36 94
33 39 82
33 40 26
33 44 99
33 46 39
33 53 97
33 56 70
33 58 91
33 63 90
33 69 30
33 74 13
33 76 100
33 86 25
33 89 25
33 98 23
34 39 11
34 41 49
34 42 96
34 44 90
34 55 24
34 62 36
34 76 69
34 82 39
34 85 6
34 88 92
34 93 74
34 97 12
35 38 89
35 39 64
35 43 28
35 46 14
35 48 38
35 49 38
35 52 38
35 56 33
35 60 75
35 61 69
35 63 24
35 65 80
35 66 18
35 69 51
35 71 45
35 72 30
35 86 31
35 88 89
35 90 84
36 43 36
36 45 24
36 48 74
36 50 51
36 52 56
36 54 95
36 55 21
36 63 64
36 64 55
36 70 87
36 71 52
36 72 95
36 80 35
36 93 76
36 96 3
37 38 70
37 44 15
37 50 97
37 54 14
37 57 100
37 61 71
37 75 46
37 76 71
37 84 8
38 43 62
38 44 30
38 47 68
38 48 16
38 49 45
38 57 42
38 63 70
38 78 14
38 79 38
38 83 61
38 90 11
38 91 39
38 97 97
38 98 90
39 40 8
39 41 97
39 42 2
39 43 55
39 45 98
39 49 28
39 51 15
39 64 60
39 65 26
39 73 90
39 74 22
39 85 41
39 91 58
39 99 56
40 41 98
40 44 28
40 53 28
40 55 46
40 57 98
40 58 41
40 60 3
40 61 25
40 64 89
40 70 51
40 80 71
40 85 32
41 42 28
41 45 38
41 50 90
41 54 53
41 57 3
41 60 76
41 61 63
41 62 34
41 63 33
41 75 93
41 80 97
41 81 87
41 84 17
41 96 5
42 45 91
42 63 26
42 69 33
42 70 45
42 72 89
43 45 11
43 48 52
43 58 35
43 60 52
43 63 75
43 73 39
43 76 69
43 79 54
43 85 63
43 97 95
44 46 72
44 56 90
44 76 21
44 90 68
44 93 35
45 53 64
45 54 68
45 57 55
45 62 88
45 64 28
45 65 55
45 67 15
45 69 29
45 71 86
45 72 4
45 76 64
45 81 72
45 83 30
45 85 1
45 86 47
45 87 38
45 93 3
46 53 54
46 56 56
46 58 93
46 65 37
46 74 9
46 82 51
46 87 41
47 54 16
47 62 3
47 64 43
47 69 35
47 70 91
47 74 63
47 78 1
47 80 28
47 81 97
47 82 21
47 85 70
47 91 12
47 95 10
47 97 58
48 52 29
48 53 70
48 54 54
48 65 68
48 67 73
48 68 95
48 77 39
48 81 1
48 82 23
48 84 65
48 89 46
48 98 61
49 61 98
49 66 59
49 68 84
49 70 97
49 71 92
49 72 2
49 81 67
49 84 70
49 96 45
50 51 82
50 56 69
50 58 51
50 59 65
50 60 34
50 62 3
50 63 80
50 64 92
50 65 10
50 67 55
50 71 45
50 78 100
50 82 52
50 89 39
50 91 70
50 96 81
51 56 10
51 58 47
51 62 23
51 71 83
51 81 42
51 82 54
51 84 63
51 85 89
51 87 89
51 89 89
51 91 62
51 92 33
51 93 14
51 95 41
52 71 99
52 72 55
52 78 88
52 79 63
52 94 51
53 55 38
53 57 93
53 67 55
53 68 55
53 73 13
53 93 93
54 55 69
54 62 83
54 64 29
54 70 97
54 72 5
54 93 92
55 66 12
55 68 4
55 74 11
55 84 18
55 88 32
55 91 39
55 96 25
56 58 96
56 73 57
56 78 31
56 81 91
56 85 17
56 87 59
56 91 89
57 83 60
57 96 45
58 65 24
58 67 91
58 68 59
58 71 17
58 80 15
58 85 67
58 89 34
59 62 45
59 73 63
59 83 8
59 86 37
59 87 70
59 89 92
59 97 25
59 98 88
60 73 4
60 79 44
60 80 6
60 93 52
60 98 7
61 66 48
61 67 91
61 79 19
61 81 74
61 87 44
61 96 90
61 97 19
61 99 68
62 65 72
62 70 53
62 81 53
62 98 31
63 67 33
63 74 100
63 76 1
63 77 37
63 95 60
63 96 48
64 67 65
64 69 38
64 77 1
64 83 98
64 92 98
64 93 18
64 98 67
65 69 33
65 71 30
65 79 69
65 82 21
65 89 7
65 92 93
65 94 61
66 83 31
66 85 48
66 88 41
66 94 29
67 70 64
67 72 24
67 78 90
68 76 52
68 80 44
68 83 37
68 90 93
69 75 46
69 80 60
69 89 34
70 72 44
70 75 98
70 84 60
70 90 14
70 94 36
71 77 10
71 78 66
71 79 35
71 96 66
71 99 60
72 74 83
72 87 66
72 94 41
72 96 40
73 75 4
73 80 100
73 83 99
73 94 36
73 98 45
75 82 73
75 92 94
76 81 64
76 85 68
76 93 82
77 94 27
77 98 98
77 99 57
78 82 89
79 90 96
79 91 77
79 95 12
80 85 70
80 86 28
80 89 34
80 97 9
81 97 15
81 99 77
82 83 7
83 86 3
83 87 25
83 99 14
85 87 44
85 97 27
86 99 53
88 91 88
89 90 78
89 91 18
90 92 96
91 94 44
91 96 12
92 95 33
94 97 11
