55897
57454
58482
59359
59835
53998
53803
51478
56850
56568
58621
50972
54978
55811
52415
51690
58596
50585
54706
51158
54571
59800
54237
58572
51173
52712
54038
53998
56714
53447
57138
56392
53992
54318
56145
50700
58224
56534
57264
55369
51104
54050
54054
53210
50299
57373
51097
56063
57032
56348
59592
51033
58672
50291
55349
54042
55242
53651
51905
50191
55182
58428
53732
52228
50805
50853
52214
51000
52650
50661
50656
58563
51621
55597
57735
54564
51533
51996
54330
55282
53494
57815
57510
59273
50289
58957
53926
58784
56908
59874
57593
53645
55011
53764
53649
52609
54960
56818
52773
55244
