54680
56733
52148
56480
50269
54089
58772
52217
57194
53544
50092
51583
56405
56455
52304
57751
51442
55790
54408
56805
57709
51485
59111
58933
51381
58367
54552
54578
50319
52199
53825
58231
58727
55022
57139
56251
53465
55920
56418
50383
59236
54078
59722
55003
50915
52620
52198
58857
55424
52225
54607
51132
50740
59102
58954
54504
58843
53162
52121
59306
55532
55141
55566
59098
58381
50160
52137
52516
56822
52357
53513
58932
54366
55813
53469
50838
50759
58619
53020
51812
57311
55487
51740
53525
55137
54996
53835
51445
52192
55112
57675
54307
50477
59718
50732
55284
53313
56029
57401
54816
