55571
52953
51368
56038
51996
58877
53967
50151
55847
55213
58886
59872
51112
58479
52282
54462
51799
53299
52852
50105
58407
55396
59629
52462
51472
53973
54587
53206
53245
55383
53886
55970
53424
50510
50727
56724
51324
57807
56392
51313
58139
59653
57134
50102
58452
57751
58547
52983
56623
56753
59397
52608
52312
54478
55795
50113
59534
51092
54632
50702
55502
58854
51572
51932
51762
56385
53829
55282
59232
55489
57849
54313
52466
55751
53869
50836
55233
58302
50874
54357
53461
59963
59548
53335
55652
55511
53484
58314
54885
53530
59440
55386
54672
50855
56615
59520
54640
59444
59529
58892
52328
58745
53095
55030
54985
54594
51187
59882
51852
51281
52891
57346
59372
58502
57337
57802
54598
57651
53510
59720
50471
56109
57484
54186
57526
59490
57915
57229
55864
53522
56333
58379
59055
54520
51137
58597
55342
54110
58013
57117
53128
55618
54105
57361
58167
55039
56710
56994
58835
51524
53751
54150
56263
52525
56898
53519
55312
51020
53043
56297
50530
50049
56280
54238
52347
54644
56721
59384
59867
59580
51743
57186
55850
58802
56769
54251
54230
59108
58778
59528
51225
56387
50094
58488
56775
57085
53066
56073
59658
55024
59087
56204
51215
52218
55796
54315
56007
52277
51697
55174
56300
52760
55102
58106
57710
55960
53640
57508
55213
58955
55416
59224
56844
52602
53878
59713
59319
52339
52904
59644
57445
54015
56068
58821
53159
51770
51360
52681
57913
56743
59025
52155
57748
51335
56614
52871
59187
54563
51070
57635
56994
54180
55428
52687
50054
58548
53669
53530
59036
54739
54909
54781
58922
57819
58070
54118
51655
59418
55229
52225
52628
55913
59173
50740
50301
55700
57049
58616
51331
59568
53508
57194
57386
54491
58918
57948
59104
52300
58901
59120
56882
55955
50362
50880
51583
52533
54209
53014
52542
58267
57730
58432
50079
50714
57097
55530
53610
51049
58452
50228
55270
54417
52996
58556
58782
51354
59837
59927
57081
50723
55138
56263
57204
54750
56776
59054
59150
53336
50580
55219
52911
58630
56825
57647
59556
54517
53404
57834
50285
56251
55285
52845
53683
52650
51051
57246
59991
55590
51173
53935
55318
54678
59071
55368
57194
50210
50966
56186
59886
53123
52764
52561
57222
57861
55783
59046
52063
56448
53836
50034
55505
50457
52646
57552
56629
52460
54080
56455
57908
52023
56009
58923
59705
58499
57251
58408
53449
52036
56027
52853
55995
51391
50222
56126
53697
58135
59350
52341
52243
51911
50293
57825
56365
57604
59952
56210
58772
54319
51039
55697
