0 1 97
0 2 91
0 3 55
0 4 18
0 5 98
0 6 86
0 7 72
0 8 61
0 9 70
0 10 60
0 11 22
0 12 15
0 13 98
0 14 23
0 15 1
0 16 70
0 17 26
0 18 91
0 19 44
0 20 64
0 21 78
0 22 1
0 23 20
0 24 58
0 25 87
0 26 37
0 27 99
0 28 61
0 29 17
0 30 40
0 31 60
0 32 82
0 33 1
0 34 62
0 35 39
0 36 27
0 37 5
0 38 65
0 39 96
0 40 82
0 42 44
0 43 2
0 44 95
0 46 4
0 47 79
0 48 95
0 49 87
0 50 45
0 51 18
0 53 45
0 54 8
0 58 7
0 59 61
0 60 18
0 61 17
0 62 87
0 63 74
0 64 85
0 65 41
0 66 93
0 70 53
0 71 88
0 74 94
0 75 84
0 80 53
0 82 27
0 83 11
0 86 4
0 90 16
0 92 23
0 93 55
0 96 22
0 97 53
0 99 19
1 24 64
1 25 32
1 26 41
1 27 25
1 28 65
1 29 38
1 31 40
1 32 64
1 34 63
1 36 23
1 42 77
1 43 14
1 44 18
1 45 58
1 48 38
1 49 36
1 50 51
1 53 47
1 56 69
1 59 36
1 70 26
1 73 9
1 75 56
1 76 26
1 77 63
1 78 5
1 85 90
1 88 93
1 96 37
2 24 24
2 25 64
2 26 82
2 27 20
2 28 13
2 29 50
2 30 8
2 31 19
2 32 69
2 33 92
2 34 95
2 35 44
2 38 32
2 39 84
2 43 88
2 45 42
2 55 70
2 57 91
2 65 36
2 71 41
2 73 91
2 76 34
2 78 38
2 81 58
2 89 85
2 93 85
3 24 74
3 26 87
3 27 70
3 30 60
3 31 67
3 33 9
3 35 8
3 37 60
3 40 5
3 41 25
3 42 10
3 43 74
3 46 22
3 47 90
3 53 81
3 55 52
3 57 11
3 63 61
3 68 7
3 74 7
3 77 95
3 86 55
3 93 17
3 94 13
4 24 60
4 25 62
4 26 96
4 27 37
4 28 37
4 30 77
4 32 3
4 34 5
4 35 53
4 40 11
4 41 31
4 42 69
4 43 84
4 44 52
4 45 93
4 49 58
4 50 13
4 51 85
4 61 84
4 63 49
4 64 79
4 66 82
4 68 69
4 73 52
4 78 66
4 80 93
4 83 94
4 86 67
4 93 24
5 24 15
5 25 49
5 26 37
5 27 93
5 28 87
5 29 18
5 30 36
5 31 16
5 32 19
5 34 97
5 35 48
5 36 33
5 37 40
5 39 89
5 40 62
5 42 55
5 43 44
5 47 38
5 58 27
5 59 14
5 62 42
5 63 12
5 65 42
5 68 8
5 73 91
5 75 20
5 77 98
5 80 1
5 91 63
5 95 88
5 99 9
6 24 94
6 25 74
6 26 51
6 28 68
6 31 75
6 32 83
6 33 49
6 35 35
6 38 1
6 43 6
6 44 47
6 54 62
6 55 15
6 60 13
6 74 31
6 87 76
6 88 76
6 90 80
6 97 76
6 99 41
7 24 92
7 25 95
7 26 94
7 27 18
7 28 10
7 29 95
7 30 20
7 31 47
7 32 57
7 35 77
7 36 2
7 37 76
7 38 23
7 39 99
7 41 4
7 42 98
7 43 9
7 44 5
7 45 67
7 46 2
7 47 59
7 50 55
7 51 73
7 52 4
7 54 91
7 55 66
7 57 2
7 59 54
7 61 90
7 62 67
7 63 51
7 67 45
7 69 62
7 72 28
7 76 14
7 80 95
7 85 48
7 89 73
7 90 64
7 91 1
8 24 50
8 27 10
8 28 94
8 30 64
8 32 94
8 33 29
8 34 50
8 39 41
8 44 41
8 45 79
8 46 82
8 47 36
8 50 52
8 51 93
8 54 49
8 56 73
8 72 88
8 77 56
8 78 90
8 80 19
8 82 14
8 84 41
8 88 73
8 90 77
9 24 57
9 25 100
9 26 90
9 28 8
9 29 32
9 30 14
9 31 76
9 32 75
9 33 28
9 34 84
9 36 12
9 37 9
9 38 23
9 39 83
9 45 78
9 48 79
9 50 79
9 53 69
9 54 66
9 57 34
9 58 31
9 59 45
9 65 100
9 69 37
9 70 30
9 72 85
9 84 67
9 85 33
9 86 27
9 89 33
9 95 43
10 24 94
10 25 88
10 26 92
10 27 60
10 28 97
10 29 29
10 30 81
10 31 75
10 33 9
10 35 73
10 39 10
10 41 69
10 45 56
10 49 46
10 51 86
10 60 49
10 65 89
10 72 41
10 75 64
10 77 96
10 80 96
10 85 2
10 87 16
10 97 32
11 24 23
11 25 100
11 26 34
11 27 89
11 29 26
11 33 2
11 36 32
11 40 11
11 53 12
11 54 10
11 62 38
11 63 27
11 65 3
11 67 20
11 74 54
11 85 40
11 95 95
12 24 79
12 25 45
12 26 9
12 27 63
12 28 38
12 30 62
12 31 40
12 33 94
12 34 31
12 35 74
12 36 47
12 37 83
12 38 100
12 40 34
12 41 75
12 43 91
12 50 9
12 51 19
12 52 62
12 53 41
12 54 20
12 59 74
12 60 39
12 63 34
12 68 95
12 74 89
12 76 24
12 79 87
12 82 41
12 83 17
12 86 98
12 92 24
12 98 5
13 24 6
13 25 29
13 26 86
13 27 28
13 28 34
13 29 47
13 30 40
13 31 43
13 33 28
13 34 76
13 36 13
13 37 26
13 40 46
13 41 87
13 42 24
13 44 59
13 45 57
13 46 71
13 47 21
13 49 3
13 51 52
13 52 14
13 53 95
13 57 55
13 60 38
13 61 27
13 70 96
13 76 19
13 81 6
13 82 11
13 83 55
13 85 10
13 89 60
13 90 53
13 91 97
13 92 21
13 94 93
13 95 30
14 24 52
14 25 93
14 26 76
14 27 19
14 29 98
14 30 65
14 31 74
14 34 11
14 40 96
14 44 44
14 45 94
14 46 74
14 48 49
14 52 83
14 53 66
14 55 39
14 57 18
14 70 12
14 73 44
14 75 56
14 76 87
14 79 80
14 81 58
14 95 100
14 98 28
14 99 84
15 24 13
15 25 53
15 28 24
15 41 42
15 46 13
15 74 7
15 91 24
16 24 20
16 25 39
16 26 46
16 27 5
16 28 35
16 29 84
16 30 19
16 31 41
16 32 87
16 33 57
16 34 36
16 35 64
16 36 17
16 37 14
16 38 30
16 39 9
16 40 75
16 42 16
16 43 96
16 45 99
16 49 67
16 50 11
16 55 33
16 57 43
16 58 51
16 61 88
16 62 10
16 67 59
16 70 64
16 72 2
16 74 54
16 76 89
16 82 30
16 87 39
16 89 58
16 91 17
16 92 41
16 93 34
16 97 80
16 98 60
17 24 36
17 25 4
17 26 31
17 27 65
17 28 14
17 29 62
17 30 89
17 34 23
17 36 41
17 37 43
17 38 87
17 39 20
17 40 74
17 41 3
17 44 60
17 45 59
17 46 82
17 47 45
17 49 67
17 57 85
17 59 15
17 62 20
17 72 63
17 83 45
17 85 7
17 98 67
18 24 90
18 25 7
18 26 79
18 27 36
18 29 1
18 31 69
18 36 94
18 39 25
18 40 22
18 43 37
18 72 27
18 90 58
18 91 89
18 99 41
19 24 96
19 25 88
19 26 25
19 27 86
19 28 50
19 29 84
19 31 75
19 32 43
19 33 51
19 35 20
19 38 4
19 41 64
19 42 21
19 49 43
19 53 85
19 54 51
19 55 85
19 62 66
19 70 98
19 75 94
19 85 22
19 90 81
19 92 97
20 25 13
20 26 57
20 27 91
20 28 95
20 29 68
20 30 10
20 31 32
20 32 97
20 37 73
20 41 38
20 42 48
20 44 12
20 48 57
20 49 5
20 51 58
20 56 20
20 63 16
20 69 86
20 74 37
20 77 50
20 81 44
20 88 99
20 95 6
20 96 66
21 24 73
21 25 28
21 26 33
21 27 65
21 28 48
21 29 25
21 30 95
21 32 65
21 33 87
21 34 12
21 35 28
21 36 36
21 37 41
21 38 54
21 39 58
21 40 1
21 41 12
21 46 54
21 48 80
21 68 36
21 69 33
21 71 52
21 80 12
21 82 22
21 84 71
21 87 91
21 94 52
22 24 85
22 25 3
22 26 25
22 28 57
22 29 92
22 32 77
22 33 82
22 34 4
22 35 38
22 43 66
22 47 42
22 48 26
22 49 100
22 50 44
22 55 14
22 57 8
22 58 16
22 63 54
22 70 13
22 71 94
22 74 11
22 82 31
22 91 75
23 24 7
23 25 66
23 27 85
23 29 49
23 30 95
23 32 40
23 35 50
23 37 44
23 39 91
23 40 87
23 47 91
23 48 75
23 53 74
23 54 52
23 55 84
23 63 75
23 66 17
23 69 21
23 72 85
23 77 100
23 84 42
23 99 41
24 25 29
24 26 68
24 27 57
24 28 29
24 29 86
24 30 76
24 31 44
24 32 56
24 33 8
24 34 35
24 35 29
24 36 8
24 37 29
24 38 6
24 39 70
24 40 30
24 41 96
24 42 25
24 43 56
24 44 80
24 45 26
24 46 1
24 48 71
24 49 99
24 50 15
24 53 88
24 54 7
24 55 97
24 57 65
24 58 53
24 59 38
24 61 76
24 63 46
24 65 13
24 66 8
24 68 92
24 73 48
24 77 30
24 78 61
24 79 12
24 80 99
24 82 65
24 86 3
24 88 76
24 89 52
24 91 60
24 96 49
24 97 5
24 98 63
24 99 85
25 26 86
25 27 79
25 28 50
25 29 54
25 30 58
25 31 39
25 32 51
25 33 58
25 34 80
25 35 29
25 36 91
25 37 46
25 38 33
25 39 17
25 41 73
25 42 31
25 43 66
25 44 80
25 45 38
25 46 73
25 49 81
25 50 50
25 51 70
25 53 40
25 56 50
25 57 71
25 58 58
25 59 93
25 60 95
25 61 47
25 62 65
25 63 42
25 64 64
25 65 28
25 66 39
25 70 45
25 73 79
25 76 98
25 77 88
25 80 31
25 81 31
25 82 89
25 83 33
25 85 32
25 88 68
25 89 4
25 91 29
25 92 67
25 93 9
25 97 86
26 27 29
26 28 84
26 29 70
26 30 22
26 31 51
26 32 50
26 33 59
26 34 33
26 35 63
26 36 6
26 38 54
26 39 69
26 42 97
26 44 56
26 45 82
26 46 90
26 47 97
26 48 85
26 49 70
26 51 27
26 53 81
26 54 61
26 56 76
26 60 84
26 62 95
26 64 15
26 65 35
26 66 79
26 67 33
26 68 52
26 69 2
26 70 57
26 71 7
26 75 12
26 78 97
26 79 3
26 81 48
26 83 62
26 84 13
26 85 10
26 87 11
26 89 66
26 93 52
26 94 58
26 99 66
27 28 24
27 29 84
27 30 58
27 31 58
27 32 92
27 33 34
27 34 7
27 36 71
27 37 22
27 38 19
27 41 24
27 42 34
27 43 89
27 44 13
27 45 6
27 46 69
27 47 66
27 48 54
27 49 85
27 50 44
27 52 66
27 53 24
27 54 81
27 56 85
27 57 29
27 60 40
27 61 86
27 62 92
27 65 11
27 66 28
27 67 100
27 69 64
27 70 82
27 73 74
27 74 2
27 75 17
27 76 26
27 86 19
27 95 87
27 96 77
27 97 22
27 98 9
28 29 19
28 30 48
28 31 5
28 32 9
28 33 10
28 34 97
28 35 49
28 36 84
28 37 5
28 38 24
28 41 90
28 44 85
28 47 40
28 48 75
28 49 25
28 50 11
28 52 83
28 55 27
28 56 88
28 58 65
28 59 67
28 61 71
28 62 87
28 63 35
28 68 4
28 70 13
28 73 11
28 74 50
28 78 23
28 80 77
28 82 78
28 87 53
28 91 13
28 92 20
28 94 35
28 95 31
28 97 72
29 30 76
29 31 66
29 32 47
29 33 78
29 35 77
29 36 5
29 37 18
29 38 99
29 39 69
29 40 93
29 42 80
29 43 26
29 44 89
29 45 7
29 46 30
29 47 59
29 48 92
29 51 65
29 52 59
29 54 72
29 55 30
29 56 9
29 61 4
29 63 78
29 65 67
29 66 78
29 67 95
29 75 97
29 76 58
29 84 39
29 87 31
29 88 25
29 89 33
29 93 7
29 96 50
29 99 22
30 31 99
30 32 80
30 33 44
30 34 61
30 35 39
30 36 98
30 37 50
30 38 42
30 39 23
30 40 92
30 42 30
30 43 31
30 44 82
30 45 39
30 46 90
30 49 63
30 50 38
30 51 45
30 52 49
30 53 71
30 54 91
30 56 7
30 57 72
30 58 98
30 59 46
30 61 20
30 62 96
30 64 23
30 66 89
30 67 69
30 68 47
30 69 59
30 71 20
30 72 29
30 75 84
30 77 38
30 78 90
30 80 51
30 83 68
30 86 40
30 87 81
30 89 12
30 90 2
30 92 93
30 97 63
31 32 47
31 33 81
31 34 61
31 36 29
31 37 96
31 38 16
31 39 94
31 40 90
31 41 99
31 42 79
31 43 83
31 44 36
31 45 32
31 46 58
31 51 33
31 52 23
31 53 31
31 54 34
31 55 85
31 57 69
31 58 100
31 59 77
31 60 79
31 62 88
31 63 98
31 65 66
31 67 48
31 68 80
31 69 5
31 71 19
31 72 53
31 74 72
31 78 6
31 80 99
31 83 27
31 84 91
31 85 25
31 92 79
31 93 46
31 94 90
31 95 93
31 96 46
31 98 82
32 33 32
32 34 9
32 35 64
32 40 85
32 41 59
32 43 85
32 44 5
32 45 91
32 46 27
32 47 39
32 48 59
32 50 100
32 51 7
32 52 70
32 56 7
32 60 78
32 61 38
32 62 78
32 63 13
32 64 7
32 67 42
32 69 77
32 70 68
32 71 80
32 73 48
32 75 58
32 80 2
32 82 28
32 84 93
32 88 42
32 89 26
32 90 25
32 92 1
32 93 78
32 94 45
32 95 45
32 96 86
33 34 73
33 35 94
33 36 83
33 37 14
33 38 50
33 39 7
33 40 73
33 42 84
33 43 50
33 44 85
33 47 69
33 48 92
33 49 77
33 52 80
33 54 71
33 55 84
33 57 84
33 59 82
33 60 64
33 68 4
33 72 64
33 73 18
33 74 2
33 75 5
33 76 99
33 80 1
33 82 22
33 83 98
33 85 39
33 94 100
33 98 85
33 99 56
34 35 29
34 36 15
34 37 34
34 38 14
34 39 62
34 40 92
34 42 46
34 43 92
34 44 20
34 47 59
34 49 86
34 51 73
34 52 59
34 53 60
34 57 13
34 61 72
34 63 62
34 64 98
34 65 37
34 66 44
34 68 59
34 70 8
34 71 51
34 73 8
34 77 37
34 78 66
34 80 35
34 86 6
34 87 34
34 88 11
34 90 90
34 94 89
34 95 96
34 96 94
34 97 5
34 99 12
35 36 4
35 37 23
35 38 24
35 39 100
35 40 8
35 41 92
35 42 33
35 44 63
35 46 49
35 47 48
35 50 59
35 53 79
35 54 82
35 56 49
35 58 99
35 61 98
35 62 71
35 64 77
35 65 7
35 66 64
35 70 76
35 71 12
35 72 73
35 74 73
35 75 4
35 76 12
35 83 3
35 84 15
35 91 57
35 95 87
36 37 51
36 38 58
36 39 73
36 40 57
36 41 73
36 45 70
36 47 98
36 48 85
36 50 45
36 51 95
36 52 33
36 53 7
36 55 3
36 56 5
36 58 10
36 59 8
36 60 45
36 64 98
36 66 74
36 70 54
36 71 76
36 72 38
36 73 17
36 79 61
36 81 17
36 82 13
36 83 61
36 87 39
36 89 98
36 90 30
36 91 23
36 94 68
37 38 92
37 39 16
37 41 3
37 43 98
37 45 85
37 47 5
37 48 99
37 53 11
37 55 18
37 57 17
37 58 49
37 59 99
37 63 79
37 64 26
37 65 60
37 66 69
37 67 80
37 69 68
37 76 78
37 77 38
37 79 22
37 81 30
37 84 32
37 87 75
37 88 92
37 91 9
37 93 23
37 94 3
37 95 80
37 96 41
37 97 30
38 40 33
38 41 12
38 42 8
38 49 49
38 50 9
38 51 5
38 52 51
38 54 58
38 57 96
38 68 2
38 70 70
38 71 28
38 74 18
38 79 82
38 97 36
39 41 7
39 42 69
39 46 25
39 47 8
39 48 48
39 49 20
39 51 73
39 54 7
39 55 6
39 58 48
39 59 2
39 60 55
39 61 37
39 65 87
39 73 72
39 76 4
39 81 55
39 84 14
39 92 14
39 93 28
39 99 81
40 41 42
40 42 66
40 44 31
40 46 43
40 47 100
40 51 15
40 52 36
40 56 77
40 59 91
40 60 53
40 63 100
40 64 38
40 67 30
40 75 16
40 77 16
40 79 90
40 81 86
40 85 67
40 91 2
40 96 54
41 43 13
41 45 65
41 46 20
41 48 3
41 50 3
41 51 23
41 52 64
41 54 54
41 58 2
41 60 62
41 61 28
41 64 14
41 66 56
41 67 65
41 69 68
41 81 15
41 84 13
41 86 22
41 87 54
41 95 46
41 96 71
42 47 71
42 48 5
42 49 71
42 50 47
42 52 53
42 56 38
42 57 47
42 61 8
42 62 60
42 64 59
42 67 76
42 69 8
42 73 7
42 76 69
42 80 87
42 81 51
42 83 24
42 87 87
42 89 64
42 90 48
42 91 68
42 92 86
42 94 76
43 45 36
43 46 94
43 47 48
43 51 30
43 54 61
43 56 7
43 57 70
43 58 55
43 59 31
43 61 18
43 62 5
43 66 23
43 71 70
43 74 14
43 75 76
43 78 98
43 79 88
43 80 14
43 81 61
43 82 79
43 86 80
43 87 84
43 89 19
43 90 95
43 92 35
43 95 91
43 97 40
44 46 62
44 49 34
44 52 2
44 53 33
44 58 34
44 64 65
44 66 78
44 67 84
44 68 19
44 72 53
44 78 18
44 79 73
44 84 72
44 87 60
44 88 72
44 89 71
44 98 10
45 48 60
45 51 61
45 52 14
45 54 63
45 55 87
45 59 49
45 66 17
45 67 86
45 72 28
45 73 56
45 74 54
45 75 65
45 76 68
45 78 63
45 79 93
45 81 69
45 83 15
45 86 49
45 91 5
45 94 13
46 48 62
46 50 72
46 52 58
46 54 52
46 55 73
46 59 32
46 61 19
46 62 15
46 65 79
46 67 78
46 69 7
46 71 61
46 75 13
46 79 59
46 81 18
46 82 2
46 83 9
46 86 44
46 88 5
46 93 85
46 97 65
47 48 14
47 49 98
47 50 3
47 52 42
47 55 80
47 56 16
47 57 16
47 58 30
47 60 93
47 64 25
47 67 93
47 68 72
47 72 57
47 77 63
47 78 52
47 81 62
47 84 54
47 88 99
47 90 6
47 94 28
47 97 69
48 50 63
48 52 61
48 53 40
48 56 32
48 57 74
48 59 80
48 60 37
48 62 56
48 64 83
48 68 73
48 79 28
48 82 83
48 86 70
48 92 10
48 93 22
48 95 81
49 56 77
49 58 40
49 60 52
49 62 16
49 65 24
49 66 88
49 68 75
49 75 3
49 76 12
49 77 91
49 81 72
49 83 52
49 89 77
49 90 56
49 92 54
49 93 12
49 96 54
49 98 77
50 51 76
50 56 9
50 57 57
50 62 93
50 65 8
50 67 49
50 68 8
50 69 24
50 73 96
50 77 29
50 78 50
50 79 24
50 83 67
50 84 12
50 85 37
50 86 34
50 90 36
50 99 95
51 52 69
51 53 42
51 55 32
51 56 100
51 60 11
51 63 89
51 65 34
51 68 28
51 69 12
51 70 78
51 75 98
51 80 36
51 81 85
51 88 44
51 93 64
51 94 4
51 95 8
51 96 92
52 55 44
52 56 13
52 60 90
52 61 97
52 67 62
52 71 81
52 73 40
52 77 56
52 80 38
52 90 99
53 56 18
53 58 19
53 61 1
53 63 85
53 64 54
53 69 65
53 73 67
53 76 15
53 78 21
53 79 75
53 84 59
53 88 42
53 93 41
54 55 13
54 56 12
54 58 82
54 59 54
54 62 49
54 64 83
54 65 82
54 69 61
54 71 100
54 82 40
54 83 42
54 90 3
54 92 80
54 97 26
55 58 92
55 59 61
55 60 98
55 64 69
55 70 73
55 71 33
55 73 74
55 75 21
55 79 24
55 85 77
55 89 59
55 97 10
56 58 28
56 60 42
56 64 67
56 66 62
56 68 63
56 71 51
56 72 72
56 77 6
56 78 67
56 84 21
56 88 99
56 89 18
56 91 68
57 61 52
57 67 89
57 70 21
57 71 40
57 74 75
57 75 3
57 83 9
57 85 21
57 99 40
58 61 10
58 66 89
58 71 57
58 72 96
58 78 96
58 91 32
59 60 33
59 64 21
59 65 74
59 66 3
59 67 83
59 68 70
59 69 97
59 70 8
59 72 18
59 74 100
59 82 10
59 85 31
59 86 60
59 88 97
59 89 31
59 90 73
59 96 25
59 98 42
59 99 23
60 62 33
60 68 97
60 69 68
60 70 55
60 80 94
60 82 29
60 83 27
60 84 59
60 85 65
60 87 83
60 94 44
60 98 82
60 99 4
61 63 49
61 64 6
61 65 81
61 71 5
61 72 17
61 76 5
61 78 57
61 81 31
61 82 85
61 83 80
61 84 32
61 86 95
61 92 27
61 96 42
61 99 85
62 63 78
62 66 31
62 70 89
62 77 53
62 80 26
62 87 12
62 95 63
62 99 21
63 64 96
63 67 72
63 69 58
63 71 3
63 72 73
63 73 36
63 74 12
63 79 28
63 90 41
63 98 20
64 68 36
64 71 15
64 74 79
64 77 34
64 79 14
64 80 77
64 85 77
64 86 70
64 87 55
64 91 80
64 93 65
64 94 79
64 96 94
65 66 8
65 78 77
65 79 36
65 82 54
65 84 60
65 87 28
65 98 84
66 67 40
66 73 25
66 74 24
66 79 66
66 81 26
66 86 90
66 87 65
66 90 7
66 97 39
66 98 95
67 69 98
67 72 2
67 75 23
67 79 31
67 87 71
67 90 69
67 96 28
68 69 85
68 72 88
68 76 91
68 81 52
68 88 71
68 91 89
68 99 17
69 73 89
69 79 97
69 83 100
69 85 24
69 89 77
69 92 38
69 94 63
70 78 49
70 98 49
71 76 41
71 77 88
71 81 52
71 86 49
71 95 45
71 97 95
72 74 12
72 77 75
72 82 4
72 84 57
72 85 94
72 86 27
72 92 77
73 76 33
73 82 61
73 88 16
73 96 3
74 75 77
74 84 97
74 91 67
74 92 83
74 94 75
74 96 63
75 76 47
75 87 30
75 95 96
75 96 73
75 98 17
76 77 49
76 78 32
76 88 22
76 93 46
76 94 100
76 96 5
76 97 66
77 78 73
77 79 28
77 80 29
77 85 48
77 86 24
77 89 74
78 84 63
78 95 98
78 97 86
78 98 61
79 81 4
79 90 10
79 94 53
80 83 82
80 87 45
80 94 10
80 97 99
80 98 72
81 88 36
81 93 59
82 85 11
82 86 47
82 89 98
82 92 1
82 98 47
82 99 53
83 88 49
83 91 87
83 97 53
83 99 42
84 92 26
85 91 27
86 93 65
87 88 66
88 89 72
88 93 44
88 98 61
89 95 70
89 96 59
89 98 27
90 94 43
90 95 79
91 92 66
92 93 48
94 99 8
95 98 28
98 99 37
