129
146
146
196
153
175
123
187
185
166
123
138
171
200
155
179
160
170
107
135
152
144
177
119
159
184
123
128
148
117
147
124
146
144
153
169
141
184
171
111
122
172
126
129
140
123
200
158
154
141
112
186
139
129
172
125
114
193
187
199
169
131
162
132
174
157
140
174
179
145
198
183
190
114
179
105
190
142
159
133
139
154
111
178
111
165
132
137
147
101
114
119
150
130
126
184
110
184
125
118
