0 1 42
0 2 100
0 3 73
0 4 94
0 5 1
0 6 13
0 7 31
0 8 100
0 9 15
0 10 24
0 11 10
0 12 40
0 13 19
0 14 39
0 15 35
0 16 67
0 17 40
0 18 94
0 19 54
0 20 85
0 21 42
0 22 32
0 23 69
0 24 53
0 25 21
0 26 45
0 27 88
0 28 23
0 30 3
0 31 54
0 32 68
0 33 92
0 35 42
0 36 46
0 37 56
0 38 44
0 42 15
0 45 94
0 47 20
0 48 78
0 49 81
0 51 72
0 53 97
0 54 81
0 56 32
0 57 10
0 59 70
0 60 52
0 61 88
0 62 87
0 63 90
0 67 83
0 68 9
0 74 83
0 75 4
0 77 28
0 78 17
0 80 6
0 83 88
0 84 68
0 85 10
0 87 60
0 90 43
0 91 68
0 94 96
0 96 42
0 97 54
0 98 20
0 99 70
1 18 29
1 19 32
1 20 15
1 22 69
1 23 79
1 24 84
1 26 42
1 27 2
1 28 4
1 29 76
1 41 63
1 42 99
1 43 67
1 50 75
1 52 30
1 56 29
1 63 45
1 67 79
1 73 23
1 83 11
1 84 8
1 91 45
2 19 47
2 21 91
2 23 10
2 24 30
2 25 91
2 29 29
2 30 12
2 32 14
2 33 53
2 38 2
2 39 9
2 46 68
2 47 92
2 49 22
2 59 92
2 62 27
2 70 30
2 75 50
3 18 59
3 19 6
3 20 57
3 22 58
3 26 62
3 27 15
3 29 96
3 34 59
3 51 27
3 52 70
3 59 24
3 68 11
3 73 54
3 77 42
3 78 95
3 79 70
3 83 50
3 88 42
3 99 55
4 18 5
4 19 77
4 20 54
4 21 5
4 22 67
4 23 14
4 24 52
4 25 80
4 26 95
4 28 3
4 31 59
4 34 89
4 37 91
4 41 55
4 44 14
4 47 45
4 53 14
4 54 90
4 58 81
4 59 38
4 60 40
4 62 54
4 73 17
4 80 66
4 84 93
4 85 37
4 90 35
4 91 58
4 99 76
5 18 64
5 20 73
5 22 13
5 23 89
5 39 70
5 43 63
5 44 65
5 58 76
5 63 36
5 78 35
5 95 77
6 18 27
6 19 36
6 20 90
6 21 76
6 22 43
6 23 89
6 24 97
6 27 2
6 28 67
6 29 50
6 30 63
6 31 8
6 32 12
6 33 79
6 35 95
6 38 7
6 40 45
6 45 36
6 46 58
6 50 95
6 53 41
6 54 38
6 55 24
6 57 77
6 58 91
6 60 78
6 63 58
6 64 31
6 65 1
6 69 78
6 71 62
6 74 16
6 79 33
6 80 58
6 81 53
6 86 1
6 90 89
6 99 71
7 18 36
7 19 48
7 20 91
7 21 77
7 22 63
7 24 47
7 25 2
7 26 27
7 27 93
7 33 84
7 35 70
7 36 56
7 37 100
7 39 8
7 40 18
7 44 48
7 46 14
7 47 75
7 48 94
7 52 20
7 54 70
7 57 47
7 58 7
7 66 24
7 69 76
7 71 51
7 78 76
7 79 21
7 82 93
7 93 5
7 94 72
7 96 52
8 18 13
8 19 18
8 20 2
8 21 40
8 22 3
8 23 11
8 24 3
8 25 51
8 26 25
8 28 11
8 31 87
8 35 29
8 36 54
8 37 24
8 38 56
8 39 97
8 40 85
8 42 28
8 44 13
8 48 24
8 50 28
8 53 10
8 57 59
8 63 58
8 66 97
8 67 42
8 70 57
8 75 37
8 76 2
8 78 82
8 80 81
8 88 29
8 91 24
8 92 72
8 93 81
8 95 62
9 18 39
9 21 43
9 28 87
9 35 76
9 36 75
9 89 43
10 18 56
10 19 43
10 20 14
10 21 37
10 22 6
10 24 16
10 25 13
10 27 94
10 28 5
10 29 92
10 30 11
10 32 79
10 33 23
10 35 62
10 37 72
10 40 4
10 44 56
10 45 66
10 46 2
10 49 13
10 55 8
10 62 30
10 66 97
10 70 37
10 86 57
10 88 28
10 90 21
10 91 8
11 18 26
11 19 16
11 20 75
11 21 17
11 23 20
11 25 94
11 26 59
11 27 38
11 31 98
11 32 6
11 33 85
11 34 75
11 36 24
11 39 30
11 40 50
11 42 21
11 43 62
11 44 99
11 45 83
11 48 90
11 51 16
11 52 76
11 54 2
11 63 66
11 71 8
11 75 4
11 85 49
11 87 82
11 89 61
12 18 77
12 19 57
12 21 46
12 22 32
12 23 54
12 24 99
12 25 11
12 26 58
12 27 15
12 29 39
12 30 51
12 32 56
12 33 22
12 35 75
12 42 92
12 45 67
12 50 47
12 56 27
12 59 14
12 60 7
12 61 77
12 66 38
12 82 22
12 86 63
12 87 8
12 93 22
12 95 10
12 97 76
12 99 17
13 18 7
13 19 36
13 20 27
13 21 10
13 22 81
13 23 15
13 24 20
13 27 94
13 31 64
13 35 58
13 36 53
13 38 84
13 41 93
13 45 63
13 46 27
13 47 33
13 49 7
13 58 73
13 60 74
13 66 53
13 73 78
13 80 74
13 82 91
13 83 17
13 96 94
13 98 69
14 18 2
14 19 43
14 20 24
14 21 73
14 23 62
14 27 76
14 33 95
14 34 40
14 35 96
14 38 93
14 40 56
14 41 21
14 54 92
14 55 1
14 56 65
14 59 93
14 65 40
14 69 30
14 71 49
14 76 17
14 81 61
14 86 3
14 87 55
15 18 46
15 19 93
15 20 81
15 22 92
15 23 37
15 24 40
15 25 61
15 26 97
15 28 4
15 29 18
15 31 36
15 33 13
15 34 8
15 36 14
15 38 70
15 39 51
15 40 2
15 44 3
15 48 46
15 56 95
15 59 97
15 64 83
15 65 34
15 68 2
15 82 48
15 99 18
16 18 11
16 19 34
16 20 51
16 21 14
16 22 89
16 23 81
16 25 54
16 28 35
16 29 29
16 30 95
16 36 36
16 37 59
16 52 90
16 55 88
16 58 25
16 69 85
16 71 3
16 72 91
16 78 97
16 80 46
16 90 43
17 18 55
17 19 35
17 20 80
17 21 58
17 23 29
17 26 13
17 28 50
17 29 96
17 30 60
17 31 32
17 36 2
17 39 96
17 44 60
17 46 22
17 50 44
17 54 25
17 58 81
17 60 87
17 61 32
17 62 24
17 65 90
17 82 82
17 85 58
17 86 55
17 88 19
17 90 20
18 19 79
18 20 59
18 21 62
18 22 5
18 23 6
18 24 2
18 25 43
18 26 5
18 28 68
18 30 40
18 31 92
18 32 58
18 34 1
18 36 87
18 37 98
18 38 79
18 43 38
18 44 26
18 45 98
18 46 9
18 47 61
18 50 16
18 51 83
18 52 21
18 55 58
18 56 42
18 58 63
18 59 35
18 60 29
18 61 70
18 63 59
18 64 70
18 66 76
18 67 8
18 71 86
18 72 4
18 73 76
18 74 79
18 75 70
18 76 91
18 77 87
18 78 1
18 80 33
18 82 27
18 83 68
18 89 47
18 92 46
18 94 36
18 97 39
18 98 25
19 20 42
19 21 3
19 22 41
19 23 54
19 24 32
19 25 14
19 26 63
19 28 57
19 29 44
19 30 17
19 31 98
19 32 43
19 33 68
19 34 69
19 36 20
19 37 28
19 38 43
19 41 1
19 42 35
19 45 22
19 48 80
19 49 4
19 50 88
19 51 94
19 52 91
19 53 79
19 55 67
19 56 52
19 57 28
19 65 2
19 68 26
19 69 30
19 70 86
19 71 55
19 72 53
19 73 86
19 77 81
19 81 19
19 82 58
19 84 9
19 85 74
19 86 5
19 88 52
19 92 45
20 21 78
20 22 2
20 24 57
20 25 7
20 26 47
20 27 82
20 28 35
20 29 64
20 30 7
20 31 78
20 32 38
20 33 71
20 34 8
20 35 24
20 36 99
20 37 5
20 38 19
20 40 29
20 42 82
20 43 87
20 44 88
20 46 8
20 48 69
20 49 67
20 50 57
20 52 19
20 55 17
20 64 53
20 65 47
20 66 91
20 67 35
20 68 48
20 72 23
20 73 85
20 76 60
20 79 84
20 80 32
20 81 14
20 82 92
20 83 55
20 85 91
20 86 47
20 87 26
20 88 22
20 89 12
20 92 45
20 93 20
20 97 49
21 22 50
21 23 34
21 24 73
21 25 1
21 27 21
21 28 51
21 29 25
21 30 68
21 31 86
21 32 6
21 33 42
21 36 16
21 37 62
21 38 61
21 41 24
21 43 32
21 45 11
21 46 90
21 47 52
21 48 80
21 49 48
21 52 22
21 53 16
21 58 21
21 59 63
21 61 69
21 62 55
21 64 16
21 65 66
21 73 52
21 76 15
21 87 99
21 92 76
21 93 15
21 94 23
21 98 5
22 24 52
22 25 90
22 26 79
22 27 72
22 28 3
22 29 32
22 30 33
22 31 40
22 32 88
22 33 9
22 37 85
22 39 36
22 40 54
22 41 1
22 43 87
22 45 63
22 51 95
22 53 21
22 59 83
22 69 63
22 71 86
22 73 33
22 74 10
22 80 5
22 83 66
22 89 73
22 90 71
22 97 76
23 24 62
23 25 41
23 26 80
23 27 71
23 28 4
23 29 59
23 30 78
23 31 97
23 32 74
23 34 31
23 35 26
23 39 32
23 40 26
23 44 23
23 45 64
23 47 68
23 48 35
23 50 78
23 53 80
23 56 52
23 57 45
23 58 62
23 63 79
23 66 5
23 68 100
23 72 45
23 74 31
23 80 97
23 81 15
23 87 36
23 89 91
23 90 56
23 92 55
23 94 42
23 96 98
23 97 97
24 25 64
24 26 21
24 27 100
24 28 100
24 30 55
24 33 66
24 34 53
24 35 81
24 38 14
24 40 46
24 41 36
24 42 89
24 43 3
24 45 54
24 46 17
24 50 58
24 51 75
24 53 92
24 54 4
24 63 32
24 65 37
24 66 73
24 67 87
24 69 81
24 70 70
24 71 49
24 72 70
24 73 49
24 76 19
24 78 85
24 81 45
24 85 56
24 86 59
24 93 27
24 94 99
24 98 49
25 26 21
25 27 28
25 30 25
25 32 23
25 34 27
25 38 65
25 39 76
25 40 93
25 41 46
25 42 21
25 46 6
25 50 88
25 54 51
25 55 47
25 57 22
25 60 73
25 63 80
25 64 31
25 68 30
25 71 49
25 72 3
25 81 21
25 90 60
25 91 9
26 27 85
26 29 17
26 30 39
26 31 51
26 32 75
26 33 79
26 34 52
26 37 91
26 41 55
26 44 22
26 45 96
26 47 74
26 49 81
26 50 26
26 52 4
26 53 57
26 54 71
26 56 14
26 57 47
26 58 38
26 60 95
26 62 9
26 63 23
26 64 51
26 66 27
26 77 70
26 79 9
26 82 46
26 83 43
26 86 37
26 88 11
26 89 82
26 99 64
27 29 5
27 30 81
27 31 39
27 33 70
27 35 46
27 36 77
27 40 74
27 43 35
27 47 91
27 48 85
27 52 28
27 56 43
27 58 82
27 61 83
27 62 66
27 63 63
27 64 2
27 72 15
27 75 74
27 80 8
27 81 61
27 82 2
27 85 69
27 95 7
28 29 59
28 34 46
28 35 58
28 37 12
28 38 37
28 39 3
28 42 96
28 43 76
28 61 99
28 62 40
28 63 39
28 65 75
28 67 84
28 72 46
28 74 99
28 78 46
28 86 59
28 91 48
28 95 68
29 32 48
29 33 9
29 34 81
29 36 100
29 38 41
29 39 78
29 41 91
29 42 100
29 43 4
29 46 66
29 48 78
29 58 4
29 59 13
29 60 72
29 61 62
29 62 69
29 65 2
29 66 61
29 70 54
29 71 11
29 72 1
29 76 29
29 78 96
29 79 78
29 83 91
29 84 90
29 87 80
29 89 52
29 90 92
29 93 72
29 94 15
29 98 8
30 31 16
30 32 62
30 34 19
30 35 84
30 39 63
30 41 70
30 42 91
30 43 56
30 46 99
30 48 87
30 49 72
30 54 75
30 55 74
30 60 27
30 61 91
30 65 100
30 66 41
30 67 58
30 68 25
30 69 64
30 72 18
30 73 49
30 76 12
30 77 89
30 87 82
30 88 88
30 89 15
30 90 85
30 91 27
30 99 65
31 32 82
31 34 59
31 36 32
31 37 29
31 39 99
31 43 100
31 47 27
31 50 80
31 51 54
31 52 51
31 53 32
31 56 78
31 61 92
31 75 13
31 84 37
31 86 93
31 88 44
31 95 5
32 34 52
32 35 23
32 37 94
32 39 85
32 40 4
32 41 31
32 42 72
32 46 49
32 47 90
32 48 66
32 49 3
32 55 15
32 57 53
32 73 31
32 75 33
32 78 89
32 84 86
32 86 89
32 96 56
32 97 52
33 36 70
33 38 27
33 39 46
33 50 89
33 51 63
33 53 50
33 60 30
33 77 34
33 85 1
33 87 90
33 96 58
34 35 21
34 42 32
34 46 82
34 50 52
34 52 84
34 53 92
34 64 53
34 68 43
34 74 17
34 75 25
34 76 95
34 91 38
34 95 6
35 37 94
35 38 89
35 40 94
35 41 58
35 43 85
35 44 38
35 47 93
35 51 65
35 57 23
35 65 13
35 67 9
35 72 41
35 74 23
35 75 36
35 78 32
35 79 16
35 82 18
35 89 86
35 93 61
35 94 11
35 96 42
36 37 96
36 39 82
36 42 17
36 44 19
36 58 44
36 59 71
36 60 17
36 61 25
36 65 88
36 68 58
36 70 48
36 77 35
36 78 40
36 81 6
36 82 28
36 83 23
36 92 6
36 94 67
36 98 14
36 99 50
37 40 78
37 41 52
37 43 18
37 44 18
37 47 59
37 51 58
37 56 93
37 57 100
37 59 11
37 61 82
37 66 46
37 67 60
37 69 16
37 70 98
37 72 31
37 75 91
37 81 77
37 84 60
37 88 63
37 95 4
37 97 72
38 40 10
38 41 20
38 42 7
38 45 7
38 46 46
38 49 88
38 51 38
38 52 32
38 56 98
38 57 61
38 58 17
38 61 96
38 62 98
38 63 42
38 64 77
38 68 20
38 71 83
38 75 17
38 79 64
38 81 63
38 84 67
38 87 6
38 89 48
38 93 33
38 94 2
38 95 99
38 98 36
39 41 78
39 42 50
39 43 21
39 45 74
39 48 59
39 49 47
39 51 44
39 64 46
39 71 62
39 74 14
39 83 32
39 84 2
39 85 12
39 86 76
39 87 32
39 93 32
39 95 100
39 96 99
40 43 17
40 45 23
40 47 47
40 48 34
40 54 64
40 55 53
40 56 4
40 57 76
40 60 26
40 61 47
40 63 88
40 67 13
40 69 14
40 70 32
40 73 2
40 76 51
40 77 69
40 89 68
40 91 88
40 93 78
40 94 36
41 45 14
41 46 40
41 48 3
41 54 87
41 57 52
41 62 94
41 63 81
41 70 46
41 77 2
41 82 98
41 84 68
41 87 70
41 88 69
41 93 76
42 44 45
42 47 58
42 49 92
42 51 14
42 52 65
42 53 81
42 55 1
42 56 11
42 60 49
42 67 34
42 70 86
42 74 57
42 76 84
42 80 63
42 81 65
42 84 46
42 94 68
42 97 82
42 98 58
43 44 25
43 54 28
43 55 43
43 59 57
43 62 81
43 78 68
43 79 55
43 88 36
44 47 25
44 49 86
44 53 2
44 55 20
44 56 25
44 64 75
44 65 25
44 71 29
44 72 62
44 74 78
44 76 27
44 77 43
44 79 53
44 85 81
44 95 39
45 48 36
45 50 4
45 51 22
45 55 85
45 58 77
45 59 45
45 65 31
45 68 98
45 71 74
45 83 6
45 90 75
45 92 17
46 49 23
46 54 19
46 59 22
46 65 55
46 68 20
46 69 28
46 70 15
46 79 50
46 87 38
46 88 74
46 89 3
46 94 19
46 98 12
47 49 93
47 51 68
47 52 67
47 54 80
47 61 70
47 71 9
47 75 17
47 79 24
47 82 69
47 93 21
47 95 61
47 99 92
48 49 66
48 53 72
48 58 52
48 64 56
48 70 7
48 76 31
48 77 48
48 79 84
48 80 49
48 84 44
48 98 62
49 50 93
49 52 11
49 55 71
49 64 3
49 67 48
49 70 7
49 71 13
49 74 38
49 77 98
49 83 78
49 91 16
49 92 41
49 95 21
49 96 94
50 51 44
50 57 54
50 64 41
50 70 45
50 73 15
50 75 33
50 76 73
50 79 35
50 84 19
50 89 5
50 90 65
50 91 45
50 96 76
50 99 91
51 60 22
51 61 89
51 67 61
51 76 82
51 84 75
51 85 97
51 92 64
51 94 31
51 99 60
52 53 93
52 54 30
52 57 5
52 81 74
52 82 37
53 59 95
53 60 8
53 62 43
53 66 93
53 67 79
53 74 34
53 80 6
53 81 80
53 85 84
53 92 75
53 94 20
54 55 47
54 56 40
54 61 9
54 68 31
54 85 20
54 99 9
55 57 8
55 64 91
55 66 90
55 74 38
55 80 73
55 97 54
55 98 45
56 68 50
56 70 58
56 72 14
56 75 21
56 82 21
56 84 73
56 90 8
56 92 85
56 98 51
57 62 57
57 68 27
57 69 61
57 72 36
57 87 91
57 91 11
57 97 90
58 65 79
58 74 61
58 93 11
59 64 79
59 69 99
59 72 79
59 85 18
60 62 99
60 69 58
60 73 69
60 77 5
60 79 92
60 97 79
61 62 7
61 63 19
61 67 54
61 68 53
61 69 59
61 73 75
61 78 39
61 85 15
62 67 27
62 77 56
63 66 45
63 69 22
63 78 55
63 83 76
63 84 85
63 88 73
63 93 82
63 94 18
64 74 27
64 76 87
64 96 99
64 97 2
65 66 93
65 73 87
65 75 34
65 76 56
65 92 71
65 98 41
66 83 65
67 69 76
67 75 21
67 81 72
67 85 75
67 90 99
67 92 98
67 99 28
68 70 42
68 74 1
68 81 10
68 91 94
69 79 27
69 83 86
69 87 23
70 77 73
70 80 84
70 94 52
71 78 53
71 95 71
72 77 4
72 86 79
72 95 77
73 87 38
74 81 43
74 86 78
75 91 18
75 97 76
76 90 71
76 93 62
76 98 60
77 80 41
77 88 28
78 79 70
78 88 7
79 86 1
79 89 71
80 82 78
80 92 36
80 95 90
80 98 73
81 86 24
81 89 53
81 92 13
81 93 10
81 96 23
82 83 36
82 95 31
83 92 91
84 88 89
84 99 18
85 96 55
86 96 20
87 90 29
87 91 21
87 97 14
87 99 13
88 89 30
88 91 63
88 96 62
88 97 95
89 97 33
90 96 5
90 98 46
90 99 47
92 96 45
