107
159
160
135
126
131
191
140
171
155
145
146
110
195
112
113
116
187
199
194
138
148
167
182
192
108
112
174
197
157
195
186
171
118
162
156
106
144
186
101
108
143
159
186
162
153
184
175
133
124
166
161
106
139
154
190
194
122
156
113
171
115
100
101
121
191
106
129
114
165
114
131
196
192
185
153
109
114
141
153
128
126
146
139
173
100
161
103
106
126
159
108
186
107
133
181
194
124
156
156
