1 0 12
2 0 50
3 0 61
3 2 11
4 2 14
4 3 15
5 1 25
6 4 18
7 5 33
8 7 82
9 1 86
9 5 8
9 7 67
9 8 5
10 0 55
11 0 62
11 2 3
11 3 60
11 4 74
12 10 26
13 2 40
14 0 15
14 2 81
14 3 2
14 4 26
14 11 47
15 0 6
15 1 96
15 2 87
15 3 56
15 4 23
15 5 65
15 9 41
15 10 59
15 11 32
15 14 17
16 0 8
16 2 42
16 3 85
16 4 66
16 6 85
16 15 63
17 1 98
17 8 41
17 9 39
18 0 88
18 1 96
18 2 56
18 3 45
18 4 43
18 5 67
18 7 14
18 8 9
18 9 24
18 11 90
18 13 20
18 15 30
18 17 80
19 7 27
19 8 34
20 0 1
20 2 43
20 3 55
20 4 45
20 16 48
21 0 83
21 1 64
21 5 17
22 19 98
23 0 40
23 3 91
23 11 88
23 14 92
23 15 97
23 16 53
23 20 80
24 13 11
25 2 12
25 4 19
26 0 94
26 1 96
26 2 16
26 3 42
26 4 48
26 5 87
26 6 61
26 7 68
26 8 27
26 9 63
26 10 93
26 11 28
26 13 94
26 14 90
26 15 14
26 16 21
26 17 81
26 18 41
26 19 92
26 25 100
27 18 54
28 5 74
28 7 31
28 9 45
29 7 61
29 9 57
29 18 78
29 26 42
29 28 38
30 25 73
31 0 57
31 2 40
31 26 6
32 12 68
33 1 44
33 5 71
33 7 78
33 8 61
34 0 1
34 1 55
34 5 83
34 7 21
34 8 82
34 9 20
34 17 90
34 26 80
34 28 52
34 29 30
34 31 80
34 33 66
35 0 41
35 1 30
35 3 92
35 5 15
35 7 70
35 8 41
35 9 6
35 14 32
35 15 97
35 16 25
35 17 75
35 18 59
35 19 44
35 22 25
35 23 100
35 26 75
35 28 59
35 29 73
35 31 91
35 33 70
35 34 94
36 16 11
37 0 31
37 1 95
37 5 76
37 7 51
37 8 94
37 9 90
37 15 14
37 17 20
37 18 92
37 19 60
37 23 27
37 26 97
37 28 43
37 29 100
37 33 53
37 34 3
37 35 94
38 27 49
39 0 90
39 1 30
39 2 30
39 3 7
39 4 91
39 5 57
39 7 64
39 8 1
39 9 93
39 11 62
39 14 27
39 15 88
39 16 80
39 18 89
39 19 9
39 20 96
39 22 83
39 23 74
39 26 93
39 28 19
39 29 50
39 31 44
39 34 67
39 35 89
39 37 53
40 0 26
40 2 29
40 3 45
40 4 69
40 5 62
40 7 22
40 8 11
40 9 20
40 15 50
40 18 18
40 19 5
40 27 33
40 28 32
40 29 92
40 33 76
40 34 7
40 35 72
40 37 78
40 38 95
40 39 39
41 33 78
42 10 2
43 33 22
44 24 29
45 33 91
45 40 78
45 43 56
46 11 7
46 23 85
47 8 87
47 31 93
47 39 62
48 0 83
48 2 46
48 3 40
48 4 67
48 6 60
48 10 61
48 11 44
48 13 15
48 14 70
48 25 46
48 26 49
48 35 43
48 40 13
48 46 64
49 47 65
50 0 5
50 1 21
50 2 25
50 3 75
50 4 85
50 5 11
50 6 49
50 7 1
50 8 65
50 9 34
50 10 49
50 11 97
50 13 58
50 14 71
50 15 42
50 16 42
50 17 58
50 18 13
50 19 98
50 20 7
50 23 78
50 26 73
50 27 90
50 29 91
50 31 93
50 33 2
50 34 30
50 35 59
50 37 14
50 38 73
50 39 24
50 40 30
50 42 52
50 46 53
50 48 27
51 18 82
51 20 83
51 23 60
51 27 43
51 29 38
51 35 59
51 38 8
51 39 45
51 50 49
52 9 73
53 2 47
53 13 34
53 48 19
54 24 61
54 44 8
55 33 78
55 37 51
55 41 3
55 43 34
55 45 89
56 15 22
56 39 11
57 0 10
57 1 29
57 2 84
57 3 78
57 4 36
57 5 97
57 6 83
57 7 94
57 8 3
57 9 80
57 10 1
57 11 96
57 13 93
57 14 31
57 15 68
57 16 78
57 17 100
57 18 73
57 19 48
57 20 55
57 21 16
57 23 23
57 24 96
57 25 76
57 26 17
57 28 39
57 29 37
57 31 90
57 33 94
57 34 72
57 35 9
57 37 82
57 39 46
57 40 63
57 41 89
57 42 29
57 43 32
57 45 51
57 46 97
57 47 25
57 48 100
57 50 39
57 51 49
57 53 42
57 55 33
58 10 3
58 12 98
58 32 67
59 56 100
60 9 86
60 17 45
60 35 78
60 51 5
61 0 58
61 1 45
61 2 28
61 3 72
61 4 12
61 5 63
61 7 17
61 8 68
61 9 45
61 11 98
61 14 17
61 15 67
61 16 96
61 18 10
61 19 39
61 20 59
61 21 33
61 23 22
61 26 97
61 27 80
61 29 32
61 34 36
61 35 4
61 37 51
61 39 50
61 40 71
61 48 76
61 50 18
61 51 73
61 53 61
61 57 59
61 60 17
62 10 86
62 12 83
62 32 5
62 58 34
63 0 68
63 1 55
63 2 30
63 3 84
63 4 99
63 5 97
63 6 37
63 7 33
63 8 55
63 9 9
63 11 29
63 13 97
63 14 15
63 16 99
63 17 52
63 18 92
63 20 49
63 21 86
63 22 2
63 23 50
63 24 24
63 26 47
63 27 74
63 28 56
63 29 70
63 31 11
63 33 6
63 34 90
63 35 48
63 37 62
63 38 58
63 39 100
63 40 29
63 41 70
63 46 54
63 47 36
63 48 86
63 49 18
63 50 4
63 51 5
63 52 82
63 53 33
63 56 75
63 57 36
63 60 54
63 61 48
64 0 18
64 1 66
64 5 72
64 50 9
65 0 41
65 1 30
65 2 50
65 3 21
65 4 12
65 5 66
65 6 23
65 7 58
65 8 61
65 9 69
65 11 70
65 13 22
65 14 88
65 15 3
65 16 3
65 17 4
65 18 8
65 19 46
65 20 20
65 21 88
65 22 37
65 23 54
65 24 53
65 25 53
65 26 55
65 28 55
65 29 25
65 31 52
65 33 90
65 34 89
65 35 91
65 36 42
65 37 22
65 38 82
65 39 97
65 40 84
65 41 53
65 43 60
65 44 72
65 45 20
65 46 82
65 48 78
65 50 86
65 51 1
65 53 61
65 54 6
65 55 39
65 56 59
65 57 66
65 59 26
65 60 83
65 61 27
65 63 24
66 54 5
66 65 6
67 0 90
68 5 17
68 7 56
68 8 69
68 19 3
69 0 75
70 56 58
71 0 49
71 1 71
71 5 69
71 7 72
71 11 68
71 14 45
71 16 68
71 23 43
71 33 87
71 35 28
71 46 13
71 54 95
71 61 27
71 65 79
71 66 76
72 11 100
72 19 18
72 22 91
72 63 65
73 1 41
73 3 25
73 4 44
73 5 54
73 7 63
73 8 51
73 9 33
73 26 51
73 33 4
73 39 50
73 44 17
73 54 73
73 65 56
73 66 68
73 71 54
74 0 88
74 1 98
74 2 39
74 3 54
74 4 43
74 5 67
74 6 8
74 7 28
74 8 11
74 9 40
74 10 11
74 11 8
74 13 84
74 14 45
74 15 71
74 16 20
74 17 45
74 18 7
74 19 43
74 20 80
74 22 35
74 23 15
74 25 80
74 26 90
74 27 21
74 28 19
74 29 93
74 31 82
74 33 94
74 34 88
74 35 38
74 37 1
74 39 27
74 40 62
74 47 61
74 48 81
74 49 21
74 50 93
74 51 8
74 53 59
74 54 2
74 57 79
74 58 19
74 60 51
74 61 89
74 63 58
74 65 67
74 66 24
74 68 13
74 71 43
74 72 35
74 73 66
75 16 13
75 36 29
76 59 42
77 56 44
78 0 82
78 2 95
78 4 44
78 5 11
78 7 69
78 8 41
78 9 95
78 16 80
78 18 2
78 23 11
78 28 33
78 29 56
78 31 46
78 33 36
78 34 42
78 35 53
78 37 3
78 39 33
78 40 88
78 41 8
78 42 61
78 43 90
78 45 6
78 47 99
78 48 14
78 49 43
78 50 55
78 51 71
78 52 33
78 53 43
78 55 55
78 57 77
78 61 95
78 63 80
78 64 26
78 65 31
78 68 31
78 73 5
78 74 24
79 48 100
79 50 95
79 71 71
79 74 63
80 11 73
81 10 16
81 42 66
82 0 95
82 1 7
82 2 26
82 3 6
82 4 55
82 5 49
82 6 8
82 7 81
82 8 11
82 9 98
82 10 97
82 11 59
82 13 92
82 14 10
82 15 47
82 16 35
82 17 8
82 18 95
82 19 36
82 20 66
82 22 17
82 23 44
82 25 21
82 26 97
82 27 70
82 28 76
82 29 24
82 31 17
82 33 28
82 34 15
82 35 44
82 37 66
82 38 89
82 39 98
82 40 10
82 41 82
82 43 76
82 44 72
82 45 87
82 46 77
82 47 51
82 48 17
82 50 18
82 51 49
82 55 91
82 57 62
82 60 75
82 61 19
82 63 27
82 65 6
82 71 31
82 72 27
82 73 95
82 74 89
82 78 16
82 79 5
83 39 46
84 48 29
85 73 54
86 23 10
87 0 98
87 1 69
87 2 70
87 3 26
87 4 90
87 5 50
87 6 19
87 7 30
87 8 66
87 9 89
87 10 28
87 11 73
87 13 91
87 15 20
87 16 46
87 17 62
87 18 76
87 19 14
87 20 55
87 22 30
87 23 97
87 24 37
87 25 18
87 26 41
87 27 18
87 28 94
87 29 76
87 31 6
87 34 11
87 35 81
87 36 11
87 37 63
87 38 16
87 39 82
87 40 86
87 42 27
87 47 52
87 50 2
87 51 45
87 53 8
87 55 80
87 56 9
87 57 60
87 61 17
87 63 62
87 64 18
87 65 47
87 68 70
87 72 63
87 73 67
87 74 62
87 75 4
87 78 27
87 82 57
87 83 1
87 85 94
88 33 7
89 0 58
89 2 58
89 3 44
89 4 8
89 5 15
89 6 33
89 8 64
89 9 55
89 10 39
89 15 97
89 18 31
89 19 95
89 20 12
89 22 43
89 25 31
89 26 78
89 29 17
89 30 39
89 31 35
89 33 9
89 34 19
89 39 69
89 41 67
89 42 92
89 47 83
89 48 91
89 50 76
89 55 99
89 57 42
89 61 50
89 63 25
89 65 76
89 66 57
89 71 84
89 72 90
89 73 95
89 74 75
89 78 20
89 81 70
89 82 60
89 87 38
89 88 44
90 0 18
90 69 75
91 0 18
91 1 61
91 2 100
91 3 57
91 4 17
91 5 4
91 7 85
91 8 60
91 9 78
91 10 14
91 11 57
91 13 43
91 14 92
91 15 59
91 17 92
91 18 93
91 19 86
91 20 67
91 22 17
91 23 1
91 24 33
91 25 68
91 26 49
91 27 78
91 28 40
91 29 77
91 30 11
91 31 99
91 33 85
91 34 26
91 35 30
91 37 90
91 39 32
91 40 44
91 42 78
91 43 34
91 44 35
91 45 54
91 46 82
91 47 77
91 48 12
91 49 73
91 50 78
91 51 53
91 54 37
91 57 100
91 60 27
91 61 18
91 63 60
91 65 39
91 66 31
91 68 65
91 71 65
91 72 93
91 73 72
91 74 85
91 78 90
91 79 88
91 81 32
91 82 87
91 87 94
91 89 34
92 0 99
92 1 49
92 2 57
92 3 22
92 4 37
92 5 29
92 6 96
92 7 39
92 8 81
92 9 19
92 10 57
92 14 49
92 18 68
92 19 27
92 21 84
92 22 18
92 23 30
92 24 96
92 25 12
92 26 16
92 27 52
92 28 77
92 29 45
92 30 83
92 32 20
92 33 86
92 34 41
92 35 52
92 36 51
92 37 96
92 38 50
92 39 82
92 40 56
92 41 48
92 42 51
92 43 98
92 44 83
92 46 82
92 47 6
92 48 58
92 50 96
92 51 90
92 52 12
92 53 47
92 54 4
92 55 64
92 56 97
92 57 42
92 58 87
92 61 40
92 62 96
92 63 84
92 65 100
92 66 25
92 71 59
92 72 75
92 73 55
92 74 71
92 78 27
92 79 64
92 82 12
92 83 60
92 84 81
92 86 84
92 87 69
92 88 83
92 89 21
92 91 72
93 0 89
93 1 97
93 2 52
93 3 80
93 4 20
93 5 97
93 7 51
93 8 13
93 9 12
93 11 65
93 15 61
93 17 70
93 18 82
93 19 10
93 20 25
93 23 84
93 26 56
93 27 99
93 28 18
93 29 72
93 31 80
93 34 75
93 35 30
93 37 97
93 39 97
93 40 5
93 41 58
93 45 66
93 47 40
93 49 83
93 50 58
93 56 78
93 57 2
93 59 3
93 61 80
93 63 34
93 64 62
93 65 54
93 67 92
93 68 99
93 72 95
93 73 71
93 74 82
93 78 7
93 82 8
93 86 61
93 87 99
93 89 63
93 91 75
93 92 55
94 0 73
94 1 76
94 2 39
94 5 44
94 9 8
94 35 11
94 37 48
94 40 39
94 52 6
94 78 70
95 0 58
95 1 93
95 2 79
95 3 53
95 4 49
95 5 76
95 6 51
95 7 30
95 8 30
95 9 41
95 11 2
95 14 72
95 15 48
95 16 97
95 18 74
95 19 5
95 21 6
95 22 79
95 26 85
95 27 88
95 28 27
95 29 42
95 31 45
95 33 3
95 34 49
95 35 86
95 37 20
95 39 38
95 40 4
95 41 22
95 42 45
95 43 41
95 44 23
95 45 52
95 47 100
95 48 99
95 49 9
95 50 44
95 51 70
95 52 12
95 53 83
95 55 41
95 57 54
95 61 74
95 63 37
95 65 88
95 68 5
95 71 87
95 72 60
95 74 39
95 78 83
95 79 11
95 82 22
95 87 98
95 88 14
95 89 21
95 91 61
95 92 67
95 93 54
95 94 57
96 18 14
96 68 97
96 74 58
96 78 44
96 92 65
96 93 16
96 95 20
97 0 18
97 1 67
97 2 13
97 3 74
97 4 1
97 5 21
97 6 39
97 7 25
97 8 57
97 9 76
97 10 88
97 11 10
97 13 52
97 14 42
97 15 47
97 16 81
97 17 14
97 18 33
97 19 91
97 20 13
97 23 70
97 26 39
97 27 31
97 28 48
97 29 94
97 33 22
97 34 62
97 35 1
97 37 82
97 39 37
97 40 33
97 41 13
97 42 15
97 45 17
97 46 7
97 48 79
97 50 39
97 51 44
97 53 22
97 55 26
97 56 45
97 57 28
97 60 11
97 61 65
97 63 3
97 64 93
97 65 2
97 67 100
97 68 76
97 71 49
97 72 39
97 74 58
97 78 11
97 79 4
97 81 26
97 82 99
97 86 36
97 87 100
97 89 100
97 91 24
97 92 19
97 93 68
97 94 52
97 95 74
97 96 37
98 0 70
98 1 23
98 2 56
98 3 88
98 4 49
98 5 13
98 7 44
98 8 12
98 9 58
98 10 50
98 14 70
98 15 78
98 17 77
98 18 91
98 19 66
98 21 25
98 23 19
98 24 82
98 25 85
98 26 19
98 27 33
98 30 63
98 31 28
98 33 21
98 34 29
98 35 99
98 37 51
98 39 66
98 40 71
98 41 22
98 43 77
98 45 96
98 46 71
98 48 50
98 50 5
98 52 39
98 54 36
98 55 97
98 57 71
98 61 79
98 63 56
98 65 54
98 66 95
98 68 27
98 71 67
98 72 4
98 73 93
98 74 84
98 78 28
98 82 15
98 84 78
98 85 61
98 87 14
98 89 100
98 91 70
98 92 93
98 93 64
98 94 36
98 95 67
98 96 35
98 97 84
99 0 92
99 1 50
99 2 19
99 3 69
99 4 57
99 5 29
99 6 33
99 7 48
99 8 61
99 9 89
99 11 25
99 13 69
99 14 75
99 15 10
99 16 12
99 17 11
99 18 2
99 19 47
99 20 9
99 21 87
99 23 59
99 24 54
99 26 25
99 27 60
99 28 49
99 29 63
99 31 2
99 33 17
99 34 23
99 35 82
99 37 43
99 38 50
99 39 61
99 40 8
99 44 41
99 46 53
99 47 97
99 48 12
99 49 47
99 50 74
99 51 63
99 52 42
99 53 22
99 54 33
99 55 90
99 56 15
99 57 83
99 60 88
99 61 15
99 63 6
99 64 68
99 65 64
99 66 2
99 68 69
99 71 28
99 73 97
99 74 36
99 78 36
99 79 13
99 82 65
99 85 33
99 87 24
99 89 16
99 91 30
99 92 68
99 93 81
99 94 12
99 95 54
99 96 2
99 97 1
99 98 12
