0 1
0 2
0 3
0 4
0 5
0 6
0 7
0 8
0 9
0 10
0 11
0 12
0 13
0 14
0 15
0 16
0 17
0 18
0 19
0 20
0 21
0 22
0 23
0 24
0 25
0 26
0 27
0 28
0 29
0 30
0 31
0 32
0 33
0 34
0 35
0 36
0 37
0 38
0 39
0 40
0 41
0 42
0 43
0 44
0 45
0 46
0 48
0 49
0 50
0 51
0 52
0 53
0 54
0 55
0 56
0 59
0 61
0 62
0 64
0 65
0 66
0 67
0 69
0 70
0 73
0 74
0 75
0 76
0 77
0 78
0 81
0 87
0 88
0 89
0 90
0 97
0 100
0 101
0 103
0 104
0 108
0 109
0 113
0 115
0 116
0 117
0 118
0 119
0 120
0 124
0 125
0 126
0 127
0 130
0 131
0 133
0 134
0 135
0 136
0 138
0 139
0 140
0 142
0 144
0 146
0 150
0 153
0 154
0 159
0 163
0 164
0 165
0 166
0 168
0 172
0 174
0 177
0 180
0 184
0 185
0 186
0 192
0 198
1 34
1 35
1 37
1 38
1 39
1 40
1 41
1 42
1 43
1 44
1 45
1 47
1 48
1 49
1 50
1 51
1 53
1 56
1 57
1 59
1 60
1 61
1 62
1 63
1 64
1 65
1 66
1 67
1 68
1 69
1 70
1 72
1 73
1 75
1 76
1 77
1 81
1 84
1 85
1 90
1 92
1 101
1 103
1 104
1 105
1 123
1 125
1 129
1 132
1 133
1 135
1 137
1 138
1 140
1 142
1 143
1 146
1 149
1 150
1 159
1 160
1 163
1 164
1 165
1 169
1 177
1 178
1 188
2 34
2 35
2 36
2 37
2 40
2 41
2 42
2 43
2 44
2 45
2 46
2 48
2 49
2 50
2 51
2 52
2 54
2 56
2 62
2 68
2 69
2 72
2 75
2 79
2 81
2 88
2 94
2 96
2 102
2 103
2 105
2 108
2 111
2 112
2 116
2 124
2 139
2 144
2 145
2 148
2 155
2 158
2 163
2 165
2 166
2 167
2 170
2 189
2 192
2 195
2 198
3 34
3 35
3 36
3 39
3 41
3 42
3 45
3 46
3 47
3 50
3 52
3 55
3 58
3 61
3 64
3 65
3 68
3 71
3 73
3 74
3 75
3 79
3 80
3 86
3 98
3 103
3 107
3 108
3 114
3 132
3 134
3 142
3 156
3 165
3 176
4 34
4 35
4 36
4 37
4 38
4 39
4 40
4 41
4 42
4 43
4 44
4 48
4 49
4 50
4 51
4 52
4 53
4 54
4 56
4 58
4 60
4 61
4 62
4 64
4 66
4 67
4 68
4 70
4 72
4 74
4 76
4 79
4 80
4 82
4 84
4 85
4 87
4 88
4 89
4 92
4 94
4 99
4 108
4 109
4 114
4 117
4 121
4 127
4 129
4 136
4 141
4 143
4 146
4 147
4 151
4 155
4 159
4 166
4 168
4 173
4 174
4 175
4 178
4 180
4 182
4 183
4 187
5 34
5 35
5 36
5 37
5 38
5 39
5 40
5 41
5 43
5 45
5 46
5 47
5 52
5 55
5 57
5 59
5 64
5 65
5 72
5 74
5 76
5 78
5 80
5 81
5 83
5 87
5 96
5 98
5 99
5 100
5 102
5 103
5 106
5 109
5 113
5 119
5 120
5 128
5 129
5 133
5 136
5 141
5 142
5 144
5 148
5 150
5 160
5 165
5 175
5 177
5 186
5 189
5 191
5 192
5 195
6 34
6 35
6 36
6 37
6 38
6 39
6 40
6 41
6 43
6 45
6 46
6 47
6 48
6 49
6 50
6 51
6 55
6 56
6 57
6 60
6 61
6 62
6 63
6 67
6 68
6 69
6 72
6 82
6 89
6 90
6 94
6 95
6 96
6 108
6 109
6 116
6 118
6 122
6 124
6 127
6 128
6 131
6 137
6 145
6 146
6 154
6 161
6 165
6 173
6 182
6 185
6 187
6 190
6 193
7 34
7 35
7 36
7 37
7 38
7 39
7 40
7 41
7 42
7 43
7 44
7 46
7 48
7 52
7 53
7 56
7 58
7 60
7 61
7 64
7 66
7 67
7 68
7 69
7 71
7 75
7 77
7 80
7 82
7 90
7 98
7 101
7 107
7 108
7 111
7 116
7 117
7 118
7 119
7 123
7 126
7 130
7 131
7 132
7 134
7 136
7 138
7 139
7 143
7 152
7 157
7 159
7 161
7 162
7 163
7 169
7 179
7 182
7 194
8 34
8 35
8 36
8 37
8 39
8 40
8 41
8 42
8 43
8 44
8 45
8 46
8 47
8 48
8 50
8 51
8 53
8 54
8 55
8 56
8 60
8 67
8 74
8 75
8 76
8 77
8 79
8 83
8 84
8 86
8 88
8 93
8 96
8 97
8 100
8 101
8 105
8 107
8 114
8 117
8 119
8 121
8 123
8 127
8 129
8 130
8 131
8 145
8 151
8 155
8 162
8 163
8 164
8 166
8 171
8 176
8 181
8 190
8 191
8 197
9 34
9 35
9 36
9 37
9 38
9 39
9 41
9 42
9 45
9 46
9 47
9 49
9 55
9 58
9 59
9 60
9 63
9 67
9 69
9 76
9 79
9 81
9 83
9 84
9 92
9 93
9 95
9 102
9 104
9 105
9 108
9 109
9 110
9 119
9 124
9 125
9 129
9 131
9 135
9 137
9 142
9 143
9 147
9 148
9 149
9 154
9 155
9 156
9 157
9 166
9 181
9 189
10 34
10 35
10 36
10 38
10 39
10 40
10 42
10 43
10 44
10 45
10 46
10 47
10 48
10 50
10 51
10 52
10 53
10 54
10 55
10 56
10 59
10 60
10 62
10 63
10 65
10 68
10 70
10 74
10 79
10 80
10 90
10 98
10 99
10 102
10 103
10 105
10 130
10 131
10 133
10 140
10 141
10 143
10 153
10 165
10 173
10 191
10 195
11 34
11 35
11 36
11 37
11 38
11 39
11 40
11 41
11 43
11 46
11 48
11 51
11 52
11 54
11 58
11 59
11 61
11 62
11 64
11 67
11 70
11 72
11 81
11 85
11 87
11 100
11 113
11 120
11 124
11 137
11 138
11 139
11 148
11 150
11 152
11 153
11 156
11 157
11 159
11 162
11 163
11 165
11 168
11 178
11 197
12 34
12 35
12 36
12 37
12 39
12 41
12 42
12 44
12 45
12 46
12 49
12 50
12 52
12 54
12 55
12 57
12 60
12 62
12 63
12 65
12 69
12 71
12 72
12 78
12 80
12 87
12 92
12 95
12 97
12 100
12 103
12 111
12 145
12 147
12 152
12 156
12 157
12 170
12 176
12 191
12 192
12 196
13 34
13 35
13 36
13 37
13 39
13 40
13 41
13 42
13 44
13 47
13 48
13 49
13 51
13 52
13 56
13 57
13 58
13 60
13 61
13 68
13 71
13 81
13 82
13 89
13 92
13 93
13 106
13 121
13 135
13 136
13 138
13 143
13 149
13 153
13 166
13 170
13 173
13 179
13 182
13 185
13 197
14 34
14 35
14 36
14 37
14 38
14 39
14 40
14 43
14 44
14 47
14 58
14 59
14 62
14 66
14 72
14 83
14 88
14 95
14 96
14 98
14 123
14 128
14 130
14 141
14 149
14 153
14 167
14 184
14 190
14 195
14 199
15 34
15 35
15 36
15 37
15 38
15 39
15 40
15 41
15 42
15 43
15 44
15 45
15 46
15 49
15 53
15 57
15 58
15 60
15 64
15 69
15 71
15 74
15 77
15 80
15 84
15 86
15 93
15 94
15 105
15 106
15 116
15 122
15 123
15 125
15 134
15 139
15 148
15 172
15 174
16 34
16 35
16 36
16 37
16 38
16 39
16 40
16 42
16 43
16 44
16 47
16 48
16 49
16 50
16 51
16 54
16 55
16 56
16 57
16 58
16 59
16 60
16 63
16 64
16 66
16 67
16 69
16 71
16 73
16 74
16 77
16 81
16 83
16 84
16 87
16 88
16 95
16 96
16 100
16 108
16 109
16 113
16 134
16 136
16 142
16 158
16 172
16 178
16 185
16 188
16 190
16 198
17 34
17 36
17 37
17 38
17 39
17 40
17 41
17 42
17 43
17 44
17 45
17 48
17 49
17 52
17 54
17 55
17 56
17 57
17 59
17 67
17 75
17 78
17 86
17 89
17 93
17 97
17 103
17 104
17 116
17 118
17 119
17 122
17 130
17 148
17 149
17 151
17 155
17 156
17 158
17 177
17 188
17 191
18 35
18 36
18 37
18 38
18 39
18 40
18 43
18 44
18 45
18 46
18 51
18 54
18 56
18 63
18 79
18 86
18 91
18 95
18 99
18 105
18 110
18 111
18 114
18 122
18 131
18 132
18 142
18 144
18 154
18 170
18 176
18 183
18 185
18 189
18 193
18 199
19 34
19 35
19 36
19 37
19 38
19 39
19 40
19 41
19 42
19 43
19 44
19 45
19 46
19 47
19 48
19 49
19 56
19 57
19 59
19 60
19 64
19 67
19 71
19 72
19 73
19 75
19 77
19 82
19 83
19 84
19 85
19 88
19 92
19 95
19 98
19 99
19 104
19 107
19 109
19 110
19 111
19 121
19 124
19 132
19 134
19 138
19 139
19 140
19 146
19 156
19 162
19 163
19 164
19 167
19 169
19 176
19 181
19 183
19 184
19 189
19 190
19 192
19 196
20 34
20 35
20 36
20 37
20 38
20 39
20 40
20 41
20 42
20 43
20 47
20 48
20 49
20 50
20 51
20 56
20 60
20 61
20 62
20 64
20 67
20 70
20 76
20 83
20 84
20 96
20 102
20 119
20 123
20 124
20 128
20 138
20 147
20 148
20 154
20 157
20 158
20 160
20 170
20 172
20 193
20 197
21 34
21 35
21 36
21 37
21 38
21 39
21 40
21 41
21 42
21 43
21 44
21 45
21 46
21 47
21 50
21 51
21 52
21 53
21 55
21 56
21 58
21 59
21 60
21 62
21 63
21 65
21 68
21 70
21 72
21 73
21 74
21 75
21 78
21 79
21 80
21 82
21 89
21 90
21 91
21 93
21 97
21 98
21 99
21 101
21 108
21 112
21 113
21 114
21 117
21 124
21 125
21 126
21 131
21 135
21 136
21 139
21 143
21 147
21 164
21 169
21 186
22 34
22 35
22 37
22 38
22 40
22 42
22 43
22 44
22 47
22 49
22 51
22 54
22 55
22 62
22 63
22 71
22 75
22 76
22 80
22 82
22 83
22 89
22 97
22 101
22 102
22 106
22 108
22 113
22 119
22 122
22 125
22 128
22 133
22 134
22 142
22 143
22 148
22 166
22 181
22 182
22 191
22 192
22 197
22 199
23 34
23 36
23 37
23 38
23 40
23 41
23 42
23 44
23 45
23 46
23 53
23 55
23 57
23 61
23 62
23 65
23 84
23 85
23 86
23 88
23 89
23 95
23 97
23 110
23 113
23 117
23 118
23 121
23 125
23 126
23 132
23 135
23 143
23 146
23 162
23 171
23 176
23 180
23 183
23 193
24 34
24 35
24 36
24 38
24 39
24 40
24 41
24 46
24 47
24 54
24 58
24 61
24 62
24 65
24 67
24 76
24 79
24 86
24 94
24 95
24 97
24 98
24 100
24 102
24 110
24 116
24 120
24 121
24 131
24 141
24 142
24 165
24 177
25 34
25 35
25 36
25 37
25 38
25 39
25 40
25 41
25 42
25 44
25 45
25 47
25 48
25 49
25 51
25 52
25 53
25 55
25 57
25 60
25 66
25 68
25 73
25 74
25 76
25 80
25 81
25 85
25 88
25 89
25 90
25 96
25 98
25 99
25 101
25 104
25 110
25 112
25 113
25 114
25 118
25 134
25 135
25 138
25 146
25 148
25 149
25 157
25 158
25 165
25 167
25 175
25 181
25 186
25 194
25 195
25 196
25 198
26 34
26 35
26 36
26 37
26 38
26 39
26 43
26 45
26 49
26 50
26 53
26 57
26 58
26 59
26 66
26 77
26 79
26 81
26 84
26 86
26 87
26 94
26 99
26 103
26 105
26 107
26 108
26 115
26 116
26 117
26 121
26 133
26 135
26 144
26 149
26 150
26 152
26 156
26 164
26 172
26 194
27 34
27 35
27 36
27 37
27 38
27 39
27 40
27 42
27 44
27 45
27 46
27 48
27 50
27 51
27 53
27 54
27 55
27 57
27 60
27 63
27 68
27 70
27 78
27 81
27 85
27 87
27 88
27 96
27 102
27 109
27 112
27 118
27 124
27 141
27 144
27 152
27 161
27 164
27 173
27 178
27 194
27 198
27 199
28 34
28 35
28 36
28 37
28 38
28 47
28 50
28 55
28 56
28 58
28 61
28 66
28 69
28 70
28 75
28 91
28 100
28 104
28 107
28 114
28 135
28 137
28 140
28 151
28 177
28 183
28 186
29 34
29 35
29 36
29 37
29 38
29 40
29 41
29 43
29 45
29 46
29 47
29 48
29 49
29 50
29 53
29 54
29 55
29 56
29 58
29 60
29 61
29 62
29 64
29 65
29 66
29 67
29 70
29 71
29 72
29 73
29 81
29 82
29 83
29 85
29 87
29 89
29 90
29 93
29 94
29 97
29 98
29 99
29 101
29 102
29 106
29 110
29 113
29 115
29 116
29 120
29 122
29 124
29 125
29 129
29 130
29 133
29 134
29 135
29 138
29 140
29 145
29 150
29 151
29 153
29 155
29 157
29 161
29 166
29 170
29 174
29 175
29 177
29 183
29 184
29 198
30 34
30 35
30 36
30 37
30 38
30 39
30 40
30 41
30 42
30 43
30 44
30 45
30 46
30 47
30 48
30 50
30 52
30 53
30 54
30 55
30 57
30 58
30 62
30 63
30 64
30 68
30 72
30 73
30 74
30 75
30 76
30 77
30 78
30 80
30 82
30 83
30 84
30 87
30 89
30 90
30 92
30 93
30 94
30 95
30 96
30 102
30 107
30 109
30 111
30 112
30 114
30 116
30 117
30 126
30 135
30 136
30 140
30 147
30 150
30 151
30 157
30 165
30 168
30 169
30 175
30 187
30 197
31 34
31 35
31 36
31 38
31 39
31 40
31 41
31 42
31 44
31 45
31 46
31 47
31 48
31 49
31 51
31 52
31 53
31 56
31 57
31 58
31 70
31 75
31 76
31 85
31 92
31 102
31 107
31 121
31 122
31 124
31 126
31 128
31 131
31 139
31 144
31 163
31 166
31 173
31 184
31 186
31 193
32 34
32 35
32 37
32 38
32 39
32 41
32 42
32 43
32 48
32 49
32 50
32 52
32 56
32 64
32 65
32 67
32 68
32 70
32 71
32 73
32 77
32 82
32 83
32 84
32 85
32 86
32 93
32 114
32 115
32 116
32 127
32 133
32 140
32 165
32 188
32 192
33 34
33 35
33 36
33 37
33 38
33 41
33 42
33 43
33 44
33 45
33 47
33 48
33 49
33 51
33 52
33 53
33 60
33 61
33 63
33 64
33 65
33 66
33 67
33 68
33 70
33 73
33 75
33 78
33 84
33 86
33 87
33 94
33 97
33 103
33 106
33 107
33 110
33 114
33 128
33 134
33 135
33 137
33 155
33 164
33 165
33 172
33 179
33 183
33 198
34 35
34 36
34 37
34 38
34 39
34 40
34 41
34 42
34 43
34 44
34 45
34 46
34 47
34 48
34 49
34 50
34 51
34 52
34 53
34 54
34 55
34 56
34 57
34 58
34 59
34 60
34 61
34 62
34 63
34 65
34 66
34 68
34 69
34 70
34 71
34 72
34 73
34 74
34 76
34 78
34 79
34 80
34 81
34 82
34 83
34 84
34 86
34 87
34 89
34 91
34 92
34 93
34 95
34 96
34 97
34 98
34 100
34 101
34 107
34 108
34 109
34 110
34 114
34 115
34 116
34 117
34 118
34 119
34 120
34 122
34 123
34 125
34 126
34 127
34 129
34 131
34 132
34 134
34 137
34 138
34 140
34 142
34 145
34 148
34 150
34 151
34 155
34 160
34 162
34 163
34 166
34 167
34 178
34 179
34 183
34 184
34 185
34 187
34 189
34 190
34 191
34 193
34 194
34 195
34 197
35 36
35 37
35 38
35 39
35 40
35 41
35 42
35 43
35 44
35 45
35 46
35 47
35 49
35 50
35 51
35 52
35 53
35 55
35 56
35 57
35 58
35 59
35 60
35 62
35 64
35 66
35 67
35 69
35 72
35 75
35 78
35 79
35 83
35 84
35 85
35 89
35 90
35 94
35 97
35 100
35 101
35 104
35 105
35 107
35 108
35 110
35 112
35 114
35 117
35 118
35 119
35 121
35 125
35 126
35 128
35 130
35 131
35 132
35 134
35 136
35 137
35 142
35 147
35 148
35 149
35 155
35 156
35 158
35 159
35 160
35 161
35 162
35 166
35 167
35 171
35 172
35 174
35 178
35 179
35 180
35 182
35 187
35 189
35 194
35 195
35 197
36 37
36 38
36 39
36 40
36 41
36 42
36 43
36 44
36 45
36 46
36 47
36 48
36 49
36 50
36 51
36 53
36 54
36 55
36 56
36 57
36 58
36 59
36 60
36 61
36 62
36 63
36 64
36 65
36 66
36 69
36 70
36 71
36 72
36 73
36 75
36 76
36 77
36 78
36 80
36 82
36 83
36 85
36 86
36 88
36 91
36 97
36 98
36 99
36 101
36 103
36 104
36 108
36 109
36 111
36 114
36 115
36 116
36 118
36 119
36 121
36 122
36 126
36 131
36 133
36 138
36 139
36 140
36 141
36 142
36 143
36 146
36 147
36 150
36 151
36 152
36 154
36 156
36 162
36 165
36 172
36 174
36 179
36 182
36 185
36 189
36 195
36 197
36 199
37 38
37 39
37 40
37 41
37 42
37 43
37 44
37 45
37 46
37 47
37 48
37 50
37 51
37 52
37 53
37 54
37 55
37 56
37 58
37 59
37 61
37 62
37 63
37 64
37 65
37 66
37 67
37 68
37 69
37 70
37 72
37 75
37 76
37 78
37 79
37 80
37 83
37 86
37 88
37 91
37 93
37 96
37 97
37 100
37 101
37 102
37 105
37 106
37 109
37 111
37 112
37 114
37 115
37 117
37 121
37 123
37 124
37 126
37 127
37 129
37 130
37 131
37 132
37 133
37 136
37 140
37 142
37 143
37 148
37 150
37 154
37 157
37 158
37 160
37 162
37 163
37 165
37 166
37 170
37 172
37 173
37 175
37 176
37 189
37 194
37 196
37 198
37 199
38 39
38 40
38 41
38 42
38 43
38 44
38 45
38 46
38 48
38 49
38 50
38 51
38 52
38 53
38 54
38 55
38 56
38 57
38 59
38 62
38 63
38 64
38 65
38 66
38 69
38 71
38 72
38 74
38 75
38 76
38 81
38 82
38 91
38 92
38 94
38 100
38 103
38 105
38 106
38 113
38 121
38 122
38 125
38 126
38 127
38 129
38 130
38 133
38 137
38 142
38 147
38 148
38 158
38 159
38 163
38 168
38 170
38 178
38 184
38 193
38 196
39 40
39 41
39 42
39 43
39 44
39 45
39 46
39 47
39 48
39 49
39 50
39 51
39 53
39 54
39 56
39 57
39 58
39 59
39 61
39 63
39 64
39 65
39 66
39 69
39 75
39 78
39 80
39 81
39 82
39 83
39 85
39 86
39 87
39 88
39 89
39 90
39 91
39 92
39 94
39 95
39 96
39 98
39 99
39 101
39 102
39 103
39 104
39 105
39 106
39 109
39 111
39 112
39 114
39 115
39 116
39 118
39 122
39 123
39 125
39 127
39 128
39 130
39 132
39 133
39 136
39 137
39 142
39 143
39 147
39 151
39 153
39 156
39 157
39 159
39 162
39 163
39 167
39 168
39 169
39 172
39 174
39 177
39 181
39 182
39 184
39 186
39 188
39 191
39 193
39 195
39 197
40 41
40 42
40 43
40 44
40 45
40 46
40 47
40 48
40 49
40 50
40 51
40 52
40 53
40 54
40 55
40 56
40 57
40 59
40 60
40 61
40 62
40 63
40 64
40 65
40 66
40 67
40 70
40 71
40 72
40 73
40 74
40 76
40 78
40 79
40 80
40 85
40 86
40 87
40 89
40 91
40 93
40 96
40 97
40 99
40 100
40 101
40 103
40 106
40 107
40 109
40 112
40 114
40 115
40 116
40 117
40 119
40 120
40 121
40 129
40 130
40 135
40 139
40 142
40 145
40 151
40 154
40 155
40 157
40 159
40 160
40 166
40 169
40 171
40 174
40 175
40 181
40 186
40 190
40 199
41 42
41 43
41 44
41 46
41 47
41 48
41 49
41 50
41 51
41 52
41 53
41 54
41 55
41 57
41 58
41 59
41 60
41 61
41 62
41 65
41 66
41 67
41 68
41 69
41 71
41 72
41 73
41 75
41 76
41 78
41 79
41 80
41 81
41 82
41 83
41 84
41 87
41 88
41 93
41 98
41 100
41 101
41 102
41 103
41 104
41 105
41 113
41 114
41 120
41 121
41 122
41 126
41 128
41 135
41 136
41 137
41 140
41 143
41 144
41 148
41 149
41 155
41 160
41 166
41 168
41 170
41 171
41 178
41 180
41 183
41 185
41 189
41 191
41 193
41 199
42 43
42 44
42 45
42 46
42 47
42 48
42 49
42 50
42 51
42 52
42 53
42 54
42 55
42 56
42 57
42 58
42 59
42 60
42 64
42 65
42 68
42 69
42 70
42 74
42 76
42 77
42 82
42 85
42 87
42 89
42 102
42 104
42 105
42 106
42 107
42 108
42 109
42 112
42 114
42 116
42 118
42 119
42 125
42 127
42 130
42 131
42 132
42 133
42 135
42 136
42 138
42 148
42 150
42 152
42 154
42 155
42 156
42 158
42 164
42 168
42 173
42 175
42 177
42 188
42 193
43 44
43 45
43 46
43 47
43 48
43 49
43 50
43 51
43 52
43 53
43 54
43 55
43 56
43 57
43 58
43 60
43 61
43 62
43 63
43 64
43 65
43 66
43 68
43 69
43 70
43 71
43 72
43 73
43 74
43 75
43 76
43 78
43 81
43 83
43 84
43 86
43 88
43 89
43 90
43 91
43 92
43 93
43 94
43 97
43 98
43 99
43 108
43 110
43 111
43 112
43 114
43 118
43 119
43 120
43 122
43 123
43 126
43 128
43 132
43 134
43 137
43 139
43 140
43 141
43 143
43 145
43 146
43 148
43 149
43 151
43 155
43 161
43 164
43 167
43 168
43 171
43 172
43 175
43 179
43 183
43 184
43 185
43 187
43 190
43 191
43 192
43 193
43 194
43 195
43 196
43 198
43 199
44 45
44 46
44 47
44 49
44 50
44 51
44 52
44 53
44 54
44 57
44 58
44 60
44 63
44 64
44 65
44 67
44 68
44 69
44 71
44 72
44 73
44 74
44 76
44 77
44 78
44 80
44 82
44 85
44 86
44 89
44 91
44 94
44 95
44 96
44 97
44 104
44 106
44 111
44 112
44 119
44 120
44 121
44 122
44 134
44 136
44 138
44 141
44 149
44 150
44 153
44 158
44 159
44 160
44 163
44 164
44 176
44 177
44 181
44 188
44 191
44 192
44 193
44 199
45 46
45 47
45 48
45 50
45 52
45 54
45 56
45 57
45 58
45 59
45 60
45 62
45 63
45 64
45 65
45 66
45 67
45 69
45 72
45 73
45 74
45 75
45 78
45 79
45 80
45 84
45 85
45 87
45 89
45 90
45 91
45 92
45 93
45 95
45 97
45 99
45 100
45 101
45 102
45 104
45 105
45 107
45 109
45 110
45 111
45 113
45 117
45 123
45 125
45 127
45 133
45 134
45 135
45 138
45 139
45 140
45 141
45 142
45 145
45 146
45 147
45 153
45 155
45 156
45 158
45 159
45 160
45 161
45 162
45 165
45 170
45 175
45 181
45 184
45 187
45 188
45 191
45 194
45 195
46 47
46 48
46 49
46 50
46 51
46 52
46 53
46 54
46 55
46 56
46 57
46 59
46 61
46 62
46 63
46 64
46 65
46 68
46 69
46 70
46 71
46 73
46 76
46 79
46 86
46 88
46 91
46 94
46 95
46 96
46 97
46 99
46 100
46 104
46 105
46 106
46 109
46 110
46 112
46 113
46 117
46 121
46 122
46 123
46 124
46 125
46 126
46 129
46 130
46 131
46 132
46 133
46 134
46 138
46 139
46 141
46 144
46 151
46 152
46 156
46 158
46 159
46 163
46 165
46 169
46 177
46 179
46 181
46 186
47 48
47 49
47 50
47 51
47 52
47 53
47 54
47 55
47 56
47 57
47 58
47 59
47 60
47 62
47 63
47 65
47 66
47 67
47 68
47 69
47 71
47 74
47 76
47 77
47 78
47 79
47 80
47 83
47 85
47 87
47 88
47 89
47 90
47 92
47 95
47 99
47 101
47 102
47 107
47 109
47 110
47 112
47 113
47 117
47 118
47 125
47 126
47 130
47 132
47 133
47 136
47 138
47 139
47 145
47 146
47 149
47 153
47 154
47 155
47 157
47 161
47 166
47 167
47 169
47 172
47 183
47 186
47 192
47 196
47 199
48 49
48 50
48 52
48 53
48 54
48 55
48 57
48 58
48 59
48 61
48 62
48 63
48 65
48 66
48 67
48 69
48 71
48 75
48 77
48 80
48 81
48 82
48 84
48 89
48 93
48 95
48 96
48 97
48 98
48 100
48 102
48 104
48 106
48 107
48 111
48 113
48 115
48 116
48 117
48 120
48 122
48 124
48 126
48 129
48 130
48 131
48 132
48 133
48 134
48 135
48 136
48 137
48 140
48 159
48 160
48 162
48 164
48 166
48 172
48 176
48 183
48 187
48 193
48 194
48 195
49 51
49 52
49 53
49 54
49 61
49 62
49 63
49 65
49 66
49 67
49 68
49 70
49 73
49 74
49 77
49 83
49 85
49 88
49 89
49 92
49 94
49 98
49 99
49 100
49 101
49 103
49 106
49 108
49 110
49 115
49 117
49 120
49 122
49 125
49 126
49 128
49 129
49 138
49 139
49 142
49 146
49 150
49 152
49 153
49 158
49 159
49 161
49 163
49 164
49 169
49 170
49 171
49 173
49 178
49 182
49 183
49 188
49 193
49 198
49 199
50 51
50 52
50 53
50 54
50 56
50 57
50 59
50 60
50 61
50 64
50 67
50 68
50 71
50 72
50 73
50 75
50 77
50 79
50 80
50 82
50 83
50 84
50 86
50 87
50 88
50 89
50 91
50 92
50 93
50 96
50 97
50 99
50 101
50 112
50 117
50 118
50 121
50 123
50 130
50 133
50 139
50 140
50 152
50 153
50 154
50 156
50 157
50 170
50 174
50 180
50 189
50 197
50 198
51 52
51 55
51 57
51 58
51 59
51 60
51 61
51 62
51 63
51 64
51 66
51 70
51 71
51 72
51 73
51 74
51 76
51 77
51 82
51 84
51 85
51 91
51 92
51 93
51 95
51 96
51 101
51 103
51 105
51 107
51 112
51 115
51 119
51 120
51 123
51 127
51 129
51 138
51 140
51 142
51 143
51 153
51 155
51 156
51 157
51 160
51 162
51 167
51 169
51 171
51 173
51 174
51 176
51 178
51 179
51 184
51 196
52 53
52 54
52 55
52 58
52 59
52 61
52 62
52 63
52 64
52 65
52 66
52 68
52 70
52 76
52 78
52 81
52 82
52 87
52 89
52 92
52 93
52 94
52 98
52 100
52 103
52 110
52 114
52 116
52 117
52 118
52 120
52 126
52 132
52 133
52 136
52 144
52 146
52 162
52 167
52 175
52 176
52 177
52 182
52 184
52 190
52 191
52 192
52 195
52 198
53 54
53 55
53 56
53 57
53 58
53 59
53 61
53 63
53 64
53 66
53 67
53 68
53 69
53 70
53 71
53 74
53 76
53 77
53 79
53 80
53 81
53 82
53 83
53 86
53 87
53 89
53 90
53 92
53 94
53 98
53 100
53 102
53 105
53 106
53 108
53 110
53 112
53 113
53 115
53 118
53 123
53 125
53 126
53 127
53 129
53 130
53 131
53 132
53 136
53 141
53 143
53 144
53 145
53 146
53 156
53 157
53 166
53 167
53 169
53 170
53 175
53 176
53 180
53 182
53 190
53 192
53 195
53 197
53 198
54 58
54 59
54 61
54 65
54 66
54 68
54 70
54 72
54 74
54 75
54 76
54 77
54 78
54 79
54 83
54 89
54 91
54 92
54 93
54 95
54 97
54 99
54 102
54 104
54 105
54 106
54 107
54 108
54 109
54 110
54 113
54 118
54 125
54 127
54 128
54 131
54 133
54 137
54 138
54 141
54 144
54 149
54 152
54 153
54 154
54 156
54 157
54 160
54 161
54 167
54 171
54 174
54 175
54 185
54 194
54 195
55 57
55 60
55 61
55 63
55 64
55 65
55 66
55 67
55 71
55 72
55 77
55 78
55 82
55 83
55 84
55 85
55 87
55 92
55 101
55 106
55 109
55 115
55 119
55 123
55 129
55 138
55 141
55 144
55 146
55 147
55 152
55 157
55 160
55 173
55 175
55 176
55 180
55 187
55 188
56 58
56 59
56 60
56 61
56 66
56 67
56 68
56 70
56 72
56 73
56 75
56 80
56 83
56 85
56 88
56 91
56 94
56 97
56 99
56 100
56 104
56 105
56 106
56 108
56 110
56 114
56 117
56 119
56 120
56 121
56 126
56 128
56 133
56 134
56 136
56 145
56 147
56 159
56 160
56 161
56 163
56 172
56 185
56 189
56 193
57 59
57 60
57 61
57 69
57 70
57 71
57 72
57 74
57 78
57 80
57 82
57 86
57 90
57 93
57 94
57 98
57 103
57 107
57 111
57 113
57 120
57 125
57 126
57 128
57 133
57 136
57 137
57 139
57 140
57 142
57 144
57 149
57 152
57 155
57 156
57 165
57 172
57 173
57 176
58 59
58 63
58 66
58 69
58 71
58 74
58 77
58 79
58 81
58 82
58 83
58 86
58 88
58 91
58 94
58 102
58 103
58 104
58 105
58 107
58 110
58 112
58 125
58 132
58 138
58 140
58 144
58 146
58 149
58 153
58 155
58 158
58 162
58 165
58 166
58 167
58 180
58 183
58 196
58 199
59 62
59 63
59 65
59 66
59 67
59 69
59 70
59 71
59 75
59 76
59 77
59 78
59 80
59 81
59 82
59 85
59 90
59 91
59 93
59 100
59 102
59 103
59 104
59 112
59 115
59 117
59 120
59 121
59 124
59 125
59 127
59 129
59 130
59 131
59 134
59 135
59 137
59 138
59 145
59 147
59 153
59 158
59 159
59 162
59 169
59 170
59 171
59 172
59 179
59 181
59 184
59 185
59 192
59 193
59 194
59 195
59 198
59 199
60 61
60 62
60 63
60 68
60 69
60 70
60 73
60 74
60 75
60 83
60 84
60 85
60 88
60 90
60 91
60 93
60 96
60 99
60 102
60 106
60 110
60 111
60 117
60 120
60 123
60 126
60 132
60 133
60 134
60 139
60 143
60 147
60 148
60 154
60 157
60 167
60 170
60 174
60 181
60 189
60 190
60 191
61 63
61 64
61 65
61 66
61 67
61 69
61 70
61 72
61 73
61 74
61 75
61 76
61 77
61 78
61 79
61 80
61 82
61 84
61 85
61 87
61 88
61 90
61 91
61 93
61 94
61 95
61 99
61 101
61 102
61 105
61 106
61 107
61 109
61 111
61 113
61 115
61 116
61 117
61 122
61 128
61 131
61 137
61 144
61 146
61 147
61 148
61 152
61 153
61 154
61 155
61 157
61 161
61 163
61 164
61 167
61 168
61 169
61 170
61 172
61 175
61 176
61 177
61 179
61 181
61 185
61 188
61 191
61 192
61 195
61 196
61 197
61 199
62 64
62 65
62 77
62 79
62 82
62 87
62 90
62 92
62 94
62 101
62 103
62 106
62 107
62 116
62 119
62 120
62 121
62 122
62 134
62 135
62 137
62 141
62 145
62 148
62 152
62 156
62 161
62 165
62 171
62 178
62 185
62 187
62 189
62 195
63 67
63 68
63 69
63 70
63 71
63 72
63 73
63 78
63 79
63 80
63 84
63 85
63 88
63 89
63 90
63 91
63 93
63 95
63 96
63 98
63 99
63 100
63 102
63 104
63 108
63 110
63 114
63 116
63 122
63 124
63 125
63 127
63 128
63 129
63 130
63 132
63 143
63 147
63 148
63 150
63 151
63 153
63 155
63 161
63 167
63 171
63 172
63 177
63 180
63 185
63 188
63 191
63 192
64 67
64 68
64 71
64 72
64 77
64 79
64 83
64 86
64 88
64 89
64 96
64 97
64 98
64 99
64 100
64 101
64 103
64 104
64 105
64 107
64 108
64 111
64 114
64 116
64 118
64 120
64 122
64 131
64 133
64 146
64 149
64 154
64 158
64 162
64 163
64 164
64 165
64 168
64 169
64 170
64 179
64 184
64 188
64 190
64 192
64 197
65 69
65 70
65 71
65 73
65 74
65 77
65 78
65 79
65 80
65 81
65 82
65 83
65 85
65 86
65 96
65 97
65 98
65 100
65 106
65 115
65 122
65 124
65 128
65 132
65 135
65 138
65 141
65 144
65 146
65 149
65 159
65 161
65 166
65 168
65 173
65 177
65 180
65 187
65 188
65 189
65 194
66 68
66 69
66 71
66 75
66 76
66 79
66 80
66 81
66 82
66 84
66 85
66 86
66 88
66 95
66 98
66 107
66 110
66 111
66 113
66 114
66 116
66 118
66 120
66 124
66 127
66 128
66 131
66 133
66 137
66 151
66 154
66 161
66 163
66 167
66 169
66 175
66 183
66 184
66 185
66 189
66 198
67 68
67 73
67 74
67 75
67 85
67 86
67 89
67 90
67 93
67 96
67 99
67 100
67 105
67 106
67 108
67 113
67 118
67 122
67 123
67 132
67 136
67 137
67 141
67 147
67 148
67 153
67 158
67 160
67 163
67 169
67 170
67 173
67 174
67 175
67 179
67 183
67 189
67 196
68 70
68 71
68 72
68 73
68 74
68 78
68 80
68 81
68 87
68 88
68 89
68 90
68 92
68 94
68 95
68 105
68 106
68 107
68 108
68 109
68 111
68 114
68 117
68 119
68 122
68 123
68 124
68 125
68 127
68 128
68 137
68 138
68 143
68 145
68 150
68 151
68 152
68 153
68 154
68 170
68 174
68 196
69 72
69 73
69 77
69 78
69 79
69 81
69 84
69 90
69 91
69 94
69 97
69 99
69 100
69 101
69 105
69 106
69 108
69 114
69 120
69 123
69 124
69 127
69 128
69 133
69 139
69 143
69 146
69 152
69 153
69 155
69 178
69 179
69 180
69 181
69 182
69 192
69 196
69 198
70 71
70 73
70 75
70 76
70 81
70 86
70 90
70 92
70 100
70 101
70 110
70 111
70 114
70 115
70 117
70 123
70 127
70 128
70 129
70 130
70 136
70 137
70 140
70 141
70 150
70 152
70 153
70 160
70 174
70 179
70 180
70 184
70 185
70 186
70 187
70 189
70 192
70 194
70 198
70 199
71 73
71 74
71 76
71 77
71 79
71 81
71 87
71 92
71 94
71 95
71 103
71 107
71 110
71 111
71 112
71 113
71 115
71 117
71 118
71 120
71 125
71 128
71 130
71 131
71 132
71 136
71 139
71 140
71 142
71 147
71 148
71 152
71 163
71 172
71 179
71 180
71 189
71 190
71 195
71 196
71 199
72 73
72 74
72 75
72 77
72 78
72 79
72 81
72 83
72 84
72 89
72 92
72 93
72 95
72 101
72 106
72 112
72 114
72 118
72 119
72 121
72 122
72 123
72 129
72 137
72 141
72 143
72 144
72 145
72 156
72 159
72 160
72 166
72 167
72 168
72 173
72 174
72 179
72 184
72 188
72 198
72 199
73 74
73 78
73 79
73 81
73 88
73 90
73 96
73 100
73 103
73 104
73 110
73 114
73 118
73 121
73 130
73 131
73 140
73 142
73 146
73 149
73 150
73 178
73 191
74 77
74 81
74 82
74 85
74 86
74 87
74 89
74 92
74 94
74 95
74 97
74 98
74 105
74 109
74 111
74 113
74 116
74 128
74 129
74 134
74 138
74 143
74 144
74 146
74 152
74 155
74 157
74 171
74 176
74 178
74 183
74 188
74 191
74 193
74 194
74 199
75 76
75 77
75 78
75 81
75 86
75 87
75 88
75 90
75 92
75 93
75 94
75 96
75 97
75 99
75 101
75 104
75 106
75 108
75 111
75 112
75 115
75 116
75 118
75 120
75 122
75 128
75 132
75 139
75 141
75 145
75 146
75 147
75 150
75 154
75 157
75 163
75 164
75 172
75 176
75 180
75 181
75 183
75 184
75 185
75 196
75 197
75 198
76 77
76 78
76 79
76 82
76 85
76 86
76 87
76 88
76 90
76 93
76 96
76 97
76 98
76 99
76 109
76 119
76 124
76 126
76 127
76 128
76 134
76 140
76 142
76 148
76 152
76 156
76 173
76 180
76 183
76 188
76 198
77 80
77 82
77 84
77 90
77 93
77 94
77 95
77 96
77 97
77 100
77 101
77 102
77 105
77 119
77 122
77 123
77 130
77 133
77 140
77 143
77 145
77 150
77 151
77 152
77 153
77 154
77 157
77 162
77 164
77 166
77 169
77 171
77 172
77 174
77 175
77 178
77 184
77 186
77 194
77 196
77 197
78 83
78 84
78 85
78 87
78 90
78 91
78 93
78 94
78 104
78 106
78 115
78 121
78 124
78 125
78 131
78 132
78 135
78 146
78 155
78 157
78 158
78 159
78 166
78 168
78 178
78 183
78 187
78 189
78 194
79 80
79 84
79 87
79 88
79 91
79 92
79 108
79 112
79 121
79 125
79 126
79 127
79 128
79 129
79 141
79 143
79 144
79 145
79 151
79 155
79 163
79 167
79 168
79 170
79 171
79 172
79 175
79 179
79 182
79 185
79 188
79 189
79 190
79 194
80 81
80 83
80 90
80 91
80 98
80 99
80 100
80 102
80 103
80 109
80 115
80 128
80 129
80 134
80 136
80 142
80 144
80 149
80 153
80 158
80 160
80 163
80 170
80 171
80 172
80 174
80 181
80 183
80 187
80 188
81 83
81 84
81 85
81 91
81 94
81 102
81 107
81 109
81 110
81 112
81 129
81 139
81 141
81 143
81 146
81 150
81 151
81 152
81 153
81 155
81 157
81 158
81 164
81 171
81 180
81 182
81 184
81 189
81 190
81 191
81 192
81 193
81 194
81 197
82 86
82 87
82 88
82 89
82 91
82 92
82 96
82 97
82 100
82 103
82 104
82 106
82 117
82 120
82 129
82 130
82 132
82 134
82 141
82 142
82 143
82 147
82 148
82 154
82 155
82 170
82 171
82 177
82 178
82 185
82 193
83 84
83 91
83 92
83 96
83 98
83 107
83 113
83 118
83 119
83 123
83 126
83 128
83 133
83 135
83 138
83 146
83 150
83 155
83 167
83 170
83 176
83 177
83 181
83 184
83 189
83 193
83 194
84 86
84 91
84 93
84 95
84 99
84 104
84 115
84 119
84 127
84 134
84 139
84 142
84 144
84 150
84 151
84 153
84 154
84 156
84 157
84 161
84 166
84 168
84 173
84 175
84 179
84 182
84 187
84 192
84 195
85 86
85 87
85 94
85 101
85 104
85 108
85 110
85 112
85 116
85 118
85 120
85 121
85 136
85 137
85 145
85 147
85 150
85 152
85 156
85 164
85 168
85 169
85 177
85 180
85 189
85 198
86 90
86 91
86 94
86 102
86 104
86 112
86 113
86 118
86 122
86 124
86 127
86 132
86 140
86 141
86 158
86 160
86 180
86 182
86 186
86 191
86 199
87 88
87 90
87 91
87 93
87 95
87 99
87 101
87 103
87 108
87 113
87 115
87 117
87 119
87 130
87 135
87 136
87 139
87 155
87 156
87 159
87 160
87 163
87 167
87 168
87 173
87 174
87 185
87 188
87 196
87 197
88 98
88 104
88 105
88 111
88 115
88 119
88 122
88 124
88 125
88 130
88 146
88 156
88 159
88 164
88 165
88 166
88 171
88 177
88 179
88 186
88 194
88 196
89 91
89 95
89 105
89 108
89 109
89 111
89 114
89 115
89 116
89 117
89 119
89 121
89 125
89 127
89 130
89 131
89 132
89 137
89 139
89 140
89 143
89 145
89 147
89 150
89 162
89 167
89 169
89 174
89 182
89 187
89 188
89 198
90 92
90 95
90 97
90 98
90 117
90 120
90 128
90 137
90 141
90 142
90 158
90 168
90 176
90 195
90 196
91 92
91 95
91 96
91 97
91 100
91 103
91 107
91 112
91 115
91 124
91 137
91 139
91 147
91 155
91 161
91 162
91 165
91 172
91 174
91 185
91 189
91 191
91 199
92 95
92 96
92 106
92 107
92 113
92 116
92 117
92 122
92 127
92 130
92 135
92 136
92 145
92 151
92 153
92 160
92 171
92 172
92 175
92 188
93 104
93 112
93 113
93 117
93 119
93 123
93 125
93 126
93 128
93 131
93 138
93 141
93 148
93 150
93 162
93 171
93 181
93 195
94 96
94 98
94 105
94 111
94 114
94 116
94 118
94 121
94 123
94 130
94 137
94 146
94 147
94 149
94 154
94 155
94 157
94 161
94 164
94 183
94 187
94 188
94 191
94 192
94 197
95 98
95 99
95 102
95 106
95 109
95 110
95 111
95 113
95 115
95 121
95 122
95 126
95 127
95 129
95 139
95 145
95 146
95 147
95 149
95 154
95 166
95 179
95 180
95 190
95 194
95 197
96 98
96 99
96 102
96 105
96 109
96 111
96 112
96 113
96 114
96 116
96 117
96 119
96 124
96 127
96 128
96 138
96 142
96 149
96 152
96 154
96 161
96 167
96 173
96 180
96 184
96 186
96 188
96 196
97 103
97 104
97 110
97 111
97 113
97 118
97 119
97 120
97 129
97 133
97 135
97 137
97 139
97 140
97 142
97 166
97 180
97 185
97 187
97 195
98 101
98 102
98 103
98 110
98 114
98 129
98 134
98 136
98 145
98 151
98 162
98 164
98 173
98 175
98 176
98 179
98 181
98 184
98 190
98 192
99 103
99 105
99 108
99 109
99 131
99 134
99 136
99 140
99 141
99 144
99 175
100 101
100 102
100 103
100 107
100 112
100 121
100 125
100 129
100 131
100 132
100 139
100 140
100 143
100 146
100 152
100 154
100 159
100 164
100 185
100 192
100 194
101 106
101 109
101 121
101 122
101 129
101 135
101 151
101 158
101 160
101 161
101 162
101 173
101 181
101 190
101 194
102 104
102 108
102 109
102 119
102 147
102 164
102 171
102 174
102 184
103 107
103 110
103 120
103 121
103 123
103 124
103 148
103 154
103 161
103 162
103 168
103 171
103 173
103 178
103 183
103 195
103 197
104 107
104 111
104 118
104 121
104 148
104 161
104 170
104 177
104 178
104 187
104 191
105 108
105 111
105 124
105 126
105 133
105 135
105 141
105 144
105 145
105 149
105 151
105 158
105 167
105 169
105 183
105 186
105 189
106 109
106 112
106 115
106 119
106 131
106 135
106 141
106 142
106 143
106 145
106 149
106 169
106 174
106 181
106 184
106 186
106 187
106 197
106 199
107 112
107 123
107 126
107 129
107 136
107 148
107 150
107 163
107 164
107 166
107 172
107 176
107 178
107 179
107 182
107 185
107 187
107 193
108 110
108 111
108 115
108 116
108 120
108 122
108 126
108 132
108 136
108 142
108 152
108 159
108 164
108 167
108 177
108 189
108 196
109 111
109 120
109 124
109 147
109 159
109 160
109 161
109 167
109 170
109 179
109 186
109 190
109 193
109 194
109 195
110 112
110 115
110 116
110 120
110 123
110 143
110 159
110 161
110 168
110 174
110 186
110 193
110 195
110 199
111 113
111 118
111 123
111 124
111 127
111 131
111 133
111 137
111 139
111 141
111 142
111 144
111 148
111 156
111 157
111 160
111 165
111 169
111 171
111 177
111 181
111 199
112 113
112 115
112 121
112 123
112 144
112 148
112 152
112 158
112 184
112 186
112 190
112 192
112 193
112 196
113 116
113 123
113 124
113 133
113 146
113 151
113 154
113 158
113 161
113 164
113 166
113 169
113 173
113 175
113 176
113 177
113 179
113 181
113 187
113 192
113 193
113 198
114 115
114 125
114 127
114 138
114 152
114 153
114 156
114 157
114 162
114 166
114 167
114 169
114 179
114 187
114 189
114 190
115 118
115 120
115 124
115 135
115 137
115 139
115 157
115 160
115 162
115 168
115 188
115 192
115 194
115 197
116 130
116 140
116 144
116 151
116 153
116 155
116 157
116 161
116 170
116 173
116 187
117 123
117 125
117 133
117 143
117 144
117 145
117 147
117 168
117 170
117 173
117 187
117 193
118 138
118 153
118 158
118 167
118 180
118 182
118 186
119 124
119 126
119 127
119 134
119 138
119 144
119 149
119 155
119 165
119 176
119 177
119 182
119 187
119 190
119 192
119 196
120 127
120 129
120 132
120 134
120 144
120 145
120 151
120 157
120 158
120 165
120 168
120 174
120 175
120 177
120 181
120 182
120 184
120 188
120 196
121 126
121 140
121 147
121 151
121 152
121 159
121 160
121 163
121 164
121 165
121 173
121 186
121 197
121 198
122 128
122 131
122 136
122 143
122 144
122 145
122 149
122 154
122 159
122 160
122 162
122 165
122 167
122 172
122 175
122 179
122 187
123 127
123 130
123 137
123 156
123 168
123 178
123 185
123 186
124 134
124 135
124 136
124 139
124 146
124 149
124 151
124 156
124 158
124 161
124 165
124 172
124 177
124 198
124 199
125 126
125 130
125 134
125 147
125 162
125 169
125 178
125 181
125 182
125 188
125 191
125 192
125 196
126 129
126 139
126 140
126 145
126 174
126 177
126 178
126 195
127 143
127 148
127 149
127 150
127 151
127 154
127 159
127 164
127 172
127 173
127 174
127 175
127 186
128 132
128 134
128 141
128 142
128 145
128 149
128 151
128 158
128 162
128 173
128 180
128 182
128 185
129 138
129 147
129 165
129 171
129 189
129 197
130 132
130 135
130 150
130 153
130 154
130 180
130 181
130 192
131 144
131 146
131 148
131 149
131 152
131 158
131 159
131 168
131 175
131 178
131 180
131 183
131 192
131 198
132 135
132 141
132 149
132 161
132 167
132 184
132 193
132 197
132 198
133 162
133 163
133 164
133 168
133 180
133 188
133 190
133 191
133 196
134 135
134 150
134 169
134 170
134 171
134 173
134 182
134 183
134 199
135 141
135 151
135 168
135 170
135 177
135 178
135 190
135 193
136 137
136 138
136 148
136 150
136 169
136 171
136 179
136 180
136 181
136 182
136 185
136 191
137 151
137 156
137 169
137 176
137 179
137 183
138 140
138 145
138 153
138 155
138 159
138 161
138 169
138 171
138 175
138 176
138 182
139 157
139 166
139 173
139 176
139 181
139 184
139 197
140 149
140 156
140 158
140 171
140 178
140 189
140 199
141 153
141 172
141 187
141 194
141 198
142 144
142 150
142 152
142 154
142 160
142 169
142 178
142 179
142 182
142 194
143 147
143 150
143 160
143 161
143 184
143 185
144 145
144 159
144 176
144 183
145 149
145 150
145 160
145 172
145 178
145 190
146 180
146 182
146 190
146 197
147 151
147 156
147 159
147 162
147 163
147 168
147 173
147 174
147 179
147 183
147 193
147 195
147 196
147 199
148 152
148 157
148 159
148 168
148 170
148 181
148 182
148 191
148 194
148 195
149 156
149 164
149 166
149 167
149 176
149 186
149 192
149 199
150 160
150 163
150 165
150 166
150 169
150 174
150 183
150 186
151 154
151 161
151 162
151 169
151 170
151 194
152 164
152 172
152 177
152 182
152 199
153 154
153 158
153 164
153 165
153 176
153 178
153 184
154 163
154 168
154 170
154 172
154 176
154 184
154 186
155 166
155 186
156 161
156 163
156 168
156 171
157 168
157 175
157 177
157 179
157 186
157 189
157 191
157 197
158 160
158 174
158 176
158 189
159 162
159 163
159 175
159 176
159 177
159 179
159 180
159 181
159 182
159 191
159 194
159 196
159 197
160 178
160 183
160 190
160 191
161 170
162 184
163 171
163 174
163 190
163 197
164 165
164 182
164 191
164 192
165 167
165 174
165 178
165 189
166 171
166 173
166 175
166 187
166 188
166 195
167 171
167 177
167 178
167 185
167 186
167 190
168 183
168 199
169 180
169 186
169 187
170 173
170 186
170 196
170 198
171 177
171 187
172 180
172 190
172 193
172 198
172 199
173 174
173 175
173 181
173 185
173 190
173 196
174 176
174 186
174 188
174 196
174 198
175 180
175 197
176 187
176 191
177 181
177 190
178 182
178 183
179 181
179 188
180 197
181 185
181 191
182 192
182 195
184 185
184 195
185 187
185 188
185 190
185 193
186 194
187 188
187 193
188 193
188 196
189 194
189 196
193 198
194 195
195 198
195 199
