0 1
0 2
0 3
0 4
0 5
0 6
0 7
0 8
0 9
0 10
0 11
0 12
0 13
0 14
0 15
0 16
0 17
0 18
0 19
0 20
0 21
0 22
0 23
0 24
0 25
0 26
0 27
0 28
0 29
0 30
0 31
0 32
0 33
0 34
0 35
0 36
0 37
0 38
0 39
0 40
0 41
0 42
0 43
0 44
0 45
0 46
0 47
0 48
0 49
0 50
0 51
0 52
0 53
0 54
0 55
0 57
0 58
0 59
0 61
0 62
0 63
0 64
0 65
0 66
0 67
0 68
0 69
0 70
0 71
0 73
0 74
0 76
0 77
0 78
0 80
0 81
0 82
0 84
0 85
0 87
0 90
0 91
0 92
0 96
0 97
0 99
0 100
0 104
0 105
0 106
0 108
0 109
0 114
0 116
0 117
0 118
0 119
0 120
0 121
0 122
0 124
0 125
0 126
0 127
0 128
0 129
0 130
0 131
0 132
0 133
0 136
0 138
0 139
0 140
0 141
0 142
0 143
0 144
0 148
0 151
0 154
0 155
0 159
0 161
0 162
0 166
0 167
0 174
0 176
0 178
0 184
0 186
0 188
0 189
0 196
0 203
0 208
0 209
0 214
0 215
0 221
0 224
0 228
0 230
0 231
0 236
0 237
0 241
0 243
0 246
0 247
0 248
0 249
0 254
0 256
0 262
0 266
0 268
0 270
0 272
0 274
0 276
0 277
0 279
0 290
0 291
1 38
1 39
1 41
1 42
1 43
1 44
1 45
1 46
1 47
1 48
1 49
1 50
1 51
1 52
1 53
1 56
1 62
1 68
1 70
1 71
1 73
1 74
1 78
1 80
1 88
1 89
1 91
1 93
1 94
1 95
1 104
1 107
1 109
1 112
1 122
1 124
1 125
1 130
1 155
1 166
1 168
1 178
1 185
1 187
1 209
1 210
1 213
1 214
1 228
1 230
1 270
1 275
1 278
1 284
1 297
2 38
2 39
2 40
2 42
2 43
2 44
2 45
2 46
2 47
2 48
2 50
2 51
2 52
2 54
2 58
2 60
2 66
2 67
2 70
2 73
2 76
2 82
2 83
2 85
2 86
2 87
2 91
2 92
2 93
2 94
2 110
2 115
2 123
2 124
2 128
2 144
2 145
2 149
2 151
2 158
2 160
2 165
2 169
2 177
2 179
2 184
2 192
2 193
2 199
2 206
2 215
2 222
2 230
2 233
2 235
2 236
2 244
2 246
2 247
2 252
2 261
2 274
2 292
3 38
3 39
3 40
3 41
3 42
3 43
3 44
3 45
3 47
3 49
3 50
3 51
3 53
3 54
3 56
3 57
3 58
3 59
3 61
3 65
3 67
3 69
3 70
3 71
3 73
3 75
3 78
3 81
3 85
3 87
3 88
3 93
3 95
3 101
3 103
3 106
3 112
3 118
3 120
3 121
3 122
3 123
3 124
3 125
3 126
3 131
3 133
3 135
3 136
3 144
3 147
3 156
3 170
3 174
3 175
3 176
3 182
3 197
3 200
3 201
3 203
3 205
3 214
3 228
3 234
3 248
3 251
3 259
3 269
3 272
3 288
4 38
4 39
4 40
4 41
4 42
4 43
4 45
4 46
4 47
4 48
4 49
4 51
4 52
4 53
4 54
4 55
4 61
4 69
4 70
4 75
4 77
4 78
4 91
4 96
4 98
4 101
4 103
4 105
4 106
4 108
4 109
4 111
4 114
4 116
4 117
4 121
4 124
4 129
4 133
4 136
4 137
4 147
4 152
4 154
4 163
4 173
4 175
4 178
4 182
4 195
4 196
4 205
4 211
4 216
4 224
4 233
4 243
4 249
4 251
4 253
4 257
4 270
4 280
4 281
4 285
4 286
4 287
4 289
5 38
5 39
5 41
5 42
5 43
5 44
5 45
5 46
5 48
5 49
5 50
5 52
5 54
5 56
5 57
5 61
5 64
5 66
5 67
5 68
5 69
5 75
5 76
5 80
5 86
5 87
5 88
5 90
5 92
5 96
5 104
5 108
5 109
5 110
5 111
5 113
5 114
5 115
5 122
5 123
5 125
5 127
5 140
5 142
5 143
5 144
5 146
5 149
5 154
5 159
5 164
5 180
5 182
5 187
5 188
5 202
5 203
5 205
5 207
5 209
5 214
5 220
5 225
5 226
5 230
5 239
5 240
5 241
5 246
5 272
5 273
5 279
5 285
5 287
5 288
6 40
6 42
6 43
6 47
6 50
6 52
6 65
6 66
6 74
6 75
6 78
6 79
6 133
6 153
6 154
6 161
6 173
6 175
6 188
6 199
6 207
6 213
6 255
6 265
6 269
6 279
7 38
7 39
7 40
7 41
7 42
7 44
7 45
7 46
7 47
7 48
7 50
7 51
7 53
7 55
7 58
7 62
7 67
7 68
7 71
7 72
7 73
7 74
7 75
7 76
7 77
7 78
7 81
7 82
7 84
7 94
7 100
7 107
7 110
7 114
7 118
7 121
7 123
7 125
7 126
7 131
7 133
7 142
7 160
7 168
7 173
7 175
7 178
7 181
7 199
7 200
7 202
7 203
7 204
7 206
7 213
7 227
7 234
7 236
7 238
7 247
7 257
7 261
7 268
7 277
7 283
7 293
7 295
8 38
8 39
8 40
8 42
8 43
8 44
8 45
8 46
8 47
8 48
8 49
8 50
8 52
8 53
8 55
8 56
8 57
8 58
8 59
8 61
8 62
8 63
8 67
8 68
8 71
8 72
8 76
8 77
8 80
8 82
8 84
8 86
8 89
8 90
8 99
8 102
8 103
8 107
8 108
8 109
8 110
8 114
8 118
8 119
8 122
8 129
8 131
8 132
8 134
8 136
8 140
8 141
8 148
8 150
8 153
8 154
8 158
8 160
8 161
8 163
8 164
8 165
8 166
8 174
8 175
8 176
8 179
8 182
8 185
8 186
8 191
8 193
8 195
8 197
8 200
8 201
8 203
8 207
8 221
8 223
8 224
8 227
8 243
8 247
8 251
8 255
8 259
8 265
8 267
8 273
8 274
8 280
8 283
8 291
8 296
9 38
9 39
9 40
9 41
9 42
9 44
9 45
9 47
9 48
9 49
9 50
9 53
9 54
9 55
9 56
9 57
9 59
9 60
9 63
9 64
9 65
9 67
9 68
9 69
9 71
9 73
9 74
9 84
9 86
9 87
9 88
9 89
9 97
9 101
9 102
9 105
9 107
9 108
9 119
9 122
9 127
9 128
9 132
9 138
9 140
9 149
9 150
9 151
9 152
9 158
9 163
9 168
9 169
9 174
9 183
9 189
9 191
9 193
9 199
9 201
9 209
9 211
9 215
9 217
9 218
9 220
9 231
9 241
9 257
9 260
9 272
9 278
9 282
9 286
9 298
9 299
10 38
10 39
10 40
10 41
10 42
10 43
10 44
10 45
10 46
10 47
10 48
10 49
10 50
10 52
10 53
10 55
10 57
10 58
10 60
10 62
10 63
10 64
10 65
10 66
10 67
10 71
10 72
10 74
10 76
10 77
10 78
10 80
10 83
10 84
10 87
10 90
10 92
10 95
10 96
10 98
10 99
10 106
10 107
10 110
10 116
10 122
10 125
10 128
10 129
10 130
10 131
10 133
10 143
10 144
10 151
10 158
10 165
10 172
10 174
10 175
10 176
10 178
10 190
10 193
10 195
10 203
10 207
10 212
10 213
10 218
10 221
10 224
10 229
10 230
10 231
10 232
10 235
10 236
10 239
10 249
10 251
10 256
10 261
10 266
10 289
11 38
11 39
11 40
11 41
11 42
11 43
11 45
11 46
11 47
11 48
11 49
11 50
11 52
11 55
11 56
11 57
11 58
11 60
11 61
11 62
11 63
11 65
11 66
11 70
11 77
11 88
11 90
11 92
11 93
11 94
11 95
11 104
11 108
11 117
11 120
11 130
11 137
11 140
11 146
11 152
11 157
11 161
11 172
11 191
11 192
11 193
11 203
11 204
11 217
11 231
11 242
11 249
11 260
11 266
11 281
11 287
11 294
11 297
11 298
12 38
12 39
12 40
12 41
12 43
12 44
12 45
12 46
12 47
12 48
12 49
12 50
12 51
12 55
12 56
12 58
12 59
12 60
12 61
12 62
12 63
12 67
12 69
12 71
12 77
12 79
12 96
12 98
12 99
12 105
12 106
12 107
12 113
12 116
12 117
12 121
12 128
12 134
12 145
12 149
12 158
12 160
12 172
12 177
12 178
12 184
12 191
12 197
12 198
12 199
12 201
12 205
12 219
12 244
12 264
13 38
13 39
13 40
13 41
13 42
13 43
13 44
13 45
13 47
13 48
13 50
13 51
13 52
13 53
13 54
13 56
13 57
13 60
13 61
13 62
13 63
13 64
13 66
13 68
13 72
13 74
13 75
13 77
13 78
13 80
13 83
13 84
13 85
13 88
13 92
13 101
13 105
13 112
13 113
13 116
13 130
13 140
13 141
13 147
13 148
13 152
13 168
13 184
13 190
13 194
13 202
13 212
13 220
13 222
13 228
13 229
13 248
13 269
13 284
13 290
14 38
14 39
14 40
14 41
14 42
14 43
14 44
14 45
14 46
14 47
14 48
14 49
14 50
14 51
14 54
14 55
14 56
14 57
14 58
14 60
14 63
14 64
14 67
14 70
14 72
14 74
14 75
14 76
14 79
14 85
14 87
14 89
14 90
14 95
14 99
14 112
14 113
14 116
14 119
14 122
14 124
14 127
14 128
14 136
14 144
14 152
14 155
14 157
14 158
14 165
14 166
14 170
14 171
14 179
14 190
14 197
14 204
14 216
14 218
14 219
14 225
14 231
14 232
14 233
14 236
14 240
14 246
14 247
14 250
14 251
14 255
14 257
14 261
14 266
14 287
14 291
14 293
15 38
15 39
15 40
15 41
15 42
15 43
15 45
15 46
15 47
15 49
15 50
15 57
15 58
15 59
15 62
15 63
15 64
15 73
15 78
15 83
15 93
15 94
15 97
15 98
15 102
15 107
15 108
15 115
15 149
15 182
15 202
15 217
15 222
15 236
15 239
15 249
15 270
15 277
15 282
16 38
16 39
16 40
16 41
16 42
16 43
16 44
16 47
16 49
16 50
16 51
16 52
16 56
16 58
16 59
16 62
16 68
16 70
16 75
16 78
16 80
16 85
16 86
16 87
16 89
16 90
16 102
16 104
16 107
16 109
16 110
16 113
16 116
16 118
16 121
16 122
16 125
16 127
16 131
16 137
16 145
16 152
16 165
16 171
16 209
16 213
16 219
16 226
16 236
16 250
16 256
16 260
16 261
16 272
16 276
16 279
16 284
16 288
16 292
16 294
17 38
17 39
17 40
17 41
17 42
17 43
17 44
17 46
17 48
17 49
17 52
17 56
17 57
17 59
17 64
17 66
17 67
17 68
17 75
17 78
17 82
17 89
17 90
17 92
17 94
17 97
17 99
17 103
17 105
17 106
17 108
17 110
17 112
17 114
17 130
17 145
17 155
17 160
17 162
17 166
17 167
17 178
17 184
17 189
17 205
17 206
17 212
17 225
17 227
17 233
17 237
17 238
17 248
17 266
17 281
17 282
18 38
18 39
18 40
18 41
18 43
18 44
18 45
18 46
18 47
18 49
18 52
18 53
18 55
18 58
18 59
18 60
18 65
18 69
18 70
18 81
18 89
18 93
18 95
18 101
18 115
18 117
18 126
18 132
18 133
18 148
18 153
18 154
18 163
18 180
18 182
18 190
18 195
18 203
18 216
18 239
18 245
18 257
18 264
18 275
18 276
18 283
19 38
19 39
19 40
19 41
19 43
19 44
19 45
19 47
19 48
19 50
19 51
19 55
19 56
19 57
19 59
19 60
19 61
19 62
19 63
19 66
19 67
19 76
19 77
19 83
19 84
19 86
19 88
19 93
19 100
19 106
19 108
19 109
19 113
19 116
19 118
19 122
19 123
19 132
19 136
19 145
19 163
19 171
19 176
19 183
19 184
19 219
19 220
19 228
19 230
19 237
19 245
19 250
19 253
19 262
19 267
19 272
19 281
19 288
19 294
20 38
20 39
20 40
20 41
20 42
20 43
20 45
20 48
20 49
20 51
20 53
20 54
20 55
20 63
20 64
20 66
20 67
20 68
20 69
20 71
20 72
20 75
20 82
20 83
20 84
20 86
20 87
20 88
20 93
20 96
20 100
20 106
20 115
20 117
20 121
20 128
20 143
20 147
20 156
20 157
20 161
20 168
20 178
20 183
20 185
20 188
20 193
20 201
20 206
20 210
20 216
20 218
20 222
20 227
20 236
20 237
20 242
20 260
20 271
20 273
20 293
20 295
21 38
21 39
21 40
21 41
21 43
21 44
21 45
21 47
21 49
21 50
21 51
21 53
21 54
21 55
21 56
21 57
21 60
21 63
21 67
21 72
21 75
21 77
21 79
21 80
21 83
21 87
21 89
21 90
21 95
21 96
21 103
21 106
21 110
21 113
21 114
21 121
21 131
21 132
21 139
21 140
21 154
21 157
21 158
21 162
21 169
21 174
21 175
21 181
21 194
21 197
21 199
21 200
21 209
21 215
21 224
21 225
21 231
21 239
21 245
21 246
21 250
21 253
21 257
21 259
21 263
21 267
21 269
21 274
21 276
21 293
22 38
22 39
22 40
22 41
22 42
22 44
22 45
22 46
22 47
22 48
22 49
22 51
22 52
22 53
22 54
22 55
22 58
22 59
22 61
22 63
22 64
22 65
22 71
22 73
22 76
22 77
22 79
22 80
22 84
22 85
22 86
22 90
22 96
22 103
22 110
22 114
22 115
22 118
22 122
22 127
22 134
22 138
22 139
22 144
22 153
22 154
22 175
22 179
22 191
22 197
22 219
22 222
22 262
22 268
22 269
22 271
22 283
22 296
23 38
23 39
23 40
23 41
23 42
23 43
23 44
23 45
23 46
23 51
23 52
23 53
23 56
23 59
23 60
23 61
23 66
23 72
23 74
23 77
23 79
23 81
23 82
23 84
23 86
23 94
23 97
23 111
23 113
23 122
23 124
23 127
23 129
23 130
23 141
23 144
23 145
23 148
23 160
23 162
23 180
23 184
23 185
23 197
23 200
23 205
23 210
23 222
23 225
23 229
23 234
23 243
23 261
23 263
23 266
23 270
23 281
23 294
24 38
24 39
24 40
24 41
24 42
24 43
24 44
24 45
24 46
24 49
24 50
24 51
24 52
24 55
24 57
24 58
24 61
24 65
24 66
24 68
24 70
24 71
24 73
24 76
24 77
24 81
24 87
24 98
24 100
24 101
24 111
24 124
24 130
24 135
24 141
24 143
24 144
24 145
24 148
24 151
24 152
24 154
24 157
24 164
24 173
24 176
24 180
24 185
24 191
24 192
24 197
24 210
24 230
24 234
24 235
24 238
24 248
24 249
24 251
24 260
24 262
24 271
24 272
24 278
24 280
24 284
24 290
24 295
25 38
25 39
25 40
25 41
25 42
25 46
25 48
25 50
25 51
25 52
25 53
25 54
25 56
25 57
25 59
25 60
25 61
25 63
25 65
25 67
25 69
25 73
25 74
25 75
25 77
25 79
25 80
25 81
25 82
25 83
25 84
25 91
25 95
25 100
25 103
25 105
25 109
25 119
25 122
25 123
25 143
25 148
25 152
25 155
25 162
25 164
25 170
25 177
25 183
25 184
25 192
25 196
25 201
25 202
25 212
25 213
25 219
25 232
25 241
25 244
25 282
25 283
25 288
25 292
26 38
26 39
26 40
26 41
26 46
26 48
26 49
26 50
26 51
26 53
26 55
26 58
26 60
26 62
26 69
26 72
26 79
26 88
26 97
26 101
26 116
26 120
26 123
26 131
26 132
26 134
26 141
26 145
26 153
26 156
26 164
26 171
26 180
26 186
26 187
26 196
26 199
26 201
26 204
26 211
26 223
26 245
26 253
26 266
26 269
26 280
27 38
27 39
27 40
27 41
27 42
27 43
27 44
27 45
27 46
27 47
27 48
27 51
27 52
27 54
27 56
27 58
27 59
27 63
27 65
27 67
27 68
27 72
27 73
27 78
27 83
27 88
27 91
27 94
27 96
27 100
27 103
27 109
27 112
27 119
27 120
27 121
27 126
27 127
27 130
27 131
27 137
27 138
27 140
27 146
27 154
27 159
27 167
27 169
27 170
27 175
27 177
27 178
27 218
27 223
27 226
27 229
27 236
27 248
27 251
27 252
27 258
27 267
27 278
27 286
27 289
27 296
28 38
28 39
28 40
28 42
28 43
28 44
28 45
28 46
28 48
28 49
28 51
28 52
28 56
28 57
28 59
28 62
28 63
28 70
28 71
28 79
28 81
28 87
28 92
28 97
28 103
28 104
28 106
28 111
28 113
28 121
28 122
28 125
28 131
28 132
28 134
28 135
28 138
28 139
28 144
28 147
28 152
28 153
28 161
28 165
28 172
28 195
28 203
28 220
28 228
28 239
28 244
28 255
28 258
28 269
28 271
29 38
29 39
29 40
29 41
29 42
29 43
29 44
29 45
29 46
29 48
29 51
29 52
29 53
29 54
29 55
29 56
29 57
29 58
29 61
29 62
29 64
29 65
29 68
29 69
29 72
29 74
29 76
29 81
29 82
29 83
29 90
29 91
29 94
29 95
29 97
29 99
29 103
29 106
29 109
29 112
29 115
29 116
29 118
29 120
29 121
29 127
29 137
29 141
29 142
29 147
29 157
29 161
29 163
29 165
29 169
29 170
29 175
29 178
29 179
29 192
29 196
29 203
29 204
29 213
29 220
29 229
29 230
29 232
29 236
29 246
29 247
29 248
29 253
29 256
29 264
29 268
29 269
29 273
29 286
29 287
29 293
30 38
30 39
30 40
30 41
30 42
30 43
30 44
30 46
30 47
30 49
30 50
30 53
30 54
30 55
30 56
30 57
30 60
30 61
30 62
30 66
30 69
30 70
30 72
30 78
30 79
30 88
30 89
30 90
30 93
30 95
30 96
30 103
30 105
30 114
30 119
30 121
30 123
30 125
30 127
30 132
30 141
30 145
30 149
30 150
30 151
30 155
30 164
30 179
30 183
30 184
30 189
30 192
30 199
30 205
30 208
30 213
30 228
30 245
30 255
30 263
30 265
30 275
30 280
30 286
30 287
30 294
30 296
31 38
31 41
31 42
31 44
31 47
31 48
31 49
31 52
31 53
31 58
31 59
31 60
31 62
31 65
31 66
31 71
31 72
31 74
31 77
31 79
31 80
31 81
31 83
31 84
31 92
31 94
31 96
31 98
31 99
31 101
31 104
31 114
31 121
31 145
31 147
31 148
31 149
31 156
31 172
31 174
31 177
31 178
31 181
31 187
31 188
31 198
31 211
31 217
31 223
31 231
31 238
31 248
31 249
31 253
31 278
31 282
31 285
31 294
31 295
31 296
32 38
32 39
32 40
32 41
32 42
32 43
32 44
32 45
32 46
32 48
32 50
32 52
32 53
32 54
32 55
32 58
32 59
32 60
32 61
32 62
32 64
32 66
32 69
32 73
32 74
32 78
32 80
32 88
32 89
32 91
32 92
32 95
32 98
32 100
32 109
32 113
32 117
32 118
32 124
32 125
32 126
32 128
32 129
32 135
32 139
32 140
32 142
32 147
32 149
32 152
32 153
32 165
32 167
32 170
32 172
32 178
32 185
32 192
32 199
32 212
32 218
32 229
32 232
32 233
32 242
32 255
32 263
32 264
32 279
32 285
32 289
32 291
33 38
33 39
33 40
33 41
33 42
33 43
33 44
33 45
33 46
33 47
33 49
33 50
33 54
33 55
33 60
33 62
33 63
33 65
33 69
33 70
33 73
33 74
33 77
33 82
33 85
33 86
33 88
33 92
33 93
33 102
33 107
33 108
33 112
33 118
33 120
33 127
33 133
33 136
33 137
33 139
33 142
33 144
33 151
33 161
33 162
33 163
33 173
33 184
33 187
33 199
33 203
33 215
33 216
33 226
33 237
33 251
33 270
33 272
33 278
33 279
33 283
33 293
33 294
34 38
34 39
34 40
34 41
34 42
34 43
34 44
34 45
34 46
34 47
34 48
34 49
34 50
34 51
34 53
34 54
34 55
34 58
34 61
34 63
34 64
34 67
34 68
34 71
34 75
34 79
34 80
34 83
34 84
34 94
34 99
34 101
34 102
34 106
34 111
34 122
34 123
34 130
34 133
34 139
34 143
34 146
34 148
34 153
34 161
34 163
34 177
34 185
34 186
34 190
34 193
34 199
34 204
34 205
34 209
34 212
34 222
34 234
34 235
34 247
34 257
34 258
34 260
34 297
35 38
35 39
35 40
35 41
35 42
35 43
35 44
35 45
35 46
35 47
35 48
35 51
35 53
35 54
35 56
35 57
35 58
35 61
35 66
35 72
35 74
35 77
35 81
35 86
35 89
35 100
35 105
35 115
35 130
35 137
35 141
35 147
35 154
35 164
35 169
35 191
35 192
35 199
35 202
35 203
35 216
35 226
35 235
35 237
35 239
35 243
35 262
35 269
35 284
35 292
35 296
36 38
36 39
36 40
36 41
36 42
36 43
36 44
36 46
36 47
36 48
36 52
36 54
36 57
36 60
36 61
36 70
36 72
36 75
36 80
36 90
36 91
36 102
36 104
36 106
36 111
36 133
36 138
36 143
36 144
36 150
36 167
36 172
36 174
36 184
36 185
36 187
36 191
36 193
36 194
36 203
36 212
36 224
36 227
36 239
36 248
36 255
36 278
36 291
37 38
37 39
37 40
37 41
37 42
37 43
37 44
37 45
37 46
37 47
37 49
37 50
37 51
37 53
37 54
37 55
37 61
37 65
37 69
37 70
37 72
37 73
37 74
37 79
37 82
37 83
37 84
37 85
37 89
37 91
37 93
37 94
37 98
37 102
37 106
37 111
37 119
37 121
37 123
37 124
37 126
37 128
37 141
37 157
37 162
37 164
37 165
37 166
37 167
37 170
37 191
37 194
37 208
37 213
37 220
37 226
37 228
37 229
37 232
37 234
37 235
37 245
37 254
37 262
37 266
37 298
38 39
38 40
38 41
38 42
38 43
38 44
38 45
38 46
38 47
38 48
38 49
38 50
38 51
38 52
38 53
38 54
38 56
38 57
38 58
38 59
38 60
38 61
38 62
38 63
38 64
38 65
38 66
38 67
38 68
38 69
38 72
38 73
38 74
38 75
38 76
38 78
38 79
38 80
38 84
38 85
38 86
38 87
38 88
38 90
38 91
38 92
38 93
38 94
38 97
38 98
38 100
38 103
38 105
38 106
38 109
38 111
38 113
38 115
38 116
38 117
38 123
38 124
38 126
38 127
38 130
38 131
38 132
38 133
38 134
38 135
38 137
38 143
38 145
38 147
38 149
38 150
38 152
38 154
38 162
38 163
38 164
38 171
38 172
38 175
38 178
38 181
38 184
38 185
38 186
38 189
38 190
38 195
38 200
38 209
38 217
38 218
38 219
38 222
38 224
38 228
38 233
38 240
38 242
38 244
38 245
38 246
38 247
38 249
38 251
38 252
38 254
38 256
38 258
38 259
38 260
38 263
38 267
38 268
38 270
38 275
38 280
38 281
38 284
38 293
38 299
39 40
39 41
39 42
39 43
39 44
39 45
39 46
39 47
39 48
39 49
39 50
39 51
39 52
39 53
39 54
39 55
39 56
39 57
39 58
39 59
39 60
39 61
39 62
39 64
39 66
39 67
39 68
39 69
39 70
39 71
39 73
39 74
39 75
39 79
39 81
39 82
39 83
39 85
39 86
39 88
39 89
39 90
39 91
39 92
39 93
39 94
39 95
39 96
39 99
39 100
39 102
39 103
39 104
39 107
39 108
39 111
39 112
39 113
39 117
39 119
39 121
39 122
39 123
39 124
39 125
39 129
39 131
39 132
39 133
39 134
39 135
39 136
39 142
39 143
39 144
39 145
39 146
39 148
39 152
39 153
39 163
39 164
39 165
39 166
39 167
39 168
39 169
39 174
39 177
39 178
39 181
39 185
39 187
39 191
39 193
39 195
39 199
39 203
39 206
39 207
39 208
39 210
39 211
39 212
39 213
39 222
39 230
39 233
39 234
39 238
39 239
39 242
39 243
39 245
39 249
39 251
39 252
39 253
39 256
39 258
39 259
39 260
39 270
39 277
39 278
39 279
39 280
39 287
39 291
39 292
39 296
40 41
40 42
40 43
40 44
40 45
40 46
40 47
40 48
40 49
40 50
40 51
40 52
40 53
40 54
40 55
40 56
40 57
40 58
40 60
40 61
40 62
40 63
40 64
40 65
40 66
40 67
40 70
40 71
40 72
40 74
40 75
40 77
40 78
40 79
40 80
40 83
40 85
40 87
40 88
40 90
40 92
40 94
40 97
40 98
40 102
40 103
40 105
40 107
40 108
40 111
40 112
40 115
40 116
40 117
40 118
40 119
40 121
40 122
40 123
40 124
40 125
40 126
40 131
40 132
40 133
40 134
40 138
40 139
40 140
40 141
40 142
40 149
40 156
40 159
40 165
40 169
40 170
40 171
40 172
40 173
40 177
40 188
40 190
40 203
40 204
40 207
40 209
40 214
40 215
40 217
40 223
40 224
40 230
40 231
40 237
40 238
40 239
40 240
40 241
40 244
40 247
40 251
40 253
40 254
40 260
40 262
40 264
40 270
40 274
40 276
40 281
40 282
40 283
40 285
40 287
40 291
41 42
41 43
41 44
41 45
41 46
41 47
41 48
41 49
41 50
41 51
41 52
41 53
41 54
41 55
41 57
41 58
41 59
41 60
41 61
41 62
41 63
41 64
41 65
41 66
41 68
41 70
41 71
41 72
41 73
41 74
41 75
41 76
41 78
41 80
41 81
41 82
41 85
41 86
41 88
41 91
41 92
41 93
41 94
41 95
41 96
41 97
41 99
41 101
41 102
41 103
41 104
41 105
41 108
41 109
41 111
41 113
41 114
41 116
41 119
41 121
41 122
41 123
41 124
41 126
41 128
41 131
41 132
41 133
41 134
41 137
41 139
41 147
41 150
41 152
41 153
41 156
41 158
41 166
41 168
41 170
41 172
41 173
41 174
41 177
41 178
41 186
41 191
41 193
41 194
41 196
41 209
41 211
41 214
41 223
41 225
41 227
41 229
41 233
41 236
41 239
41 242
41 247
41 248
41 252
41 255
41 256
41 258
41 259
41 260
41 261
41 265
41 267
41 269
41 270
41 271
41 285
41 292
41 295
41 296
41 298
42 43
42 44
42 45
42 46
42 47
42 48
42 49
42 50
42 51
42 52
42 53
42 54
42 55
42 56
42 57
42 58
42 59
42 60
42 61
42 62
42 63
42 64
42 65
42 68
42 69
42 70
42 71
42 72
42 74
42 76
42 77
42 78
42 79
42 81
42 82
42 83
42 85
42 87
42 88
42 90
42 91
42 92
42 93
42 95
42 96
42 97
42 101
42 104
42 107
42 108
42 111
42 113
42 115
42 117
42 118
42 120
42 126
42 127
42 129
42 130
42 132
42 134
42 135
42 137
42 138
42 143
42 147
42 148
42 150
42 151
42 152
42 157
42 159
42 161
42 164
42 166
42 171
42 177
42 178
42 179
42 181
42 187
42 188
42 211
42 223
42 224
42 234
42 236
42 245
42 246
42 250
42 252
42 255
42 256
42 258
42 260
42 264
42 265
42 271
42 272
42 274
42 275
42 280
42 283
42 284
42 292
42 296
42 299
43 44
43 45
43 46
43 47
43 48
43 49
43 50
43 51
43 52
43 53
43 54
43 55
43 56
43 57
43 58
43 59
43 61
43 62
43 64
43 65
43 66
43 67
43 70
43 71
43 72
43 75
43 76
43 77
43 78
43 79
43 81
43 82
43 83
43 84
43 85
43 86
43 87
43 88
43 89
43 91
43 94
43 95
43 96
43 97
43 99
43 101
43 102
43 103
43 106
43 109
43 110
43 112
43 114
43 119
43 120
43 123
43 129
43 131
43 132
43 133
43 135
43 136
43 137
43 142
43 146
43 147
43 150
43 151
43 154
43 155
43 160
43 162
43 166
43 167
43 169
43 171
43 177
43 178
43 180
43 181
43 182
43 186
43 187
43 191
43 192
43 194
43 196
43 198
43 202
43 206
43 207
43 208
43 209
43 210
43 213
43 215
43 216
43 217
43 218
43 221
43 222
43 225
43 229
43 231
43 232
43 237
43 238
43 246
43 251
43 257
43 259
43 260
43 268
43 269
43 270
43 289
43 290
43 291
43 292
43 293
43 294
44 45
44 46
44 47
44 48
44 49
44 51
44 52
44 53
44 54
44 55
44 56
44 57
44 58
44 59
44 60
44 61
44 62
44 63
44 64
44 65
44 66
44 67
44 68
44 69
44 70
44 73
44 75
44 76
44 79
44 80
44 81
44 82
44 84
44 85
44 86
44 87
44 88
44 90
44 91
44 92
44 93
44 95
44 96
44 98
44 99
44 103
44 104
44 107
44 109
44 115
44 116
44 117
44 118
44 124
44 126
44 127
44 128
44 131
44 135
44 136
44 137
44 142
44 144
44 146
44 147
44 149
44 151
44 153
44 159
44 161
44 163
44 164
44 172
44 173
44 176
44 177
44 180
44 181
44 183
44 186
44 189
44 192
44 193
44 195
44 200
44 207
44 209
44 212
44 213
44 218
44 220
44 221
44 223
44 226
44 228
44 231
44 234
44 237
44 239
44 242
44 243
44 250
44 251
44 254
44 258
44 259
44 260
44 261
44 263
44 264
44 265
44 267
44 270
44 272
44 274
44 288
44 290
45 46
45 47
45 48
45 49
45 50
45 51
45 52
45 53
45 54
45 55
45 56
45 57
45 58
45 59
45 60
45 61
45 62
45 64
45 65
45 66
45 67
45 69
45 70
45 73
45 74
45 76
45 77
45 78
45 79
45 80
45 81
45 82
45 84
45 86
45 87
45 88
45 89
45 90
45 92
45 93
45 95
45 97
45 99
45 101
45 102
45 104
45 105
45 106
45 107
45 109
45 111
45 112
45 114
45 115
45 126
45 129
45 131
45 132
45 139
45 140
45 141
45 145
45 147
45 148
45 149
45 150
45 156
45 159
45 165
45 169
45 171
45 172
45 176
45 183
45 184
45 187
45 192
45 200
45 202
45 206
45 210
45 218
45 220
45 222
45 232
45 241
45 243
45 244
45 245
45 246
45 247
45 249
45 260
45 261
45 263
45 267
45 271
45 273
45 274
45 279
45 282
45 283
45 284
45 286
45 288
45 289
45 292
45 297
45 298
46 47
46 48
46 49
46 50
46 51
46 52
46 53
46 54
46 55
46 56
46 57
46 58
46 59
46 60
46 62
46 63
46 64
46 65
46 66
46 67
46 68
46 69
46 70
46 71
46 73
46 74
46 75
46 76
46 79
46 80
46 81
46 83
46 85
46 87
46 89
46 90
46 91
46 93
46 94
46 96
46 97
46 98
46 99
46 100
46 101
46 102
46 103
46 104
46 105
46 106
46 107
46 109
46 110
46 113
46 114
46 117
46 120
46 122
46 123
46 124
46 129
46 131
46 134
46 135
46 142
46 143
46 145
46 149
46 150
46 151
46 153
46 154
46 155
46 157
46 161
46 163
46 171
46 172
46 176
46 179
46 180
46 183
46 185
46 186
46 187
46 189
46 193
46 194
46 196
46 199
46 201
46 202
46 205
46 207
46 210
46 212
46 216
46 219
46 220
46 222
46 224
46 225
46 228
46 230
46 232
46 236
46 237
46 239
46 240
46 244
46 247
46 250
46 254
46 257
46 260
46 261
46 265
46 269
46 270
46 271
46 276
46 285
46 286
46 291
46 296
47 48
47 49
47 50
47 51
47 52
47 54
47 55
47 56
47 57
47 58
47 59
47 61
47 62
47 63
47 64
47 65
47 66
47 67
47 68
47 70
47 71
47 72
47 74
47 75
47 76
47 77
47 78
47 79
47 80
47 81
47 83
47 84
47 85
47 86
47 87
47 88
47 89
47 90
47 91
47 92
47 95
47 96
47 97
47 98
47 100
47 102
47 103
47 104
47 106
47 107
47 109
47 110
47 112
47 113
47 114
47 115
47 123
47 124
47 125
47 127
47 129
47 132
47 133
47 135
47 137
47 140
47 141
47 143
47 144
47 150
47 154
47 155
47 162
47 163
47 164
47 168
47 172
47 175
47 176
47 177
47 181
47 183
47 184
47 188
47 189
47 190
47 195
47 201
47 203
47 204
47 209
47 212
47 215
47 218
47 220
47 222
47 223
47 224
47 226
47 230
47 240
47 242
47 245
47 249
47 252
47 253
47 254
47 255
47 256
47 270
47 274
47 277
47 280
47 282
47 286
47 294
48 49
48 50
48 51
48 52
48 53
48 54
48 55
48 56
48 57
48 58
48 59
48 60
48 61
48 62
48 63
48 64
48 65
48 66
48 68
48 69
48 71
48 72
48 73
48 74
48 76
48 77
48 78
48 80
48 85
48 87
48 88
48 91
48 92
48 93
48 95
48 96
48 98
48 99
48 101
48 102
48 104
48 106
48 109
48 111
48 112
48 115
48 118
48 120
48 122
48 125
48 127
48 129
48 131
48 132
48 135
48 137
48 141
48 145
48 147
48 150
48 151
48 153
48 156
48 158
48 166
48 167
48 172
48 174
48 175
48 177
48 179
48 181
48 182
48 185
48 190
48 196
48 201
48 205
48 206
48 207
48 213
48 214
48 218
48 220
48 222
48 224
48 225
48 226
48 227
48 229
48 232
48 235
48 236
48 240
48 241
48 243
48 246
48 251
48 253
48 257
48 258
48 259
48 268
48 271
48 273
48 275
48 278
48 279
48 286
48 287
48 288
48 290
48 292
48 297
49 50
49 51
49 52
49 53
49 54
49 55
49 56
49 57
49 59
49 60
49 63
49 64
49 66
49 69
49 70
49 71
49 72
49 73
49 75
49 76
49 77
49 78
49 81
49 82
49 83
49 85
49 89
49 91
49 92
49 93
49 94
49 95
49 97
49 98
49 100
49 101
49 102
49 104
49 106
49 108
49 110
49 112
49 113
49 114
49 115
49 118
49 119
49 121
49 123
49 127
49 128
49 129
49 130
49 133
49 134
49 137
49 138
49 139
49 140
49 141
49 142
49 143
49 145
49 146
49 147
49 148
49 150
49 152
49 155
49 156
49 157
49 160
49 163
49 164
49 166
49 169
49 170
49 175
49 177
49 179
49 181
49 183
49 188
49 189
49 191
49 192
49 193
49 197
49 198
49 207
49 208
49 215
49 219
49 220
49 224
49 230
49 231
49 232
49 234
49 235
49 240
49 242
49 243
49 255
49 258
49 260
49 266
49 267
49 269
49 270
49 271
49 273
49 274
49 275
49 276
49 277
49 279
49 281
49 284
49 285
49 286
49 289
49 291
49 298
50 51
50 52
50 53
50 54
50 55
50 56
50 57
50 58
50 59
50 60
50 62
50 66
50 67
50 68
50 69
50 70
50 71
50 72
50 73
50 74
50 75
50 76
50 78
50 79
50 82
50 83
50 85
50 86
50 90
50 91
50 93
50 94
50 96
50 97
50 98
50 99
50 100
50 101
50 102
50 105
50 108
50 110
50 113
50 115
50 117
50 118
50 120
50 121
50 125
50 127
50 134
50 136
50 140
50 149
50 150
50 153
50 154
50 158
50 162
50 167
50 170
50 172
50 174
50 177
50 180
50 183
50 185
50 186
50 187
50 188
50 189
50 190
50 191
50 197
50 198
50 201
50 206
50 207
50 208
50 213
50 214
50 215
50 217
50 222
50 227
50 228
50 231
50 234
50 235
50 236
50 237
50 242
50 245
50 247
50 250
50 254
50 256
50 257
50 266
50 269
50 274
50 277
50 278
50 280
50 282
50 291
50 296
51 52
51 53
51 54
51 55
51 56
51 59
51 60
51 61
51 62
51 63
51 64
51 65
51 67
51 68
51 69
51 75
51 76
51 79
51 81
51 82
51 84
51 87
51 88
51 91
51 92
51 98
51 100
51 101
51 102
51 103
51 105
51 107
51 108
51 110
51 114
51 116
51 118
51 120
51 123
51 125
51 127
51 129
51 133
51 135
51 137
51 139
51 141
51 147
51 148
51 149
51 151
51 164
51 169
51 170
51 171
51 175
51 178
51 183
51 184
51 186
51 190
51 200
51 206
51 207
51 210
51 214
51 215
51 216
51 217
51 219
51 220
51 228
51 230
51 235
51 236
51 237
51 241
51 243
51 244
51 245
51 250
51 252
51 258
51 266
51 268
51 275
51 278
51 281
51 282
51 289
51 291
51 295
51 299
52 53
52 54
52 56
52 57
52 59
52 60
52 61
52 62
52 63
52 64
52 65
52 66
52 67
52 68
52 70
52 71
52 72
52 73
52 74
52 75
52 79
52 81
52 84
52 86
52 89
52 92
52 93
52 94
52 100
52 101
52 102
52 104
52 106
52 110
52 112
52 114
52 115
52 116
52 117
52 119
52 120
52 122
52 123
52 125
52 126
52 130
52 135
52 139
52 143
52 146
52 148
52 151
52 156
52 159
52 160
52 162
52 166
52 170
52 171
52 172
52 173
52 174
52 175
52 176
52 179
52 181
52 182
52 187
52 188
52 189
52 195
52 204
52 217
52 220
52 222
52 227
52 229
52 231
52 232
52 236
52 238
52 239
52 240
52 241
52 242
52 243
52 246
52 254
52 260
52 261
52 266
52 269
52 272
52 275
52 279
52 286
53 54
53 55
53 56
53 57
53 59
53 60
53 61
53 63
53 64
53 65
53 67
53 68
53 69
53 71
53 72
53 73
53 74
53 75
53 76
53 77
53 78
53 81
53 82
53 83
53 84
53 85
53 91
53 93
53 95
53 98
53 100
53 101
53 104
53 107
53 110
53 113
53 118
53 121
53 122
53 126
53 129
53 130
53 134
53 138
53 145
53 147
53 150
53 151
53 153
53 159
53 160
53 164
53 166
53 170
53 171
53 173
53 175
53 182
53 183
53 184
53 186
53 188
53 189
53 190
53 192
53 202
53 204
53 205
53 206
53 211
53 215
53 216
53 223
53 231
53 234
53 235
53 240
53 245
53 247
53 249
53 252
53 253
53 255
53 261
53 265
53 269
53 273
53 274
53 275
53 281
53 282
53 293
53 294
53 298
53 299
54 55
54 56
54 57
54 58
54 59
54 60
54 62
54 63
54 64
54 65
54 66
54 67
54 68
54 70
54 71
54 72
54 76
54 77
54 80
54 82
54 83
54 84
54 85
54 87
54 88
54 89
54 90
54 93
54 94
54 96
54 97
54 98
54 102
54 104
54 105
54 107
54 108
54 110
54 111
54 114
54 115
54 117
54 119
54 122
54 125
54 129
54 134
54 135
54 137
54 142
54 144
54 146
54 150
54 153
54 155
54 156
54 157
54 163
54 166
54 167
54 168
54 172
54 175
54 178
54 180
54 181
54 185
54 188
54 192
54 193
54 195
54 197
54 198
54 201
54 206
54 207
54 208
54 209
54 211
54 213
54 220
54 224
54 226
54 234
54 239
54 241
54 242
54 243
54 247
54 249
54 251
54 253
54 255
54 265
54 266
54 268
54 275
54 276
54 290
54 294
55 56
55 58
55 59
55 60
55 61
55 63
55 64
55 66
55 67
55 68
55 69
55 70
55 71
55 72
55 73
55 74
55 75
55 77
55 79
55 81
55 82
55 83
55 85
55 86
55 87
55 89
55 90
55 93
55 94
55 95
55 96
55 102
55 103
55 105
55 107
55 111
55 112
55 113
55 114
55 115
55 119
55 123
55 128
55 130
55 131
55 133
55 136
55 137
55 138
55 139
55 142
55 147
55 148
55 149
55 157
55 160
55 161
55 162
55 164
55 165
55 167
55 170
55 176
55 177
55 189
55 203
55 205
55 206
55 207
55 213
55 216
55 217
55 223
55 226
55 230
55 232
55 234
55 238
55 242
55 243
55 248
55 250
55 254
55 264
55 265
55 267
55 269
55 272
55 274
55 275
55 281
55 284
55 289
55 292
55 293
56 57
56 58
56 59
56 60
56 62
56 63
56 64
56 65
56 66
56 67
56 68
56 69
56 70
56 72
56 73
56 76
56 77
56 78
56 80
56 84
56 85
56 86
56 87
56 89
56 90
56 91
56 92
56 93
56 98
56 100
56 101
56 102
56 104
56 105
56 111
56 112
56 114
56 116
56 120
56 121
56 122
56 126
56 127
56 129
56 133
56 134
56 135
56 136
56 138
56 146
56 148
56 151
56 153
56 154
56 157
56 158
56 162
56 163
56 168
56 176
56 178
56 180
56 186
56 201
56 204
56 209
56 211
56 214
56 228
56 236
56 237
56 240
56 243
56 250
56 255
56 276
56 280
56 290
57 58
57 59
57 60
57 61
57 62
57 64
57 65
57 66
57 67
57 68
57 69
57 70
57 71
57 73
57 74
57 75
57 79
57 81
57 82
57 83
57 85
57 86
57 87
57 89
57 90
57 95
57 97
57 99
57 102
57 104
57 106
57 107
57 108
57 110
57 111
57 115
57 116
57 118
57 122
57 127
57 131
57 133
57 136
57 137
57 138
57 140
57 142
57 145
57 147
57 150
57 155
57 158
57 159
57 161
57 162
57 163
57 164
57 171
57 175
57 191
57 192
57 194
57 206
57 208
57 209
57 212
57 215
57 216
57 218
57 226
57 227
57 248
57 255
57 256
57 258
57 264
57 269
57 274
57 275
57 282
57 287
57 293
58 59
58 60
58 62
58 63
58 64
58 65
58 66
58 69
58 70
58 71
58 73
58 74
58 75
58 76
58 78
58 80
58 82
58 85
58 86
58 87
58 88
58 93
58 95
58 96
58 99
58 100
58 101
58 102
58 104
58 106
58 107
58 109
58 111
58 115
58 119
58 120
58 126
58 128
58 130
58 133
58 136
58 140
58 142
58 150
58 151
58 152
58 154
58 158
58 160
58 161
58 162
58 165
58 169
58 177
58 179
58 180
58 182
58 186
58 191
58 195
58 197
58 198
58 200
58 204
58 205
58 206
58 208
58 210
58 212
58 214
58 221
58 227
58 228
58 230
58 231
58 232
58 237
58 251
58 252
58 263
58 264
58 269
58 271
58 273
58 275
58 277
58 278
58 286
58 287
58 288
58 289
58 292
58 295
59 61
59 63
59 64
59 65
59 67
59 68
59 69
59 70
59 71
59 72
59 75
59 76
59 77
59 78
59 79
59 82
59 83
59 84
59 86
59 89
59 91
59 92
59 94
59 96
59 99
59 100
59 103
59 108
59 112
59 113
59 114
59 115
59 118
59 119
59 120
59 122
59 123
59 128
59 132
59 138
59 139
59 142
59 145
59 146
59 148
59 149
59 153
59 156
59 157
59 163
59 166
59 172
59 174
59 175
59 178
59 179
59 186
59 187
59 189
59 192
59 195
59 196
59 197
59 200
59 207
59 218
59 220
59 232
59 233
59 235
59 237
59 240
59 244
59 250
59 256
59 261
59 263
59 265
59 267
59 278
59 281
59 297
60 61
60 62
60 64
60 65
60 66
60 67
60 68
60 69
60 70
60 73
60 75
60 79
60 82
60 83
60 84
60 85
60 90
60 96
60 97
60 99
60 102
60 105
60 106
60 107
60 109
60 112
60 120
60 122
60 125
60 128
60 130
60 132
60 134
60 135
60 139
60 140
60 141
60 152
60 153
60 162
60 166
60 170
60 173
60 177
60 184
60 186
60 189
60 190
60 195
60 197
60 199
60 200
60 203
60 205
60 208
60 212
60 222
60 240
60 247
60 250
60 253
60 254
60 261
60 273
60 279
60 283
60 284
60 293
60 298
61 63
61 65
61 68
61 70
61 75
61 76
61 78
61 79
61 80
61 83
61 86
61 87
61 89
61 92
61 96
61 97
61 101
61 108
61 117
61 120
61 123
61 124
61 125
61 130
61 132
61 136
61 138
61 142
61 143
61 145
61 156
61 168
61 174
61 175
61 183
61 185
61 186
61 188
61 201
61 205
61 212
61 229
61 250
61 261
61 263
61 275
61 277
61 279
61 285
62 63
62 64
62 65
62 68
62 69
62 71
62 72
62 73
62 74
62 80
62 81
62 83
62 84
62 85
62 87
62 88
62 89
62 91
62 92
62 96
62 97
62 98
62 99
62 103
62 107
62 109
62 110
62 112
62 116
62 117
62 118
62 119
62 120
62 121
62 123
62 124
62 125
62 126
62 127
62 132
62 136
62 137
62 141
62 142
62 143
62 144
62 148
62 150
62 153
62 156
62 162
62 164
62 165
62 166
62 170
62 171
62 178
62 183
62 188
62 190
62 193
62 194
62 196
62 205
62 209
62 212
62 213
62 216
62 219
62 221
62 229
62 234
62 238
62 247
62 253
62 261
62 270
62 273
62 279
62 282
62 287
62 288
62 289
63 64
63 65
63 66
63 68
63 69
63 72
63 73
63 74
63 76
63 77
63 79
63 80
63 82
63 83
63 85
63 88
63 89
63 90
63 93
63 94
63 95
63 99
63 102
63 103
63 105
63 111
63 112
63 117
63 118
63 124
63 130
63 134
63 137
63 139
63 141
63 145
63 150
63 151
63 168
63 170
63 176
63 182
63 187
63 188
63 190
63 197
63 198
63 205
63 206
63 214
63 216
63 223
63 227
63 228
63 229
63 231
63 237
63 242
63 244
63 251
63 253
63 257
63 263
63 265
63 266
63 268
63 271
63 273
63 274
63 292
63 296
63 299
64 71
64 72
64 73
64 75
64 76
64 77
64 78
64 80
64 81
64 82
64 83
64 84
64 86
64 88
64 94
64 99
64 100
64 101
64 103
64 108
64 110
64 111
64 112
64 114
64 115
64 116
64 119
64 122
64 124
64 127
64 132
64 133
64 136
64 143
64 151
64 152
64 167
64 169
64 171
64 181
64 184
64 186
64 192
64 195
64 199
64 201
64 213
64 218
64 225
64 227
64 229
64 234
64 241
64 246
64 257
64 258
64 263
64 291
64 297
65 66
65 67
65 69
65 70
65 71
65 78
65 79
65 80
65 81
65 86
65 93
65 95
65 99
65 100
65 101
65 102
65 104
65 105
65 107
65 110
65 112
65 114
65 117
65 120
65 125
65 127
65 129
65 135
65 136
65 137
65 142
65 146
65 148
65 149
65 151
65 176
65 178
65 183
65 186
65 189
65 193
65 197
65 198
65 204
65 207
65 208
65 209
65 210
65 212
65 215
65 242
65 246
65 247
65 249
65 251
65 255
65 261
65 263
65 277
65 281
65 282
65 298
66 67
66 68
66 71
66 73
66 74
66 75
66 76
66 78
66 79
66 80
66 81
66 82
66 84
66 85
66 86
66 87
66 89
66 90
66 91
66 92
66 95
66 97
66 104
66 106
66 109
66 110
66 113
66 114
66 116
66 117
66 120
66 125
66 127
66 129
66 134
66 139
66 148
66 149
66 152
66 154
66 155
66 168
66 170
66 176
66 178
66 179
66 181
66 183
66 185
66 189
66 190
66 201
66 204
66 209
66 210
66 213
66 216
66 217
66 227
66 232
66 233
66 240
66 241
66 242
66 246
66 248
66 249
66 254
66 262
66 264
66 265
66 267
66 268
66 275
66 281
66 288
66 291
66 293
66 294
66 297
66 299
67 68
67 69
67 74
67 75
67 77
67 78
67 83
67 84
67 89
67 91
67 92
67 94
67 98
67 99
67 100
67 103
67 104
67 105
67 109
67 113
67 114
67 116
67 117
67 118
67 119
67 120
67 126
67 128
67 130
67 132
67 135
67 140
67 142
67 145
67 150
67 151
67 154
67 155
67 159
67 160
67 161
67 163
67 164
67 165
67 166
67 167
67 172
67 180
67 188
67 189
67 191
67 194
67 195
67 196
67 198
67 199
67 202
67 205
67 207
67 208
67 221
67 234
67 237
67 242
67 244
67 259
67 260
67 264
67 266
67 271
67 277
67 278
67 284
67 289
67 290
67 298
67 299
68 69
68 70
68 71
68 72
68 73
68 74
68 77
68 78
68 81
68 83
68 84
68 87
68 88
68 90
68 93
68 95
68 96
68 97
68 98
68 100
68 101
68 103
68 108
68 114
68 117
68 118
68 120
68 129
68 134
68 136
68 138
68 139
68 140
68 144
68 146
68 151
68 153
68 154
68 155
68 161
68 162
68 163
68 164
68 165
68 166
68 173
68 175
68 182
68 185
68 187
68 191
68 192
68 197
68 201
68 202
68 204
68 205
68 206
68 215
68 216
68 218
68 222
68 224
68 225
68 226
68 233
68 248
68 252
68 261
68 264
68 279
68 280
68 295
68 298
68 299
69 72
69 76
69 77
69 78
69 80
69 85
69 86
69 88
69 92
69 94
69 96
69 100
69 101
69 103
69 105
69 106
69 108
69 110
69 112
69 117
69 118
69 121
69 123
69 124
69 126
69 127
69 129
69 130
69 136
69 138
69 142
69 143
69 149
69 159
69 163
69 165
69 175
69 180
69 185
69 191
69 192
69 196
69 214
69 222
69 223
69 224
69 227
69 231
69 233
69 236
69 245
69 257
69 267
69 269
69 278
69 279
69 282
69 299
70 71
70 76
70 82
70 84
70 85
70 87
70 89
70 94
70 97
70 98
70 103
70 107
70 109
70 111
70 113
70 114
70 115
70 116
70 119
70 126
70 127
70 128
70 131
70 132
70 133
70 135
70 137
70 138
70 140
70 141
70 145
70 146
70 148
70 153
70 154
70 156
70 159
70 162
70 168
70 173
70 174
70 182
70 183
70 185
70 186
70 187
70 190
70 194
70 197
70 200
70 201
70 204
70 216
70 225
70 226
70 231
70 234
70 237
70 246
70 252
70 255
70 268
70 269
70 271
70 272
70 276
70 278
70 282
70 284
70 290
71 72
71 73
71 75
71 76
71 79
71 80
71 81
71 82
71 87
71 89
71 91
71 92
71 94
71 96
71 101
71 102
71 112
71 114
71 117
71 118
71 123
71 126
71 128
71 131
71 133
71 134
71 135
71 138
71 139
71 144
71 146
71 149
71 151
71 153
71 159
71 160
71 161
71 162
71 163
71 165
71 169
71 173
71 179
71 181
71 183
71 187
71 188
71 199
71 200
71 202
71 206
71 209
71 211
71 219
71 222
71 229
71 240
71 244
71 248
71 252
71 255
71 256
71 259
71 268
71 270
71 276
71 280
71 281
71 282
71 288
71 291
71 292
71 293
71 297
72 73
72 76
72 77
72 78
72 82
72 86
72 87
72 95
72 97
72 98
72 102
72 103
72 107
72 108
72 109
72 110
72 112
72 113
72 115
72 119
72 124
72 128
72 129
72 133
72 136
72 137
72 138
72 140
72 158
72 162
72 169
72 172
72 174
72 184
72 185
72 186
72 187
72 188
72 191
72 198
72 204
72 207
72 216
72 223
72 228
72 238
72 240
72 242
72 245
72 246
72 249
72 257
72 278
72 283
72 286
72 288
72 290
72 292
72 296
73 74
73 79
73 81
73 83
73 90
73 93
73 100
73 104
73 105
73 109
73 110
73 114
73 116
73 118
73 122
73 125
73 127
73 129
73 133
73 138
73 141
73 142
73 143
73 149
73 154
73 157
73 158
73 163
73 169
73 172
73 176
73 184
73 194
73 208
73 209
73 214
73 224
73 226
73 232
73 234
73 235
73 242
73 248
73 249
73 250
73 252
73 256
73 257
73 264
73 267
73 270
73 278
73 283
74 76
74 78
74 79
74 81
74 82
74 84
74 86
74 88
74 90
74 92
74 98
74 99
74 103
74 106
74 108
74 111
74 115
74 120
74 125
74 128
74 130
74 143
74 150
74 155
74 157
74 158
74 169
74 171
74 183
74 185
74 188
74 189
74 190
74 194
74 197
74 206
74 217
74 218
74 221
74 224
74 232
74 234
74 235
74 244
74 255
74 259
74 265
74 267
74 279
74 280
74 282
74 285
74 286
74 288
74 293
75 77
75 79
75 80
75 81
75 84
75 85
75 86
75 89
75 90
75 92
75 93
75 94
75 97
75 99
75 100
75 105
75 106
75 108
75 109
75 111
75 114
75 115
75 116
75 117
75 121
75 123
75 129
75 132
75 142
75 144
75 148
75 154
75 156
75 159
75 167
75 169
75 176
75 187
75 188
75 193
75 200
75 204
75 205
75 206
75 207
75 209
75 210
75 215
75 216
75 217
75 218
75 221
75 226
75 227
75 236
75 238
75 239
75 243
75 248
75 250
75 262
75 266
75 271
75 292
75 295
75 297
76 77
76 80
76 82
76 84
76 85
76 86
76 87
76 89
76 92
76 93
76 95
76 96
76 100
76 108
76 113
76 116
76 121
76 122
76 124
76 126
76 134
76 135
76 138
76 139
76 141
76 147
76 151
76 154
76 155
76 156
76 164
76 173
76 181
76 191
76 193
76 196
76 202
76 203
76 205
76 213
76 215
76 217
76 223
76 236
76 247
76 249
76 250
76 255
76 256
76 257
76 261
76 266
76 267
76 279
76 284
76 295
76 296
77 92
77 94
77 95
77 97
77 100
77 103
77 104
77 105
77 111
77 113
77 115
77 124
77 135
77 146
77 150
77 160
77 163
77 164
77 171
77 174
77 175
77 184
77 187
77 193
77 194
77 206
77 210
77 211
77 216
77 217
77 221
77 224
77 230
77 239
77 244
77 245
77 247
77 254
77 268
77 274
77 283
77 287
77 289
77 296
78 80
78 81
78 82
78 89
78 90
78 94
78 96
78 98
78 99
78 106
78 116
78 120
78 121
78 122
78 123
78 124
78 125
78 127
78 129
78 132
78 136
78 143
78 146
78 150
78 152
78 154
78 155
78 157
78 166
78 167
78 169
78 170
78 176
78 177
78 182
78 183
78 185
78 192
78 204
78 205
78 210
78 212
78 220
78 222
78 223
78 224
78 228
78 232
78 236
78 237
78 238
78 254
78 259
78 260
78 262
78 263
78 275
78 281
78 286
78 288
78 290
78 291
79 80
79 81
79 86
79 90
79 92
79 96
79 98
79 101
79 105
79 106
79 111
79 112
79 113
79 114
79 119
79 120
79 121
79 132
79 134
79 139
79 141
79 145
79 149
79 155
79 156
79 159
79 160
79 161
79 162
79 169
79 182
79 189
79 191
79 198
79 206
79 211
79 212
79 213
79 214
79 216
79 217
79 224
79 229
79 231
79 235
79 237
79 242
79 247
79 253
79 256
79 257
79 259
79 260
79 283
79 285
79 291
79 293
79 296
79 297
80 81
80 83
80 84
80 88
80 91
80 92
80 93
80 95
80 97
80 98
80 101
80 102
80 103
80 104
80 111
80 116
80 125
80 129
80 139
80 140
80 142
80 146
80 148
80 152
80 153
80 159
80 160
80 162
80 165
80 166
80 176
80 180
80 183
80 188
80 191
80 202
80 203
80 208
80 210
80 214
80 216
80 232
80 233
80 241
80 244
80 247
80 252
80 259
80 262
80 271
80 272
80 281
80 282
80 288
81 82
81 83
81 84
81 86
81 87
81 91
81 94
81 97
81 98
81 100
81 103
81 104
81 105
81 106
81 108
81 112
81 117
81 124
81 131
81 133
81 138
81 140
81 141
81 149
81 151
81 155
81 158
81 165
81 167
81 174
81 176
81 178
81 180
81 183
81 185
81 188
81 193
81 194
81 195
81 201
81 204
81 205
81 208
81 212
81 213
81 217
81 219
81 229
81 235
81 238
81 257
81 259
81 266
81 267
81 271
81 275
81 277
81 278
81 283
81 284
81 290
82 83
82 85
82 86
82 88
82 89
82 90
82 91
82 94
82 95
82 98
82 102
82 103
82 104
82 107
82 110
82 117
82 134
82 135
82 147
82 150
82 155
82 159
82 163
82 167
82 177
82 186
82 198
82 205
82 207
82 210
82 215
82 223
82 227
82 228
82 236
82 238
82 247
82 253
82 255
82 264
82 266
82 267
82 285
83 88
83 90
83 94
83 97
83 102
83 106
83 107
83 115
83 118
83 119
83 123
83 126
83 131
83 135
83 136
83 141
83 142
83 143
83 148
83 149
83 150
83 159
83 170
83 171
83 174
83 176
83 181
83 186
83 189
83 190
83 195
83 196
83 206
83 215
83 219
83 226
83 228
83 229
83 231
83 234
83 239
83 244
83 248
83 258
83 262
83 267
83 276
83 281
83 285
83 287
83 293
83 294
83 295
83 299
84 85
84 87
84 89
84 97
84 98
84 99
84 101
84 104
84 109
84 113
84 120
84 121
84 125
84 126
84 127
84 128
84 132
84 133
84 134
84 136
84 137
84 138
84 140
84 141
84 148
84 150
84 152
84 156
84 158
84 161
84 163
84 170
84 179
84 186
84 187
84 201
84 209
84 214
84 216
84 220
84 221
84 226
84 233
84 240
84 247
84 258
84 264
84 265
84 267
84 270
84 272
84 278
84 291
84 297
84 298
85 88
85 95
85 97
85 98
85 104
85 105
85 110
85 117
85 119
85 127
85 131
85 134
85 137
85 145
85 149
85 151
85 157
85 160
85 164
85 170
85 171
85 179
85 184
85 185
85 187
85 190
85 191
85 204
85 206
85 220
85 223
85 228
85 235
85 238
85 261
85 266
85 274
85 278
85 284
86 91
86 95
86 96
86 97
86 99
86 101
86 109
86 111
86 114
86 115
86 117
86 127
86 134
86 141
86 145
86 154
86 155
86 157
86 161
86 169
86 170
86 177
86 179
86 180
86 194
86 196
86 210
86 234
86 239
86 247
86 258
86 266
86 284
86 285
86 290
86 292
87 88
87 89
87 91
87 93
87 96
87 100
87 107
87 109
87 116
87 124
87 128
87 134
87 137
87 140
87 142
87 145
87 159
87 163
87 166
87 167
87 168
87 184
87 187
87 190
87 208
87 216
87 219
87 221
87 233
87 268
87 272
87 277
87 289
87 297
88 91
88 93
88 99
88 101
88 102
88 109
88 110
88 111
88 115
88 117
88 135
88 136
88 141
88 142
88 143
88 146
88 150
88 153
88 157
88 159
88 160
88 164
88 167
88 172
88 174
88 186
88 192
88 194
88 198
88 201
88 209
88 210
88 213
88 220
88 226
88 228
88 233
88 235
88 245
88 247
88 254
88 260
88 262
88 271
88 272
88 273
89 91
89 93
89 95
89 96
89 97
89 100
89 102
89 110
89 111
89 113
89 114
89 118
89 122
89 125
89 128
89 132
89 139
89 144
89 146
89 149
89 152
89 153
89 155
89 160
89 167
89 172
89 174
89 180
89 182
89 190
89 195
89 202
89 204
89 209
89 210
89 212
89 219
89 220
89 222
89 225
89 228
89 235
89 240
89 241
89 251
89 257
89 261
89 264
89 266
89 267
89 276
89 277
89 293
89 297
90 91
90 95
90 99
90 100
90 108
90 114
90 117
90 121
90 124
90 126
90 134
90 135
90 144
90 148
90 156
90 160
90 162
90 166
90 168
90 172
90 173
90 175
90 179
90 180
90 188
90 189
90 199
90 201
90 202
90 214
90 218
90 225
90 226
90 227
90 228
90 236
90 240
90 241
90 242
90 253
90 261
90 262
90 268
90 269
90 274
90 276
90 279
90 280
90 281
90 286
90 287
90 295
91 94
91 96
91 97
91 98
91 99
91 101
91 102
91 105
91 107
91 108
91 109
91 110
91 111
91 113
91 116
91 118
91 122
91 126
91 127
91 130
91 131
91 133
91 136
91 142
91 145
91 149
91 150
91 151
91 154
91 155
91 159
91 160
91 161
91 162
91 163
91 164
91 168
91 171
91 174
91 178
91 182
91 184
91 192
91 196
91 197
91 199
91 200
91 205
91 215
91 216
91 219
91 223
91 224
91 235
91 239
91 240
91 242
91 243
91 246
91 252
91 255
91 258
91 260
91 262
91 270
91 271
91 273
91 276
91 283
91 290
91 294
91 299
92 98
92 101
92 103
92 106
92 108
92 110
92 112
92 113
92 118
92 121
92 128
92 136
92 139
92 144
92 146
92 149
92 154
92 156
92 157
92 158
92 159
92 160
92 165
92 168
92 173
92 186
92 188
92 189
92 190
92 199
92 202
92 210
92 211
92 212
92 214
92 216
92 217
92 220
92 225
92 226
92 230
92 231
92 233
92 235
92 239
92 245
92 251
92 252
92 253
92 254
92 259
92 271
92 276
92 277
92 278
92 282
92 287
92 290
92 298
92 299
93 105
93 108
93 110
93 116
93 117
93 118
93 119
93 126
93 130
93 132
93 135
93 140
93 148
93 149
93 151
93 157
93 160
93 163
93 171
93 179
93 181
93 193
93 195
93 200
93 204
93 214
93 215
93 218
93 222
93 226
93 229
93 232
93 239
93 240
93 246
93 251
93 252
93 256
93 273
93 277
93 278
93 282
93 289
93 291
94 98
94 99
94 100
94 104
94 105
94 107
94 110
94 115
94 118
94 124
94 125
94 127
94 133
94 135
94 137
94 138
94 146
94 147
94 151
94 157
94 160
94 161
94 166
94 176
94 188
94 197
94 198
94 203
94 210
94 213
94 234
94 235
94 237
94 238
94 243
94 249
94 253
94 259
94 262
94 265
94 268
94 272
94 280
94 281
94 285
94 289
95 98
95 100
95 104
95 108
95 109
95 110
95 119
95 124
95 130
95 131
95 146
95 157
95 164
95 168
95 169
95 177
95 183
95 195
95 198
95 199
95 200
95 206
95 212
95 214
95 220
95 224
95 225
95 236
95 238
95 240
95 254
95 257
95 261
95 266
95 291
95 297
96 101
96 102
96 103
96 106
96 113
96 118
96 120
96 123
96 125
96 128
96 139
96 140
96 145
96 151
96 157
96 164
96 171
96 177
96 179
96 181
96 188
96 190
96 192
96 199
96 200
96 207
96 212
96 222
96 225
96 228
96 257
96 259
96 270
96 276
96 277
96 280
96 281
96 295
96 298
97 99
97 100
97 101
97 104
97 112
97 113
97 123
97 124
97 128
97 129
97 135
97 141
97 156
97 166
97 172
97 180
97 181
97 188
97 198
97 200
97 219
97 221
97 223
97 232
97 235
97 237
97 241
97 249
97 262
97 272
97 277
97 278
97 283
97 288
97 298
98 99
98 105
98 106
98 107
98 112
98 116
98 126
98 134
98 137
98 140
98 144
98 147
98 152
98 162
98 168
98 173
98 174
98 175
98 176
98 187
98 192
98 202
98 211
98 219
98 223
98 225
98 226
98 235
98 236
98 244
98 248
98 253
98 255
98 256
98 263
98 274
98 275
98 285
98 290
98 293
98 299
99 105
99 108
99 110
99 112
99 119
99 121
99 124
99 125
99 140
99 141
99 142
99 143
99 146
99 147
99 153
99 156
99 157
99 159
99 160
99 173
99 175
99 187
99 188
99 189
99 191
99 193
99 197
99 200
99 211
99 214
99 222
99 234
99 242
99 255
99 264
99 285
99 292
99 296
100 105
100 111
100 112
100 114
100 116
100 119
100 129
100 130
100 131
100 135
100 136
100 137
100 149
100 156
100 158
100 161
100 163
100 174
100 184
100 198
100 206
100 207
100 209
100 222
100 237
100 259
100 269
100 270
100 273
100 274
100 276
100 279
100 295
101 107
101 108
101 115
101 123
101 126
101 129
101 131
101 138
101 143
101 146
101 149
101 152
101 163
101 165
101 169
101 170
101 181
101 185
101 187
101 195
101 199
101 202
101 203
101 217
101 228
101 230
101 239
101 240
101 248
101 260
101 264
101 265
101 270
101 271
101 272
101 284
101 286
101 287
101 290
102 109
102 116
102 120
102 123
102 128
102 129
102 130
102 133
102 135
102 137
102 143
102 146
102 152
102 155
102 161
102 162
102 169
102 173
102 180
102 182
102 190
102 200
102 206
102 207
102 211
102 224
102 231
102 236
102 245
102 248
102 251
102 254
102 255
102 265
102 281
102 291
102 297
103 104
103 107
103 111
103 112
103 115
103 119
103 120
103 128
103 131
103 132
103 138
103 141
103 147
103 152
103 161
103 162
103 174
103 176
103 177
103 180
103 187
103 188
103 198
103 209
103 210
103 215
103 218
103 226
103 229
103 233
103 241
103 245
103 249
103 256
103 262
103 282
103 285
104 105
104 106
104 107
104 108
104 109
104 110
104 112
104 113
104 122
104 127
104 128
104 136
104 139
104 140
104 144
104 150
104 153
104 154
104 158
104 161
104 163
104 165
104 178
104 179
104 181
104 182
104 183
104 188
104 189
104 193
104 195
104 198
104 217
104 226
104 230
104 240
104 245
104 251
104 253
104 267
104 272
104 283
104 285
105 107
105 117
105 118
105 119
105 123
105 133
105 136
105 141
105 148
105 154
105 156
105 157
105 159
105 163
105 184
105 192
105 194
105 198
105 208
105 214
105 215
105 221
105 224
105 249
105 264
105 271
105 277
105 291
105 298
106 109
106 115
106 117
106 119
106 120
106 125
106 126
106 131
106 139
106 143
106 144
106 155
106 158
106 161
106 167
106 180
106 181
106 188
106 192
106 198
106 199
106 208
106 218
106 219
106 221
106 246
106 257
106 265
106 274
106 276
106 278
106 279
106 280
106 281
106 289
107 111
107 112
107 120
107 125
107 126
107 128
107 131
107 135
107 137
107 139
107 140
107 141
107 143
107 144
107 147
107 148
107 152
107 160
107 164
107 166
107 167
107 168
107 171
107 172
107 174
107 179
107 180
107 190
107 196
107 198
107 206
107 207
107 214
107 220
107 226
107 227
107 230
107 232
107 233
107 239
107 245
107 256
107 262
107 275
107 285
107 289
107 295
108 111
108 113
108 115
108 116
108 117
108 118
108 120
108 124
108 126
108 129
108 135
108 136
108 151
108 157
108 159
108 164
108 165
108 166
108 168
108 176
108 178
108 187
108 190
108 191
108 194
108 196
108 198
108 208
108 225
108 230
108 235
108 238
108 241
108 256
108 260
108 261
108 264
108 265
108 267
108 273
108 296
109 116
109 121
109 123
109 129
109 131
109 134
109 138
109 144
109 146
109 148
109 153
109 156
109 161
109 173
109 197
109 198
109 199
109 200
109 211
109 219
109 227
109 229
109 232
109 238
109 239
109 241
109 243
109 253
109 255
109 271
109 275
110 111
110 120
110 121
110 125
110 126
110 144
110 147
110 148
110 153
110 155
110 160
110 173
110 178
110 180
110 183
110 186
110 191
110 194
110 195
110 196
110 197
110 206
110 231
110 238
110 242
110 252
110 272
110 298
111 125
111 126
111 128
111 130
111 133
111 137
111 138
111 139
111 144
111 145
111 146
111 155
111 160
111 163
111 178
111 181
111 190
111 191
111 192
111 193
111 199
111 200
111 207
111 217
111 221
111 233
111 234
111 238
111 243
111 256
111 263
111 280
111 293
112 113
112 114
112 119
112 121
112 134
112 137
112 139
112 151
112 153
112 158
112 159
112 168
112 177
112 189
112 191
112 204
112 205
112 207
112 216
112 231
112 234
112 285
112 286
112 295
113 116
113 119
113 123
113 130
113 141
113 143
113 144
113 146
113 152
113 157
113 158
113 165
113 174
113 185
113 194
113 197
113 199
113 204
113 215
113 229
113 232
113 233
113 241
113 254
113 257
113 264
113 266
113 268
113 270
113 271
113 281
113 292
113 294
113 296
114 119
114 120
114 122
114 128
114 130
114 132
114 133
114 136
114 137
114 139
114 143
114 157
114 163
114 170
114 172
114 173
114 177
114 181
114 182
114 184
114 185
114 186
114 196
114 204
114 212
114 217
114 227
114 230
114 235
114 241
114 247
114 250
114 260
114 288
114 295
114 297
115 117
115 119
115 122
115 130
115 134
115 136
115 143
115 153
115 159
115 173
115 179
115 181
115 193
115 202
115 213
115 221
115 233
115 234
115 242
115 248
115 251
115 254
115 262
115 273
115 275
115 280
115 294
116 118
116 125
116 126
116 131
116 135
116 143
116 145
116 148
116 152
116 158
116 167
116 176
116 194
116 195
116 200
116 201
116 207
116 211
116 216
116 227
116 230
116 240
116 250
116 251
116 255
116 259
116 263
116 267
116 268
116 282
116 285
116 288
116 294
116 298
117 120
117 121
117 127
117 129
117 139
117 140
117 143
117 145
117 147
117 156
117 161
117 170
117 175
117 181
117 183
117 186
117 190
117 193
117 198
117 202
117 206
117 210
117 211
117 213
117 214
117 219
117 221
117 226
117 228
117 239
117 244
117 252
117 254
117 257
117 299
118 134
118 136
118 147
118 153
118 158
118 164
118 170
118 176
118 184
118 185
118 188
118 196
118 207
118 208
118 223
118 225
118 228
118 232
118 266
118 282
118 294
119 121
119 124
119 128
119 129
119 131
119 136
119 148
119 151
119 153
119 157
119 159
119 162
119 166
119 167
119 173
119 187
119 189
119 194
119 199
119 200
119 201
119 208
119 211
119 212
119 213
119 220
119 221
119 222
119 231
119 235
119 263
119 276
119 281
119 288
119 290
119 291
119 294
119 297
119 298
119 299
120 121
120 134
120 140
120 142
120 144
120 145
120 156
120 161
120 162
120 172
120 174
120 183
120 185
120 189
120 223
120 247
120 248
120 249
120 258
120 263
120 292
120 299
121 122
121 123
121 124
121 128
121 138
121 143
121 147
121 160
121 162
121 174
121 198
121 209
121 210
121 211
121 218
121 224
121 226
121 232
121 242
121 246
121 251
121 253
121 255
121 263
121 274
121 275
121 276
121 278
121 281
121 297
122 128
122 133
122 134
122 137
122 138
122 139
122 140
122 154
122 163
122 165
122 167
122 170
122 172
122 173
122 176
122 177
122 196
122 200
122 217
122 231
122 235
122 246
122 262
122 274
122 279
122 293
122 295
123 124
123 132
123 138
123 142
123 148
123 150
123 155
123 159
123 165
123 170
123 172
123 179
123 180
123 191
123 202
123 211
123 220
123 222
123 233
123 257
123 259
123 262
123 268
123 272
123 273
123 275
123 290
123 293
123 299
124 126
124 127
124 128
124 132
124 138
124 142
124 149
124 152
124 160
124 167
124 171
124 196
124 197
124 205
124 207
124 211
124 213
124 217
124 226
124 228
124 234
124 248
124 249
124 250
124 271
124 277
124 283
124 291
124 293
125 129
125 130
125 138
125 143
125 145
125 152
125 154
125 155
125 156
125 158
125 169
125 170
125 179
125 181
125 182
125 184
125 190
125 192
125 194
125 203
125 212
125 227
125 236
125 238
125 241
125 244
125 252
125 255
125 261
125 262
125 272
125 274
125 275
125 276
125 284
125 295
125 296
126 139
126 143
126 150
126 158
126 161
126 169
126 179
126 182
126 189
126 193
126 197
126 201
126 213
126 220
126 221
126 226
126 233
126 239
126 246
126 254
126 255
126 274
126 275
126 283
126 290
126 292
127 130
127 138
127 142
127 145
127 150
127 155
127 158
127 161
127 173
127 183
127 194
127 210
127 211
127 214
127 217
127 225
127 238
127 245
127 248
127 250
127 254
127 258
127 260
127 266
127 296
127 299
128 129
128 130
128 133
128 138
128 140
128 145
128 147
128 148
128 150
128 161
128 165
128 179
128 192
128 219
128 228
128 265
128 286
128 293
129 130
129 131
129 132
129 140
129 144
129 159
129 165
129 170
129 175
129 180
129 185
129 187
129 188
129 193
129 208
129 225
129 256
129 260
129 268
129 270
129 276
129 293
129 297
130 132
130 135
130 141
130 144
130 147
130 151
130 153
130 155
130 156
130 158
130 159
130 160
130 161
130 165
130 169
130 172
130 173
130 179
130 181
130 182
130 188
130 189
130 191
130 202
130 209
130 210
130 224
130 229
130 230
130 240
130 247
130 248
130 249
130 252
130 256
130 263
130 265
130 268
130 273
130 281
130 282
130 287
130 289
130 294
131 134
131 138
131 146
131 151
131 153
131 157
131 162
131 164
131 170
131 177
131 190
131 194
131 199
131 200
131 206
131 216
131 233
131 237
131 242
131 246
131 247
131 250
131 254
131 277
131 282
131 288
131 296
132 135
132 155
132 166
132 168
132 169
132 171
132 173
132 174
132 175
132 176
132 182
132 200
132 201
132 203
132 210
132 211
132 212
132 217
132 222
132 228
132 232
132 250
132 264
132 268
132 280
132 291
132 297
132 298
133 136
133 139
133 144
133 146
133 155
133 166
133 179
133 186
133 203
133 214
133 217
133 218
133 221
133 234
133 236
133 243
133 251
133 264
133 287
134 137
134 139
134 145
134 160
134 169
134 174
134 178
134 190
134 193
134 196
134 214
134 215
134 217
134 228
134 238
134 247
134 259
134 260
134 263
135 144
135 146
135 155
135 156
135 157
135 158
135 160
135 165
135 168
135 170
135 180
135 187
135 190
135 194
135 195
135 197
135 211
135 212
135 214
135 222
135 233
135 241
135 260
135 264
135 265
135 268
135 280
135 287
135 288
135 299
136 141
136 142
136 149
136 150
136 154
136 155
136 169
136 174
136 179
136 182
136 183
136 188
136 192
136 198
136 208
136 228
136 231
136 232
136 235
136 239
136 241
136 245
136 246
136 249
136 256
136 258
136 259
136 268
136 291
137 140
137 142
137 146
137 150
137 154
137 156
137 158
137 162
137 164
137 168
137 171
137 173
137 177
137 194
137 195
137 201
137 204
137 206
137 213
137 215
137 232
137 237
137 246
137 247
137 259
137 266
137 267
137 293
137 294
137 296
138 147
138 152
138 157
138 163
138 168
138 172
138 184
138 193
138 200
138 202
138 210
138 212
138 215
138 218
138 226
138 229
138 246
138 258
138 289
138 294
138 297
139 142
139 148
139 149
139 156
139 157
139 165
139 166
139 167
139 171
139 175
139 177
139 180
139 183
139 195
139 197
139 202
139 207
139 225
139 230
139 234
139 240
139 249
139 253
139 255
139 256
139 279
139 283
139 296
140 141
140 147
140 151
140 152
140 156
140 162
140 164
140 168
140 169
140 176
140 195
140 202
140 204
140 208
140 209
140 210
140 214
140 218
140 220
140 223
140 241
140 245
140 256
140 257
140 258
140 260
140 262
140 263
140 283
140 284
140 289
140 295
140 299
141 146
141 152
141 160
141 171
141 192
141 200
141 202
141 204
141 210
141 215
141 216
141 221
141 225
141 226
141 244
141 246
141 253
141 254
141 267
141 277
142 144
142 152
142 167
142 169
142 192
142 194
142 196
142 202
142 210
142 217
142 219
142 221
142 223
142 236
142 244
142 245
142 251
142 252
142 258
142 259
142 262
142 264
142 270
142 274
142 278
143 146
143 153
143 159
143 167
143 176
143 181
143 182
143 201
143 208
143 218
143 220
143 221
143 223
143 237
143 257
143 263
143 268
143 281
143 291
143 299
144 159
144 160
144 167
144 176
144 180
144 181
144 182
144 189
144 192
144 193
144 197
144 216
144 242
144 245
144 246
144 250
144 251
144 254
144 261
144 271
144 277
144 285
145 146
145 157
145 173
145 175
145 176
145 177
145 179
145 184
145 190
145 192
145 195
145 197
145 204
145 207
145 214
145 216
145 219
145 229
145 231
145 240
145 251
145 258
145 259
145 261
145 265
145 267
145 268
145 280
145 294
145 298
146 147
146 151
146 152
146 166
146 167
146 179
146 187
146 195
146 203
146 205
146 212
146 219
146 225
146 228
146 230
146 232
146 233
146 246
146 269
146 280
146 282
146 288
146 292
146 298
147 149
147 156
147 158
147 159
147 162
147 165
147 166
147 168
147 172
147 178
147 198
147 203
147 223
147 225
147 230
147 248
147 255
147 261
147 262
147 265
147 282
147 286
148 149
148 150
148 156
148 157
148 158
148 162
148 167
148 171
148 175
148 181
148 182
148 203
148 206
148 213
148 221
148 223
148 233
148 241
148 249
148 263
148 286
148 293
149 161
149 166
149 169
149 195
149 196
149 197
149 198
149 199
149 209
149 213
149 222
149 223
149 244
149 247
149 249
149 292
149 293
149 294
150 154
150 164
150 169
150 171
150 172
150 173
150 179
150 180
150 182
150 186
150 190
150 197
150 198
150 208
150 209
150 214
150 218
150 219
150 229
150 238
150 248
150 249
150 271
150 288
150 291
150 295
151 164
151 168
151 178
151 179
151 182
151 183
151 185
151 203
151 211
151 219
151 220
151 223
151 236
151 237
151 246
151 253
151 266
151 268
151 278
151 285
151 292
152 154
152 183
152 191
152 201
152 203
152 208
152 224
152 228
152 230
152 244
152 250
152 253
152 258
152 264
152 278
152 279
152 285
153 158
153 159
153 160
153 167
153 168
153 180
153 181
153 183
153 186
153 193
153 194
153 204
153 219
153 224
153 225
153 229
153 238
153 240
153 257
153 266
153 281
153 298
153 299
154 155
154 156
154 158
154 165
154 180
154 184
154 190
154 195
154 197
154 202
154 203
154 225
154 238
154 253
154 269
154 275
154 279
154 291
154 298
155 159
155 173
155 174
155 176
155 184
155 187
155 189
155 191
155 194
155 199
155 201
155 206
155 208
155 209
155 212
155 221
155 222
155 226
155 232
155 234
155 256
155 262
155 264
155 273
155 275
155 276
156 158
156 168
156 174
156 182
156 190
156 195
156 207
156 212
156 215
156 220
156 234
156 243
156 245
156 249
156 250
156 262
156 266
156 267
156 278
156 282
156 286
156 288
156 295
157 161
157 168
157 171
157 173
157 189
157 192
157 201
157 213
157 215
157 216
157 219
157 237
157 242
157 243
157 248
157 250
157 258
157 262
157 263
157 269
158 165
158 198
158 213
158 216
158 218
158 230
158 243
158 246
158 281
158 287
158 288
158 289
158 296
159 166
159 167
159 170
159 173
159 182
159 183
159 186
159 191
159 201
159 223
159 227
159 263
159 265
159 272
159 275
159 284
159 286
160 167
160 171
160 179
160 182
160 187
160 189
160 196
160 204
160 207
160 209
160 214
160 255
160 270
160 285
160 287
161 164
161 165
161 166
161 168
161 171
161 174
161 198
161 200
161 202
161 220
161 223
161 229
161 252
161 256
161 258
161 272
161 277
161 285
161 289
161 290
161 293
161 294
161 299
162 173
162 178
162 182
162 185
162 187
162 194
162 198
162 219
162 230
162 234
162 236
162 240
162 244
162 264
162 265
162 266
162 270
162 273
162 277
162 279
163 167
163 175
163 176
163 177
163 191
163 194
163 202
163 205
163 223
163 254
163 256
163 261
163 266
163 268
163 269
163 282
163 297
164 168
164 169
164 171
164 180
164 182
164 185
164 193
164 194
164 231
164 232
164 242
164 245
164 255
164 269
164 287
164 293
164 296
165 168
165 173
165 179
165 184
165 186
165 196
165 199
165 204
165 213
165 229
165 233
165 248
165 259
165 273
166 168
166 172
166 175
166 189
166 194
166 196
166 200
166 236
166 240
166 241
166 249
166 259
166 260
166 290
166 295
167 175
167 176
167 227
167 232
167 233
167 234
167 259
168 169
168 170
168 177
168 178
168 184
168 185
168 189
168 192
168 193
168 200
168 203
168 204
168 205
168 219
168 227
168 235
168 239
168 248
168 250
168 259
168 277
168 284
168 289
169 170
169 171
169 172
169 177
169 180
169 181
169 184
169 187
169 199
169 208
169 215
169 224
169 227
169 230
169 231
169 244
169 270
169 275
169 283
169 288
169 290
169 297
169 298
169 299
170 171
170 175
170 177
170 188
170 195
170 201
170 207
170 229
170 240
170 241
170 244
170 247
170 258
170 262
170 272
170 285
170 286
170 287
170 294
171 178
171 181
171 186
171 194
171 241
171 245
171 250
171 268
171 284
172 174
172 189
172 201
172 207
172 212
172 215
172 225
172 239
172 243
172 253
172 282
172 289
173 183
173 191
173 196
173 202
173 204
173 215
173 245
173 247
173 257
173 264
173 269
173 280
173 282
174 178
174 181
174 183
174 221
174 225
174 226
174 255
174 268
174 276
174 288
175 184
175 185
175 196
175 210
175 211
175 222
175 225
175 250
175 263
175 270
175 273
176 177
176 180
176 186
176 196
176 199
176 201
176 205
176 212
176 221
176 244
176 252
176 256
176 261
176 283
176 287
176 294
176 296
177 180
177 186
177 196
177 198
177 204
177 205
177 211
177 216
177 217
177 222
177 224
177 227
177 229
177 236
177 240
177 245
177 250
177 254
177 256
177 265
177 269
177 273
177 297
178 182
178 193
178 198
178 199
178 200
178 206
178 214
178 218
178 225
178 243
178 259
178 263
178 264
178 266
178 287
178 290
178 299
179 185
179 208
179 231
179 259
179 266
179 271
179 297
180 193
180 203
180 208
180 209
180 221
180 238
180 265
180 283
180 285
180 287
180 296
181 192
181 201
181 212
181 213
181 216
181 229
181 241
181 245
181 248
181 256
181 261
181 262
181 272
181 276
181 290
182 196
182 202
182 210
182 218
182 243
182 252
182 273
182 274
182 278
182 290
183 185
183 195
183 203
183 211
183 218
183 235
183 238
183 253
183 258
183 260
183 280
183 289
183 295
184 197
184 208
184 211
184 219
184 221
184 233
184 251
184 263
184 274
184 282
184 283
184 296
184 298
185 195
185 215
185 221
185 227
185 269
185 270
185 284
185 285
185 287
185 288
186 196
186 202
186 229
186 237
186 238
186 248
186 257
186 258
186 263
186 283
186 292
187 197
187 201
187 214
187 221
187 229
187 234
187 257
187 261
187 292
188 191
188 198
188 200
188 203
188 211
188 221
188 223
188 244
188 273
188 274
188 276
188 281
188 297
189 193
189 194
189 205
189 206
189 215
189 227
189 230
189 252
189 284
189 291
189 295
189 298
190 208
190 224
190 243
190 252
190 257
190 265
190 272
190 276
190 291
191 196
191 205
191 211
191 223
191 232
191 237
191 246
191 251
191 254
191 295
192 197
192 209
192 229
192 234
192 237
192 239
192 267
192 271
192 284
192 290
193 199
193 214
193 217
193 219
193 233
193 258
193 275
193 296
193 297
194 225
194 227
194 244
194 246
194 249
194 250
194 252
194 257
194 274
194 282
194 292
195 210
195 216
195 217
195 218
195 227
195 238
195 239
195 247
195 248
195 271
195 272
195 288
195 290
195 295
195 299
196 219
196 221
196 230
196 244
196 251
196 264
196 273
196 286
196 294
197 203
197 205
197 210
197 214
197 217
197 231
197 233
197 241
197 243
197 268
197 283
197 285
197 289
198 200
198 205
198 215
198 241
199 202
199 205
199 226
199 228
199 235
199 239
199 242
199 252
199 275
199 277
199 278
199 286
199 295
200 202
200 204
200 207
200 208
200 221
200 224
200 229
200 235
200 242
200 250
200 265
200 278
200 280
200 282
200 286
200 288
200 292
201 208
201 212
201 217
201 221
201 227
201 234
201 235
201 241
201 247
201 250
201 277
201 284
201 291
202 203
202 220
202 280
202 284
202 289
203 206
203 208
203 210
203 211
203 233
203 236
203 253
203 261
203 270
203 279
203 283
203 298
203 299
204 218
204 222
204 225
204 227
204 230
204 237
204 239
204 243
204 250
204 252
204 264
204 269
204 271
204 272
204 290
204 291
204 294
204 297
205 218
205 240
205 254
205 263
205 268
206 225
206 237
206 242
206 246
206 255
206 262
206 266
206 270
206 297
206 299
207 211
207 231
207 249
207 264
207 274
207 281
207 293
207 298
208 209
208 217
208 222
208 226
208 238
208 239
208 259
208 279
208 283
208 284
208 291
208 294
208 296
209 211
209 213
209 219
209 235
209 238
209 239
209 242
209 253
209 263
209 264
209 267
209 276
209 298
210 217
210 220
210 233
210 243
210 252
210 262
210 293
210 295
211 223
211 237
211 248
211 250
211 286
212 231
212 238
212 245
212 253
212 265
212 269
212 270
212 283
213 218
213 219
213 224
213 227
213 233
213 239
213 243
213 254
213 262
213 266
213 268
213 269
213 287
213 289
213 292
213 296
214 215
214 220
214 240
214 241
214 244
214 253
214 280
214 283
215 218
215 227
215 230
215 232
215 237
215 238
215 241
215 274
215 279
215 283
215 290
215 292
216 223
216 231
216 242
216 244
216 252
216 269
216 273
217 224
217 242
217 244
217 258
217 271
217 277
217 280
218 220
218 231
218 232
218 248
218 256
218 261
218 274
218 284
219 250
219 251
219 252
219 255
219 264
219 265
220 224
220 226
220 235
220 257
220 272
220 280
220 289
221 222
221 225
221 235
221 242
221 254
221 258
221 263
221 285
221 290
221 298
222 244
222 254
222 271
222 284
222 296
223 224
223 245
223 265
223 277
223 284
224 225
224 227
224 260
224 265
224 269
224 273
224 276
224 290
224 295
224 297
225 228
225 230
225 251
225 259
225 263
225 295
226 246
226 259
226 276
226 283
226 286
226 297
227 233
227 241
227 246
227 252
227 258
227 282
227 287
228 256
228 297
229 253
229 272
229 275
230 231
230 244
230 267
230 273
230 276
230 289
230 290
230 295
231 237
231 243
231 256
231 257
231 292
232 236
232 237
232 243
232 249
232 275
232 276
232 277
232 280
232 290
232 293
233 243
233 245
233 270
233 293
233 299
234 277
234 279
234 281
234 293
235 236
235 249
235 258
235 261
235 266
235 286
236 243
236 252
236 280
236 288
236 296
236 298
237 238
237 261
237 265
237 270
238 240
238 244
238 275
238 276
238 277
238 282
238 299
239 240
239 241
239 254
239 278
239 287
239 295
239 299
240 243
240 286
241 254
241 260
241 267
241 284
241 292
241 299
242 274
242 276
242 277
242 283
243 261
243 268
243 273
244 249
244 251
244 254
244 265
244 284
244 294
245 267
245 273
245 287
245 292
246 248
246 252
246 256
246 260
246 267
246 269
246 273
246 277
246 281
247 258
247 275
247 285
247 286
247 287
248 254
248 287
249 263
249 286
250 251
250 262
250 278
250 284
251 279
251 284
251 288
251 295
252 253
252 259
252 279
252 289
252 291
252 294
252 297
253 258
253 260
253 272
253 276
253 288
253 290
253 294
254 286
254 295
255 257
255 273
255 274
255 278
255 279
255 289
256 267
256 272
256 281
256 289
256 299
257 277
258 262
258 268
258 271
258 274
258 280
259 260
259 271
260 262
260 264
260 267
260 270
260 281
260 294
260 298
261 263
261 278
261 285
262 273
262 274
262 279
262 280
262 283
263 276
263 280
264 272
264 279
264 287
265 267
265 272
265 281
265 289
265 291
266 268
266 295
267 284
268 293
268 296
269 271
269 277
269 286
269 288
269 292
269 294
269 295
270 271
270 273
270 275
270 279
271 289
271 296
272 285
273 280
274 285
276 285
276 286
276 297
277 279
277 286
277 288
277 292
278 287
278 291
280 288
281 283
282 297
282 298
283 294
283 297
283 298
285 287
285 294
286 292
288 289
288 290
288 298
289 292
289 296
289 299
291 293
291 299
292 299
294 298
