0 1
0 2
0 3
0 4
0 5
0 6
0 7
0 8
0 9
0 10
0 11
0 12
0 13
0 14
0 15
0 16
0 17
0 18
0 19
0 20
0 21
0 22
0 23
0 24
0 25
0 26
0 27
0 28
0 29
0 30
0 31
0 32
0 33
0 34
0 35
0 36
0 37
0 38
0 39
0 40
0 41
0 42
0 43
0 44
0 45
0 46
0 47
0 48
0 49
0 50
0 51
0 52
0 53
0 54
0 55
0 56
0 57
0 58
0 60
0 61
0 65
0 67
0 71
0 73
0 74
0 75
0 76
0 77
0 79
0 83
0 85
0 87
0 91
0 93
0 94
0 97
0 102
0 103
0 105
0 106
0 111
0 112
0 113
0 114
0 115
0 118
0 124
0 126
0 128
0 130
0 132
0 135
0 137
0 139
0 141
0 146
0 147
0 152
0 155
0 166
0 167
0 170
0 172
0 173
0 179
0 191
0 194
0 197
1 28
1 29
1 31
1 32
1 33
1 34
1 35
1 36
1 37
1 38
1 39
1 40
1 41
1 45
1 46
1 50
1 51
1 53
1 55
1 56
1 60
1 64
1 74
1 76
1 78
1 80
1 82
1 85
1 90
1 92
1 93
1 97
1 101
1 104
1 107
1 110
1 113
1 114
1 117
1 124
1 130
1 135
1 139
1 147
1 148
1 153
1 162
1 164
1 166
1 171
1 184
1 190
1 193
1 199
2 28
2 29
2 30
2 31
2 32
2 33
2 34
2 35
2 36
2 37
2 38
2 42
2 45
2 48
2 49
2 50
2 51
2 54
2 63
2 64
2 65
2 67
2 72
2 77
2 82
2 86
2 94
2 101
2 110
2 114
2 123
2 133
2 143
2 166
2 169
2 171
2 179
2 180
2 181
2 183
2 195
3 28
3 29
3 30
3 31
3 33
3 34
3 37
3 41
3 44
3 46
3 48
3 52
3 56
3 63
3 64
3 66
3 68
3 76
3 82
3 85
3 87
3 88
3 91
3 108
3 115
3 116
3 133
3 143
3 145
3 154
3 162
3 172
3 173
3 182
4 29
4 30
4 31
4 34
4 35
4 36
4 38
4 39
4 42
4 44
4 45
4 48
4 52
4 54
4 55
4 57
4 59
4 61
4 63
4 67
4 69
4 70
4 72
4 74
4 79
4 93
4 95
4 105
4 113
4 131
4 140
4 141
4 146
4 150
4 158
4 178
4 186
4 192
5 28
5 29
5 30
5 32
5 34
5 36
5 37
5 38
5 39
5 40
5 41
5 42
5 44
5 46
5 48
5 51
5 53
5 54
5 55
5 60
5 65
5 70
5 72
5 73
5 74
5 79
5 82
5 84
5 86
5 89
5 95
5 96
5 97
5 100
5 103
5 112
5 114
5 115
5 122
5 130
5 136
5 147
5 148
5 151
5 155
5 160
5 173
5 178
5 185
5 193
6 28
6 29
6 30
6 31
6 33
6 34
6 35
6 36
6 37
6 38
6 42
6 43
6 45
6 47
6 49
6 51
6 52
6 55
6 58
6 59
6 60
6 61
6 62
6 65
6 66
6 67
6 68
6 69
6 71
6 77
6 80
6 83
6 87
6 91
6 99
6 105
6 115
6 119
6 123
6 124
6 125
6 131
6 132
6 133
6 159
6 186
6 195
6 196
7 28
7 29
7 30
7 31
7 32
7 34
7 35
7 39
7 41
7 54
7 55
7 56
7 57
7 62
7 68
7 78
7 103
7 107
7 120
7 125
7 142
7 145
7 147
7 148
7 150
7 158
7 170
7 182
7 188
7 196
8 28
8 29
8 30
8 33
8 34
8 37
8 39
8 41
8 42
8 44
8 46
8 59
8 64
8 67
8 69
8 70
8 77
8 79
8 85
8 89
8 94
8 95
8 98
8 104
8 108
8 112
8 114
8 121
8 122
8 125
8 127
8 128
8 129
8 133
8 136
8 157
8 158
8 166
8 168
8 180
8 187
8 192
8 197
9 28
9 29
9 30
9 32
9 34
9 36
9 41
9 43
9 47
9 49
9 52
9 53
9 54
9 57
9 58
9 59
9 62
9 71
9 77
9 79
9 80
9 87
9 90
9 92
9 95
9 98
9 104
9 108
9 111
9 116
9 125
9 127
9 130
9 138
9 142
9 153
9 162
9 166
9 173
9 178
9 186
9 188
9 193
10 28
10 29
10 30
10 31
10 32
10 33
10 35
10 36
10 38
10 40
10 43
10 44
10 45
10 46
10 47
10 48
10 51
10 52
10 56
10 58
10 60
10 61
10 65
10 66
10 73
10 76
10 78
10 79
10 80
10 83
10 84
10 92
10 93
10 94
10 110
10 134
10 150
10 161
10 166
10 175
10 179
10 191
10 196
11 28
11 29
11 31
11 32
11 33
11 34
11 35
11 40
11 42
11 47
11 48
11 49
11 50
11 51
11 53
11 55
11 57
11 60
11 63
11 66
11 67
11 70
11 71
11 79
11 80
11 89
11 90
11 91
11 92
11 94
11 95
11 96
11 98
11 104
11 113
11 119
11 120
11 124
11 131
11 133
11 137
11 144
11 145
11 154
11 159
11 167
11 174
11 193
11 195
11 196
11 199
12 28
12 29
12 30
12 31
12 33
12 34
12 35
12 36
12 37
12 38
12 40
12 42
12 45
12 47
12 50
12 52
12 55
12 56
12 58
12 60
12 61
12 62
12 64
12 68
12 70
12 72
12 75
12 76
12 80
12 82
12 84
12 88
12 91
12 95
12 110
12 112
12 115
12 118
12 119
12 148
12 152
12 154
12 155
12 162
12 174
12 179
12 181
12 185
12 193
12 198
13 28
13 29
13 30
13 31
13 32
13 33
13 34
13 35
13 36
13 37
13 38
13 39
13 41
13 43
13 44
13 47
13 49
13 53
13 54
13 56
13 57
13 60
13 62
13 73
13 75
13 86
13 91
13 92
13 95
13 96
13 103
13 106
13 107
13 109
13 110
13 114
13 115
13 131
13 146
13 153
13 159
13 160
13 162
13 164
13 167
13 169
13 170
13 176
13 179
13 181
13 195
14 28
14 29
14 30
14 31
14 32
14 33
14 34
14 35
14 36
14 37
14 38
14 45
14 48
14 49
14 50
14 53
14 54
14 56
14 59
14 60
14 61
14 64
14 70
14 72
14 80
14 99
14 101
14 102
14 107
14 112
14 114
14 116
14 119
14 121
14 125
14 126
14 133
14 135
14 146
14 150
14 155
14 159
14 160
14 164
14 167
14 176
14 184
15 28
15 29
15 30
15 31
15 32
15 33
15 35
15 36
15 40
15 42
15 43
15 44
15 47
15 50
15 53
15 57
15 61
15 62
15 64
15 67
15 74
15 80
15 82
15 87
15 89
15 92
15 93
15 94
15 102
15 105
15 106
15 109
15 127
15 128
15 134
15 136
15 138
15 140
15 150
15 152
15 154
15 156
15 165
15 166
15 167
15 174
15 178
15 179
15 183
15 188
15 191
15 192
16 28
16 32
16 33
16 37
16 39
16 40
16 56
16 60
16 70
16 78
16 83
16 88
16 90
16 109
16 111
16 153
16 169
16 175
16 184
17 28
17 29
17 30
17 31
17 32
17 35
17 36
17 37
17 38
17 39
17 40
17 43
17 47
17 48
17 52
17 53
17 55
17 56
17 57
17 60
17 62
17 77
17 82
17 94
17 102
17 110
17 141
17 170
17 171
17 195
17 197
17 199
18 28
18 29
18 30
18 31
18 32
18 33
18 35
18 36
18 39
18 40
18 41
18 42
18 44
18 45
18 46
18 51
18 52
18 53
18 60
18 64
18 65
18 75
18 76
18 77
18 81
18 82
18 83
18 84
18 86
18 94
18 96
18 100
18 108
18 109
18 122
18 123
18 125
18 134
18 139
18 142
18 149
18 152
18 162
18 164
18 165
18 167
18 170
18 173
18 189
18 195
19 28
19 30
19 31
19 32
19 33
19 34
19 37
19 39
19 43
19 45
19 55
19 56
19 57
19 59
19 63
19 71
19 74
19 76
19 77
19 81
19 90
19 93
19 112
19 123
19 154
19 169
19 172
19 173
19 190
19 197
19 198
20 28
20 29
20 30
20 31
20 32
20 33
20 34
20 35
20 36
20 37
20 38
20 39
20 40
20 42
20 45
20 46
20 47
20 50
20 55
20 57
20 64
20 70
20 71
20 94
20 107
20 109
20 111
20 117
20 119
20 131
20 138
20 148
20 150
20 168
20 169
20 171
20 179
20 196
20 197
21 28
21 29
21 30
21 31
21 32
21 34
21 35
21 36
21 39
21 41
21 43
21 44
21 46
21 49
21 50
21 52
21 55
21 57
21 61
21 63
21 66
21 68
21 70
21 71
21 73
21 76
21 78
21 80
21 84
21 91
21 99
21 119
21 130
21 136
21 142
21 143
21 148
21 162
21 167
21 171
21 198
22 28
22 29
22 30
22 31
22 32
22 33
22 34
22 35
22 36
22 39
22 40
22 46
22 47
22 59
22 61
22 66
22 68
22 78
22 81
22 91
22 104
22 105
22 137
22 140
22 141
22 152
22 156
22 160
22 165
22 172
22 176
22 178
22 180
22 197
23 28
23 29
23 30
23 31
23 32
23 33
23 34
23 37
23 38
23 39
23 41
23 42
23 43
23 44
23 47
23 48
23 56
23 57
23 61
23 63
23 67
23 68
23 72
23 74
23 76
23 79
23 80
23 91
23 104
23 130
23 131
23 148
23 162
23 173
23 180
23 190
23 192
23 196
24 28
24 29
24 30
24 31
24 32
24 33
24 34
24 35
24 37
24 38
24 39
24 40
24 41
24 47
24 49
24 50
24 51
24 52
24 53
24 55
24 56
24 58
24 59
24 61
24 62
24 63
24 70
24 75
24 81
24 83
24 86
24 87
24 88
24 92
24 93
24 96
24 99
24 100
24 108
24 110
24 112
24 117
24 119
24 120
24 121
24 122
24 127
24 128
24 130
24 132
24 134
24 135
24 139
24 140
24 141
24 147
24 154
24 157
24 163
24 166
24 186
24 187
25 28
25 29
25 30
25 31
25 32
25 33
25 36
25 37
25 38
25 40
25 41
25 42
25 45
25 46
25 47
25 48
25 58
25 62
25 64
25 65
25 66
25 71
25 75
25 76
25 78
25 79
25 80
25 82
25 84
25 85
25 87
25 90
25 92
25 93
25 94
25 97
25 109
25 126
25 128
25 135
25 137
25 141
25 142
25 144
25 146
25 147
25 150
25 154
25 159
25 163
25 164
25 167
25 168
25 177
25 188
25 189
26 28
26 29
26 30
26 31
26 32
26 33
26 34
26 35
26 38
26 39
26 40
26 41
26 43
26 44
26 45
26 46
26 47
26 51
26 52
26 53
26 54
26 55
26 58
26 65
26 73
26 76
26 78
26 82
26 85
26 108
26 109
26 112
26 120
26 130
26 145
26 150
26 162
26 165
26 173
26 178
26 188
26 190
26 195
26 198
27 28
27 29
27 30
27 31
27 32
27 33
27 35
27 36
27 37
27 38
27 40
27 41
27 43
27 45
27 46
27 47
27 49
27 58
27 66
27 74
27 75
27 78
27 86
27 88
27 90
27 97
27 111
27 113
27 117
27 122
27 126
27 134
27 141
27 142
27 150
27 151
27 174
27 181
27 187
27 189
27 191
28 29
28 30
28 31
28 32
28 33
28 34
28 35
28 36
28 37
28 38
28 39
28 40
28 41
28 42
28 43
28 44
28 47
28 48
28 49
28 51
28 52
28 54
28 55
28 56
28 59
28 60
28 62
28 63
28 64
28 66
28 67
28 69
28 71
28 72
28 73
28 75
28 76
28 77
28 79
28 80
28 81
28 85
28 86
28 87
28 89
28 92
28 93
28 96
28 105
28 106
28 107
28 111
28 115
28 116
28 117
28 118
28 121
28 123
28 126
28 128
28 131
28 132
28 135
28 141
28 144
28 145
28 149
28 154
28 155
28 156
28 157
28 160
28 161
28 164
28 165
28 167
28 171
28 172
28 182
28 186
28 188
28 189
28 191
28 192
28 194
29 30
29 31
29 32
29 33
29 34
29 35
29 36
29 37
29 38
29 39
29 41
29 42
29 43
29 44
29 46
29 47
29 48
29 50
29 51
29 52
29 55
29 56
29 58
29 63
29 64
29 66
29 73
29 75
29 78
29 79
29 80
29 83
29 85
29 87
29 88
29 89
29 93
29 94
29 95
29 96
29 98
29 100
29 104
29 107
29 111
29 113
29 114
29 116
29 117
29 118
29 119
29 120
29 126
29 127
29 129
29 132
29 134
29 136
29 137
29 146
29 154
29 163
29 164
29 168
29 171
29 172
29 175
29 185
29 187
29 196
30 31
30 32
30 33
30 34
30 35
30 36
30 37
30 38
30 39
30 40
30 41
30 42
30 43
30 44
30 45
30 47
30 48
30 49
30 50
30 52
30 53
30 55
30 56
30 58
30 59
30 60
30 61
30 62
30 63
30 64
30 65
30 66
30 67
30 68
30 69
30 71
30 72
30 74
30 76
30 77
30 82
30 83
30 86
30 89
30 95
30 97
30 99
30 101
30 102
30 103
30 105
30 109
30 110
30 111
30 116
30 117
30 118
30 119
30 120
30 122
30 126
30 127
30 128
30 129
30 134
30 137
30 138
30 139
30 142
30 143
30 144
30 159
30 161
30 168
30 171
30 175
30 178
30 181
30 182
30 184
30 187
30 191
30 192
30 197
31 32
31 33
31 34
31 35
31 36
31 37
31 38
31 39
31 40
31 41
31 42
31 43
31 44
31 45
31 46
31 47
31 48
31 49
31 50
31 52
31 53
31 54
31 57
31 58
31 59
31 60
31 62
31 63
31 66
31 67
31 69
31 72
31 73
31 74
31 77
31 78
31 80
31 81
31 84
31 88
31 89
31 90
31 91
31 95
31 96
31 97
31 98
31 101
31 104
31 105
31 109
31 113
31 114
31 115
31 117
31 121
31 122
31 128
31 132
31 133
31 135
31 138
31 139
31 142
31 143
31 146
31 148
31 149
31 150
31 156
31 157
31 163
31 165
31 166
31 168
31 169
31 170
31 172
31 175
31 176
31 184
31 186
31 192
31 193
31 197
31 198
31 199
32 33
32 34
32 35
32 36
32 37
32 38
32 39
32 40
32 41
32 42
32 43
32 44
32 46
32 47
32 48
32 49
32 50
32 52
32 53
32 55
32 56
32 57
32 59
32 61
32 63
32 64
32 65
32 69
32 70
32 71
32 72
32 73
32 74
32 77
32 79
32 81
32 82
32 84
32 87
32 89
32 97
32 98
32 99
32 100
32 101
32 103
32 104
32 112
32 113
32 115
32 117
32 120
32 129
32 130
32 136
32 137
32 139
32 141
32 143
32 153
32 154
32 155
32 156
32 164
32 170
32 173
32 178
32 182
32 183
32 185
32 186
32 191
32 192
32 197
32 198
32 199
33 34
33 35
33 36
33 37
33 38
33 39
33 40
33 41
33 42
33 43
33 44
33 45
33 46
33 48
33 49
33 50
33 51
33 52
33 53
33 54
33 57
33 59
33 61
33 62
33 65
33 69
33 72
33 73
33 75
33 78
33 82
33 86
33 88
33 92
33 93
33 94
33 96
33 99
33 100
33 101
33 102
33 106
33 111
33 112
33 114
33 115
33 121
33 123
33 124
33 125
33 126
33 127
33 129
33 130
33 131
33 133
33 138
33 139
33 140
33 142
33 143
33 147
33 151
33 152
33 155
33 156
33 160
33 165
33 168
33 170
33 171
33 182
33 183
33 189
33 191
33 192
33 193
33 197
34 35
34 36
34 37
34 38
34 40
34 41
34 42
34 43
34 44
34 45
34 46
34 48
34 49
34 51
34 52
34 54
34 56
34 57
34 58
34 61
34 63
34 65
34 66
34 67
34 69
34 73
34 74
34 75
34 76
34 77
34 83
34 84
34 92
34 95
34 97
34 98
34 99
34 100
34 102
34 103
34 104
34 108
34 110
34 111
34 112
34 115
34 117
34 121
34 122
34 123
34 124
34 125
34 128
34 129
34 130
34 134
34 135
34 138
34 140
34 142
34 159
34 160
34 165
34 169
34 175
34 176
34 183
34 188
34 199
35 36
35 37
35 38
35 39
35 40
35 41
35 42
35 43
35 44
35 45
35 46
35 47
35 48
35 49
35 50
35 51
35 52
35 53
35 54
35 55
35 57
35 58
35 59
35 62
35 64
35 66
35 67
35 69
35 71
35 73
35 75
35 77
35 82
35 87
35 89
35 90
35 91
35 92
35 93
35 95
35 99
35 100
35 105
35 106
35 107
35 113
35 120
35 123
35 125
35 127
35 129
35 133
35 143
35 144
35 148
35 152
35 153
35 154
35 158
35 161
35 163
35 164
35 166
35 182
35 185
35 188
35 190
35 193
36 37
36 38
36 39
36 40
36 41
36 42
36 43
36 44
36 45
36 46
36 48
36 49
36 50
36 51
36 53
36 56
36 57
36 58
36 60
36 61
36 64
36 65
36 67
36 72
36 74
36 75
36 79
36 80
36 81
36 82
36 83
36 85
36 90
36 91
36 93
36 94
36 97
36 98
36 101
36 103
36 105
36 113
36 114
36 115
36 118
36 119
36 120
36 121
36 123
36 124
36 125
36 134
36 136
36 143
36 144
36 146
36 147
36 148
36 151
36 154
36 161
36 162
36 166
36 167
36 169
36 170
36 174
36 175
36 181
36 182
36 184
36 189
36 190
36 192
36 193
36 195
36 196
36 198
37 38
37 39
37 40
37 41
37 42
37 43
37 44
37 45
37 46
37 50
37 51
37 54
37 55
37 57
37 58
37 60
37 61
37 65
37 67
37 68
37 69
37 70
37 72
37 73
37 75
37 77
37 78
37 79
37 80
37 81
37 96
37 98
37 99
37 100
37 105
37 106
37 107
37 110
37 111
37 116
37 117
37 118
37 127
37 129
37 137
37 140
37 147
37 148
37 152
37 154
37 159
37 176
37 181
37 182
37 185
37 186
37 187
37 188
37 192
37 194
37 196
38 39
38 40
38 41
38 42
38 43
38 44
38 45
38 46
38 47
38 48
38 49
38 50
38 54
38 55
38 56
38 59
38 60
38 61
38 62
38 65
38 66
38 71
38 74
38 75
38 77
38 83
38 84
38 85
38 87
38 90
38 95
38 98
38 100
38 102
38 103
38 104
38 105
38 106
38 109
38 111
38 118
38 119
38 120
38 121
38 128
38 129
38 130
38 132
38 133
38 135
38 137
38 138
38 142
38 152
38 155
38 157
38 159
38 165
38 166
38 167
38 168
38 172
38 183
38 189
38 195
39 40
39 42
39 43
39 45
39 46
39 47
39 48
39 49
39 50
39 51
39 52
39 54
39 56
39 58
39 59
39 61
39 63
39 64
39 68
39 69
39 71
39 73
39 78
39 84
39 85
39 87
39 89
39 90
39 91
39 92
39 98
39 101
39 106
39 115
39 117
39 126
39 127
39 129
39 131
39 141
39 143
39 158
39 160
39 161
39 172
39 174
39 183
39 188
39 193
39 195
40 41
40 42
40 43
40 44
40 45
40 46
40 47
40 49
40 50
40 51
40 52
40 54
40 59
40 62
40 63
40 64
40 65
40 66
40 67
40 68
40 69
40 70
40 71
40 72
40 73
40 74
40 76
40 77
40 78
40 80
40 81
40 83
40 88
40 89
40 90
40 95
40 96
40 97
40 98
40 99
40 102
40 104
40 106
40 108
40 111
40 115
40 116
40 117
40 119
40 120
40 123
40 126
40 127
40 132
40 138
40 140
40 144
40 147
40 152
40 154
40 155
40 158
40 162
40 166
40 167
40 168
40 171
40 174
40 175
40 176
40 180
40 181
40 183
40 187
40 189
40 191
41 42
41 43
41 44
41 45
41 46
41 48
41 49
41 50
41 51
41 52
41 53
41 54
41 57
41 58
41 59
41 60
41 65
41 68
41 69
41 71
41 72
41 75
41 76
41 80
41 85
41 87
41 88
41 90
41 91
41 94
41 101
41 104
41 105
41 108
41 110
41 112
41 113
41 114
41 115
41 127
41 130
41 132
41 133
41 137
41 148
41 156
41 157
41 160
41 161
41 176
41 181
41 190
42 43
42 44
42 46
42 47
42 48
42 49
42 50
42 52
42 53
42 54
42 57
42 60
42 61
42 64
42 68
42 69
42 73
42 75
42 77
42 78
42 79
42 81
42 82
42 83
42 85
42 86
42 88
42 89
42 91
42 95
42 98
42 102
42 108
42 112
42 119
42 120
42 122
42 124
42 127
42 136
42 138
42 139
42 140
42 141
42 149
42 151
42 152
42 154
42 155
42 159
42 161
42 164
42 166
42 168
42 171
42 179
42 186
42 188
42 193
42 196
42 199
43 44
43 45
43 48
43 51
43 53
43 56
43 59
43 62
43 65
43 66
43 68
43 70
43 71
43 72
43 73
43 79
43 81
43 82
43 85
43 86
43 87
43 89
43 94
43 96
43 97
43 101
43 102
43 106
43 112
43 113
43 116
43 118
43 120
43 122
43 132
43 133
43 136
43 140
43 145
43 146
43 147
43 148
43 150
43 162
43 163
43 175
43 177
43 179
43 180
43 188
43 191
43 197
44 45
44 46
44 49
44 50
44 51
44 53
44 55
44 56
44 58
44 66
44 68
44 70
44 73
44 81
44 93
44 94
44 95
44 97
44 99
44 102
44 103
44 108
44 109
44 111
44 114
44 118
44 119
44 123
44 127
44 128
44 133
44 135
44 140
44 142
44 143
44 144
44 146
44 153
44 154
44 160
44 161
44 165
44 169
44 170
44 175
44 176
44 185
44 188
44 189
44 198
45 47
45 48
45 49
45 51
45 52
45 53
45 54
45 58
45 59
45 61
45 62
45 67
45 68
45 71
45 72
45 74
45 78
45 81
45 82
45 83
45 86
45 87
45 90
45 92
45 94
45 95
45 96
45 97
45 99
45 100
45 101
45 102
45 103
45 105
45 106
45 107
45 112
45 114
45 117
45 118
45 122
45 128
45 136
45 137
45 139
45 141
45 148
45 149
45 151
45 154
45 156
45 158
45 161
45 162
45 170
45 171
45 173
45 177
45 179
45 181
45 183
45 187
45 188
45 198
46 48
46 49
46 50
46 52
46 53
46 55
46 56
46 57
46 58
46 62
46 63
46 64
46 65
46 66
46 68
46 70
46 73
46 77
46 80
46 81
46 82
46 84
46 99
46 101
46 107
46 112
46 113
46 115
46 116
46 117
46 118
46 119
46 122
46 125
46 126
46 128
46 133
46 134
46 136
46 139
46 147
46 155
46 156
46 157
46 159
46 163
46 164
46 165
46 167
46 169
46 170
46 179
46 180
46 194
46 197
46 199
47 50
47 51
47 53
47 54
47 58
47 59
47 61
47 63
47 67
47 68
47 69
47 70
47 72
47 74
47 77
47 78
47 79
47 82
47 83
47 85
47 86
47 87
47 88
47 89
47 91
47 94
47 97
47 98
47 101
47 109
47 111
47 113
47 114
47 118
47 119
47 121
47 122
47 125
47 126
47 127
47 128
47 129
47 133
47 135
47 136
47 138
47 141
47 142
47 144
47 146
47 150
47 151
47 156
47 157
47 160
47 170
47 173
47 176
47 177
47 181
47 184
47 186
47 190
47 194
47 198
48 49
48 50
48 51
48 53
48 54
48 55
48 60
48 62
48 63
48 67
48 68
48 69
48 70
48 73
48 74
48 75
48 78
48 79
48 81
48 84
48 85
48 90
48 93
48 95
48 96
48 98
48 101
48 102
48 112
48 115
48 124
48 129
48 131
48 132
48 134
48 136
48 137
48 140
48 155
48 157
48 160
48 161
48 168
48 169
48 172
48 173
48 181
48 182
48 184
48 187
48 190
48 193
49 51
49 54
49 55
49 57
49 58
49 63
49 64
49 65
49 68
49 69
49 71
49 72
49 74
49 75
49 76
49 79
49 81
49 84
49 86
49 88
49 98
49 102
49 106
49 108
49 109
49 110
49 117
49 118
49 120
49 122
49 125
49 126
49 130
49 131
49 139
49 141
49 142
49 147
49 150
49 155
49 157
49 158
49 160
49 167
49 176
49 177
49 178
49 183
49 189
49 197
49 199
50 51
50 54
50 55
50 57
50 59
50 61
50 62
50 63
50 67
50 68
50 69
50 73
50 74
50 77
50 92
50 99
50 104
50 116
50 119
50 123
50 128
50 134
50 150
50 155
50 159
50 160
50 164
50 167
50 168
50 169
50 183
50 186
51 52
51 53
51 54
51 55
51 56
51 58
51 59
51 62
51 64
51 65
51 66
51 67
51 69
51 71
51 72
51 75
51 81
51 83
51 85
51 86
51 88
51 89
51 97
51 99
51 102
51 103
51 105
51 115
51 121
51 123
51 128
51 130
51 131
51 132
51 133
51 135
51 137
51 138
51 145
51 147
51 148
51 150
51 151
51 156
51 163
51 165
51 175
51 194
51 196
52 54
52 57
52 60
52 61
52 62
52 64
52 65
52 67
52 68
52 69
52 70
52 71
52 75
52 78
52 88
52 89
52 96
52 101
52 106
52 108
52 109
52 110
52 111
52 112
52 114
52 116
52 117
52 121
52 123
52 126
52 128
52 142
52 145
52 146
52 148
52 158
52 168
52 185
52 187
52 188
52 199
53 58
53 59
53 60
53 61
53 63
53 64
53 65
53 74
53 76
53 78
53 79
53 80
53 81
53 87
53 92
53 93
53 97
53 99
53 101
53 102
53 107
53 108
53 118
53 122
53 126
53 127
53 129
53 132
53 137
53 140
53 145
53 156
53 157
53 160
53 163
53 167
53 172
53 183
53 189
53 199
54 56
54 57
54 59
54 60
54 62
54 63
54 66
54 70
54 72
54 79
54 80
54 84
54 89
54 92
54 95
54 96
54 98
54 102
54 103
54 104
54 109
54 111
54 124
54 128
54 131
54 137
54 144
54 145
54 149
54 165
54 168
54 172
54 173
54 174
54 177
54 180
54 186
54 190
54 193
55 56
55 57
55 58
55 60
55 61
55 62
55 67
55 68
55 70
55 71
55 74
55 75
55 81
55 82
55 83
55 86
55 98
55 103
55 106
55 107
55 123
55 133
55 134
55 139
55 145
55 147
55 152
55 154
55 157
55 158
55 159
55 166
55 170
55 173
55 175
55 177
55 180
55 184
55 187
55 193
55 196
56 58
56 59
56 62
56 63
56 66
56 67
56 71
56 74
56 80
56 85
56 86
56 87
56 89
56 90
56 91
56 92
56 93
56 94
56 95
56 97
56 98
56 131
56 133
56 135
56 138
56 143
56 145
56 155
56 156
56 161
56 162
56 169
56 173
56 176
56 177
56 179
56 182
56 183
56 190
56 196
56 198
56 199
57 59
57 60
57 62
57 63
57 64
57 65
57 67
57 73
57 75
57 76
57 80
57 81
57 82
57 83
57 84
57 85
57 88
57 92
57 93
57 94
57 97
57 99
57 100
57 104
57 105
57 112
57 122
57 126
57 128
57 135
57 138
57 140
57 155
57 164
57 168
57 179
57 183
57 194
57 199
58 61
58 64
58 65
58 66
58 67
58 68
58 70
58 71
58 72
58 74
58 76
58 80
58 83
58 85
58 86
58 88
58 89
58 90
58 101
58 107
58 110
58 111
58 112
58 114
58 115
58 116
58 126
58 131
58 136
58 139
58 145
58 155
58 165
58 172
58 175
58 189
58 194
59 60
59 66
59 67
59 70
59 71
59 73
59 76
59 87
59 88
59 94
59 96
59 99
59 100
59 104
59 105
59 108
59 109
59 110
59 112
59 119
59 120
59 121
59 126
59 127
59 132
59 133
59 144
59 147
59 168
59 169
59 171
59 172
59 176
59 177
59 179
59 180
59 186
59 189
59 191
59 198
60 64
60 69
60 70
60 72
60 77
60 83
60 84
60 86
60 87
60 92
60 97
60 111
60 116
60 122
60 132
60 139
60 145
60 147
60 160
60 170
60 174
60 176
60 189
60 190
60 193
60 196
61 63
61 65
61 68
61 69
61 73
61 74
61 78
61 79
61 85
61 100
61 104
61 107
61 112
61 115
61 118
61 123
61 125
61 130
61 134
61 135
61 140
61 148
61 151
61 156
61 161
61 163
61 167
61 171
61 172
61 173
61 174
61 177
61 180
61 181
61 182
61 183
61 185
62 63
62 68
62 72
62 73
62 76
62 85
62 86
62 88
62 89
62 93
62 95
62 99
62 100
62 102
62 105
62 112
62 118
62 123
62 126
62 129
62 132
62 134
62 136
62 137
62 140
62 145
62 149
62 151
62 158
62 164
62 165
62 166
62 169
62 174
62 176
62 177
62 178
62 187
62 191
62 192
62 195
63 66
63 69
63 70
63 72
63 81
63 90
63 91
63 95
63 96
63 106
63 113
63 114
63 119
63 120
63 125
63 134
63 137
63 140
63 142
63 144
63 151
63 152
63 154
63 162
63 163
63 165
63 167
63 169
63 177
63 178
63 189
63 193
63 197
63 198
64 65
64 66
64 68
64 69
64 73
64 76
64 78
64 80
64 82
64 87
64 93
64 94
64 100
64 101
64 104
64 107
64 109
64 110
64 113
64 129
64 136
64 139
64 144
64 153
64 162
64 163
64 185
64 189
64 190
64 198
65 66
65 69
65 76
65 79
65 83
65 84
65 90
65 93
65 102
65 103
65 105
65 107
65 109
65 114
65 116
65 119
65 121
65 122
65 123
65 126
65 128
65 130
65 131
65 132
65 147
65 151
65 152
65 154
65 155
65 157
65 162
65 164
65 167
65 168
65 171
65 173
65 174
65 175
65 178
65 179
65 181
65 194
66 69
66 70
66 71
66 72
66 75
66 81
66 82
66 90
66 91
66 96
66 97
66 101
66 102
66 109
66 117
66 119
66 124
66 125
66 129
66 130
66 131
66 137
66 140
66 144
66 145
66 153
66 156
66 161
66 164
66 165
66 170
66 179
66 184
66 185
66 193
66 198
67 76
67 78
67 84
67 88
67 95
67 97
67 100
67 102
67 103
67 105
67 119
67 120
67 122
67 123
67 124
67 130
67 153
67 158
67 166
67 170
67 188
67 190
67 196
67 197
68 71
68 75
68 79
68 81
68 84
68 88
68 89
68 101
68 113
68 116
68 121
68 123
68 127
68 133
68 137
68 140
68 144
68 151
68 153
68 156
68 158
68 160
68 164
68 178
68 184
68 190
68 191
69 70
69 75
69 78
69 82
69 83
69 84
69 85
69 86
69 87
69 89
69 90
69 93
69 99
69 108
69 109
69 110
69 113
69 119
69 122
69 132
69 138
69 139
69 146
69 147
69 149
69 156
69 158
69 159
69 163
69 170
69 171
69 172
69 177
69 186
69 187
69 189
69 190
69 191
69 197
69 199
70 77
70 86
70 96
70 100
70 101
70 103
70 106
70 110
70 111
70 120
70 124
70 126
70 137
70 146
70 149
70 166
70 168
70 172
70 174
70 175
70 181
70 185
70 194
70 195
70 196
71 72
71 74
71 78
71 79
71 81
71 83
71 85
71 86
71 90
71 91
71 92
71 97
71 100
71 102
71 106
71 107
71 109
71 114
71 127
71 135
71 136
71 140
71 141
71 145
71 148
71 151
71 154
71 159
71 167
71 169
71 174
71 176
71 180
71 184
71 194
71 199
72 75
72 76
72 84
72 103
72 108
72 121
72 125
72 126
72 135
72 139
72 142
72 145
72 149
72 153
72 157
72 171
72 175
72 176
72 177
72 180
72 197
73 74
73 77
73 78
73 82
73 83
73 84
73 86
73 89
73 90
73 92
73 93
73 104
73 106
73 116
73 118
73 120
73 122
73 128
73 131
73 142
73 145
73 150
73 152
73 155
73 157
73 161
73 163
73 195
74 77
74 80
74 81
74 82
74 85
74 86
74 92
74 96
74 97
74 107
74 115
74 135
74 139
74 146
74 150
74 153
74 157
74 158
74 162
74 174
74 182
74 183
74 188
74 190
74 193
74 194
75 76
75 77
75 79
75 81
75 83
75 87
75 99
75 101
75 106
75 107
75 108
75 121
75 146
75 148
75 149
75 152
75 157
75 160
75 189
75 192
75 198
75 199
76 77
76 80
76 84
76 85
76 88
76 92
76 95
76 98
76 102
76 103
76 108
76 134
76 135
76 137
76 139
76 141
76 158
76 160
76 162
76 165
76 167
76 188
76 192
76 198
77 79
77 88
77 93
77 98
77 103
77 104
77 108
77 109
77 110
77 111
77 116
77 117
77 118
77 119
77 122
77 130
77 139
77 141
77 143
77 151
77 152
77 153
77 159
77 160
77 164
77 166
77 168
77 180
77 184
77 186
77 191
77 199
78 84
78 86
78 89
78 94
78 98
78 99
78 106
78 107
78 116
78 117
78 124
78 126
78 128
78 129
78 150
78 156
78 170
78 174
78 183
78 184
78 185
78 190
79 83
79 84
79 88
79 96
79 98
79 102
79 111
79 112
79 123
79 125
79 127
79 137
79 144
79 146
79 147
79 152
79 155
79 159
79 163
79 167
79 168
79 170
79 171
79 176
79 181
79 182
79 183
79 191
80 83
80 87
80 91
80 92
80 94
80 97
80 104
80 105
80 109
80 110
80 111
80 128
80 129
80 135
80 138
80 151
80 154
80 156
80 157
80 162
80 164
80 165
80 170
80 171
80 182
80 184
80 191
80 193
80 197
80 198
81 86
81 88
81 89
81 91
81 93
81 94
81 100
81 103
81 105
81 107
81 110
81 116
81 117
81 118
81 129
81 132
81 133
81 136
81 142
81 149
81 174
81 185
82 87
82 88
82 90
82 91
82 93
82 104
82 106
82 108
82 109
82 112
82 115
82 120
82 121
82 123
82 128
82 133
82 141
82 143
82 147
82 156
82 166
82 167
82 199
83 84
83 85
83 91
83 96
83 105
83 112
83 116
83 119
83 129
83 157
84 87
84 90
84 98
84 100
84 108
84 111
84 115
84 121
84 123
84 124
84 127
84 132
84 137
84 143
84 148
84 155
84 162
84 170
84 178
84 185
84 198
85 91
85 92
85 97
85 98
85 99
85 114
85 131
85 146
85 159
85 169
85 185
85 187
85 189
85 195
86 88
86 91
86 96
86 98
86 100
86 105
86 110
86 120
86 129
86 130
86 137
86 142
86 149
86 152
86 155
86 165
86 189
86 198
87 89
87 94
87 95
87 101
87 104
87 117
87 121
87 124
87 125
87 127
87 132
87 144
87 148
87 149
87 150
87 151
87 152
87 155
87 161
87 163
87 164
87 166
87 167
87 169
87 177
87 181
87 183
87 188
87 191
87 194
87 195
87 199
88 91
88 93
88 102
88 105
88 107
88 120
88 124
88 125
88 131
88 136
88 138
88 140
88 143
88 151
88 154
88 169
88 179
88 180
89 90
89 101
89 106
89 114
89 115
89 116
89 124
89 128
89 134
89 136
89 152
89 162
89 164
89 173
89 183
89 192
89 195
90 94
90 95
90 96
90 100
90 110
90 118
90 120
90 133
90 134
90 148
90 150
90 153
90 163
90 170
90 174
90 187
90 190
91 92
91 103
91 106
91 110
91 114
91 122
91 139
91 145
91 163
91 188
91 196
91 199
92 95
92 105
92 106
92 107
92 111
92 113
92 119
92 124
92 125
92 130
92 132
92 135
92 146
92 149
92 154
92 158
92 167
92 172
92 181
92 183
92 194
92 195
92 196
93 96
93 99
93 101
93 105
93 113
93 118
93 120
93 121
93 134
93 138
93 143
93 146
93 149
93 165
93 169
93 171
94 96
94 99
94 100
94 103
94 117
94 118
94 119
94 120
94 132
94 141
94 144
94 145
94 158
94 171
94 173
94 175
94 181
94 184
94 186
95 100
95 103
95 107
95 108
95 113
95 124
95 135
95 148
95 154
95 159
95 177
95 188
95 193
95 196
96 97
96 100
96 104
96 106
96 108
96 109
96 115
96 125
96 137
96 138
96 145
96 152
96 160
96 167
96 172
96 174
96 175
96 178
97 98
97 100
97 103
97 113
97 121
97 123
97 124
97 127
97 132
97 139
97 151
97 154
97 162
97 173
97 177
97 178
97 181
97 185
97 195
97 198
98 99
98 101
98 108
98 109
98 111
98 113
98 117
98 120
98 121
98 125
98 129
98 141
98 144
98 150
98 161
98 174
98 193
98 194
99 104
99 110
99 122
99 124
99 135
99 144
99 145
99 149
99 150
99 153
99 155
99 157
99 160
99 163
99 165
99 178
100 102
100 103
100 110
100 112
100 113
100 116
100 121
100 131
100 134
100 141
100 142
100 144
100 151
100 158
100 164
100 180
100 189
100 191
101 103
101 104
101 107
101 113
101 114
101 116
101 124
101 126
101 129
101 130
101 131
101 133
101 136
101 146
101 147
101 153
101 160
101 163
101 173
101 176
101 180
101 192
101 194
102 107
102 110
102 115
102 122
102 138
102 142
102 143
102 144
102 149
102 152
102 156
102 165
102 179
102 185
102 186
102 190
103 111
103 114
103 116
103 117
103 125
103 126
103 134
103 148
103 151
103 153
103 158
103 174
103 175
103 180
103 181
103 185
103 193
104 109
104 118
104 124
104 127
104 131
104 135
104 152
104 162
104 169
104 174
104 180
104 193
105 106
105 121
105 138
105 145
105 151
105 156
105 186
105 187
106 108
106 125
106 138
106 143
106 146
106 156
106 170
106 176
106 178
106 184
106 186
107 108
107 113
107 120
107 123
107 124
107 126
107 129
107 139
107 143
107 151
107 152
107 153
107 157
107 164
107 166
107 175
107 176
107 191
107 192
107 198
108 114
108 115
108 116
108 117
108 118
108 136
108 141
108 143
108 158
108 168
108 182
108 187
109 117
109 127
109 150
109 158
109 178
109 185
109 187
110 122
110 155
110 161
110 172
110 174
110 175
110 182
110 183
110 186
110 189
111 113
111 125
111 132
111 142
111 153
111 168
111 171
111 173
111 177
111 179
111 181
111 183
112 114
112 129
112 130
112 134
112 136
112 137
112 141
112 152
112 177
112 180
112 185
112 199
113 118
113 122
113 129
113 131
113 133
113 159
113 160
113 164
113 165
113 184
114 121
114 129
114 130
114 141
114 149
114 157
114 171
114 191
114 192
114 193
114 198
115 116
115 118
115 124
115 125
115 126
115 127
115 132
115 143
115 160
115 171
115 175
115 180
115 181
115 185
116 121
116 131
116 135
116 143
116 176
116 179
116 182
116 195
117 135
117 138
117 147
117 151
117 159
117 162
117 164
117 167
117 168
117 173
117 177
117 180
117 183
117 191
118 166
118 172
119 124
119 130
119 132
119 134
119 136
119 163
119 170
119 173
119 184
119 186
119 190
119 198
119 199
120 123
120 127
120 150
120 153
120 156
120 157
120 158
120 160
120 164
120 192
121 123
121 159
121 187
121 188
121 194
121 195
121 197
121 199
122 128
122 135
122 138
122 151
122 153
122 159
122 177
122 182
123 130
123 131
123 133
123 140
123 144
123 149
123 172
123 184
123 191
123 194
124 128
124 146
124 158
124 159
124 161
124 169
124 171
124 179
124 181
124 186
125 145
125 154
125 185
126 139
126 142
126 144
126 161
126 175
126 181
126 194
127 134
127 142
127 159
127 179
128 140
128 141
128 144
128 146
128 153
128 173
128 175
129 136
129 137
129 152
129 162
129 163
129 190
129 196
129 199
130 131
130 140
130 144
130 146
130 148
130 149
130 150
130 153
130 157
130 174
130 177
130 195
130 196
131 133
131 134
131 136
131 141
131 145
131 149
131 151
131 186
132 142
132 155
132 156
132 161
132 163
132 168
132 176
132 178
132 180
132 183
133 134
133 136
133 148
133 161
133 166
133 176
133 179
133 183
133 198
134 140
134 143
134 170
134 172
134 178
134 191
134 195
135 138
135 139
135 146
135 150
135 163
135 172
135 175
135 180
135 192
135 193
135 197
136 138
136 140
136 143
136 149
136 156
136 173
136 174
136 177
136 184
137 138
137 139
137 145
137 146
137 147
137 157
137 160
137 168
137 171
137 177
137 178
137 188
137 189
137 190
137 194
137 198
138 140
138 141
138 147
138 149
138 159
138 168
138 177
138 185
138 194
138 195
139 143
139 159
139 179
139 192
140 142
140 143
140 163
140 165
140 184
140 195
141 151
141 153
141 168
141 191
141 194
141 196
142 144
142 156
142 158
142 165
142 166
142 182
142 192
142 194
143 148
143 161
143 178
143 190
143 192
144 147
144 155
144 157
144 158
144 184
144 196
144 199
145 149
145 150
145 153
145 170
145 179
145 181
145 187
145 191
145 196
145 197
146 147
146 180
146 186
147 149
147 172
147 177
147 178
147 182
147 185
147 189
148 149
148 157
148 161
148 169
148 182
148 184
148 185
148 187
149 161
151 153
151 161
151 165
151 179
151 182
152 158
152 164
152 187
153 189
154 161
154 171
154 189
154 190
154 197
155 162
155 166
155 186
156 175
156 177
156 182
156 184
156 188
157 166
157 176
157 197
158 163
158 172
159 176
159 181
159 187
159 192
159 196
159 197
160 169
162 163
162 169
162 178
163 169
163 187
164 174
164 175
164 184
164 194
165 178
165 182
165 195
166 173
166 188
167 172
167 194
168 187
169 178
169 185
169 189
169 192
170 186
170 191
170 195
171 193
171 196
172 190
173 174
173 180
173 190
173 197
174 176
174 184
174 187
174 192
176 188
176 192
177 180
177 182
178 179
178 182
178 186
178 187
179 183
180 188
181 199
182 197
185 198
187 194
188 193
189 196
190 195
193 194
195 197
197 199
