0 1
0 2
0 3
0 4
0 5
0 6
0 7
0 8
0 9
0 10
0 11
0 12
0 13
0 14
0 15
0 16
0 17
0 18
0 19
0 20
0 21
0 22
0 23
0 24
0 25
0 26
0 27
0 28
0 29
0 30
0 31
0 32
0 33
0 34
0 35
0 36
0 37
0 38
0 39
0 40
0 41
0 42
0 43
0 44
0 45
0 46
0 47
0 48
0 49
0 50
0 51
0 52
0 53
0 54
0 55
0 56
0 57
0 58
0 59
0 60
0 61
0 62
0 63
0 64
0 65
0 66
0 69
0 70
0 71
0 72
0 73
0 74
0 76
0 77
0 79
0 80
0 81
0 82
0 83
0 86
0 88
0 90
0 91
0 92
0 95
0 96
0 98
0 99
0 100
0 104
0 105
0 106
0 109
0 113
0 114
0 118
0 120
0 121
0 122
0 123
0 124
0 125
0 127
0 128
0 129
0 131
0 133
0 139
0 144
0 150
0 152
0 153
0 154
0 155
0 156
0 157
0 159
0 162
0 166
0 167
0 173
0 175
0 177
0 179
0 180
0 181
0 182
0 183
0 184
0 187
0 194
0 220
0 224
0 225
0 227
0 228
0 234
0 237
0 242
0 243
0 244
0 247
0 248
0 254
0 256
0 258
0 262
0 266
0 268
0 269
0 272
0 275
0 277
0 281
0 283
0 287
0 289
0 297
1 44
1 45
1 46
1 47
1 48
1 49
1 50
1 51
1 52
1 53
1 54
1 56
1 57
1 58
1 59
1 60
1 61
1 62
1 64
1 65
1 67
1 70
1 72
1 73
1 75
1 76
1 77
1 83
1 84
1 87
1 90
1 93
1 97
1 100
1 101
1 109
1 111
1 113
1 116
1 117
1 119
1 121
1 122
1 123
1 127
1 128
1 131
1 132
1 138
1 146
1 147
1 149
1 152
1 159
1 167
1 171
1 173
1 176
1 178
1 189
1 192
1 197
1 200
1 202
1 204
1 220
1 226
1 228
1 237
1 240
1 243
1 244
1 245
1 247
1 253
1 265
1 268
1 277
1 290
1 293
1 294
1 297
2 44
2 46
2 47
2 48
2 49
2 50
2 51
2 52
2 53
2 54
2 55
2 56
2 57
2 58
2 59
2 60
2 61
2 62
2 64
2 65
2 67
2 68
2 71
2 72
2 77
2 79
2 82
2 86
2 89
2 91
2 92
2 94
2 96
2 97
2 103
2 107
2 114
2 121
2 125
2 126
2 130
2 131
2 132
2 134
2 137
2 142
2 148
2 149
2 155
2 157
2 164
2 166
2 167
2 168
2 180
2 182
2 196
2 202
2 214
2 215
2 229
2 253
2 260
2 295
2 296
3 44
3 45
3 46
3 47
3 48
3 49
3 50
3 51
3 52
3 53
3 54
3 55
3 56
3 57
3 59
3 64
3 65
3 71
3 73
3 74
3 76
3 77
3 78
3 81
3 83
3 88
3 91
3 92
3 95
3 96
3 100
3 102
3 103
3 106
3 109
3 112
3 119
3 120
3 121
3 125
3 126
3 131
3 141
3 142
3 143
3 146
3 148
3 155
3 158
3 160
3 169
3 172
3 179
3 186
3 195
3 201
3 203
3 204
3 211
3 212
3 216
3 224
3 230
3 244
3 259
3 279
3 285
3 290
3 291
3 292
3 296
4 44
4 45
4 46
4 47
4 48
4 49
4 50
4 51
4 52
4 53
4 54
4 56
4 57
4 58
4 59
4 60
4 61
4 62
4 65
4 66
4 68
4 70
4 71
4 72
4 73
4 78
4 81
4 82
4 83
4 84
4 85
4 87
4 88
4 89
4 90
4 95
4 96
4 98
4 99
4 100
4 103
4 107
4 112
4 114
4 115
4 121
4 124
4 125
4 126
4 127
4 130
4 131
4 138
4 141
4 144
4 147
4 150
4 155
4 158
4 163
4 164
4 167
4 169
4 170
4 176
4 182
4 184
4 195
4 200
4 201
4 206
4 207
4 210
4 218
4 220
4 229
4 235
4 237
4 243
4 253
4 259
4 263
4 265
4 267
4 268
4 271
4 272
4 275
4 296
4 298
5 44
5 45
5 46
5 47
5 48
5 49
5 50
5 51
5 54
5 56
5 57
5 58
5 59
5 60
5 61
5 62
5 67
5 68
5 69
5 70
5 71
5 74
5 77
5 78
5 80
5 83
5 84
5 85
5 86
5 88
5 90
5 91
5 94
5 98
5 99
5 104
5 106
5 107
5 108
5 113
5 115
5 117
5 118
5 121
5 123
5 124
5 125
5 128
5 131
5 132
5 133
5 134
5 141
5 146
5 149
5 152
5 157
5 161
5 164
5 167
5 172
5 181
5 182
5 201
5 202
5 205
5 213
5 220
5 221
5 226
5 228
5 231
5 244
5 253
5 256
5 258
5 275
5 277
5 278
5 285
5 290
5 293
5 294
6 44
6 45
6 46
6 47
6 48
6 49
6 51
6 52
6 54
6 56
6 57
6 58
6 59
6 61
6 63
6 64
6 65
6 67
6 68
6 69
6 71
6 72
6 73
6 75
6 76
6 78
6 79
6 80
6 82
6 83
6 84
6 85
6 86
6 87
6 92
6 94
6 95
6 97
6 103
6 109
6 111
6 118
6 121
6 123
6 127
6 129
6 133
6 138
6 149
6 152
6 155
6 159
6 161
6 162
6 164
6 167
6 173
6 182
6 185
6 189
6 197
6 209
6 215
6 217
6 220
6 222
6 225
6 227
6 228
6 233
6 236
6 244
6 245
6 249
6 256
6 261
6 266
6 273
6 297
7 44
7 47
7 48
7 51
7 55
7 59
7 62
7 63
7 71
7 73
7 75
7 79
7 83
7 93
7 100
7 110
7 116
7 126
7 135
7 143
7 144
7 155
7 173
7 206
7 220
7 238
7 239
7 241
7 279
7 296
8 45
8 46
8 47
8 48
8 49
8 50
8 51
8 56
8 59
8 61
8 62
8 63
8 64
8 70
8 73
8 75
8 79
8 81
8 83
8 86
8 88
8 95
8 96
8 104
8 107
8 108
8 113
8 116
8 120
8 122
8 123
8 125
8 133
8 138
8 143
8 145
8 150
8 152
8 155
8 159
8 160
8 162
8 163
8 169
8 175
8 176
8 187
8 190
8 207
8 211
8 217
8 230
8 248
8 263
8 273
8 286
8 296
9 44
9 45
9 46
9 47
9 48
9 49
9 50
9 51
9 52
9 53
9 55
9 56
9 59
9 66
9 68
9 72
9 76
9 80
9 85
9 86
9 87
9 91
9 98
9 99
9 102
9 107
9 113
9 120
9 122
9 132
9 141
9 142
9 163
9 169
9 173
9 176
9 177
9 178
9 185
9 197
9 206
9 212
9 213
9 218
9 233
9 243
9 261
9 281
9 295
10 44
10 45
10 46
10 47
10 48
10 49
10 51
10 52
10 54
10 55
10 56
10 57
10 58
10 59
10 60
10 61
10 62
10 69
10 70
10 75
10 77
10 78
10 79
10 81
10 83
10 86
10 87
10 91
10 99
10 104
10 106
10 111
10 113
10 114
10 115
10 119
10 124
10 126
10 132
10 133
10 136
10 146
10 149
10 152
10 159
10 160
10 162
10 166
10 168
10 179
10 181
10 184
10 185
10 206
10 208
10 209
10 213
10 222
10 224
10 230
10 245
10 250
10 264
10 269
11 44
11 45
11 46
11 47
11 49
11 50
11 51
11 52
11 53
11 54
11 56
11 57
11 58
11 59
11 60
11 61
11 63
11 67
11 68
11 77
11 78
11 83
11 87
11 91
11 93
11 105
11 113
11 123
11 126
11 127
11 136
11 139
11 151
11 156
11 171
11 172
11 173
11 176
11 180
11 183
11 187
11 200
11 216
11 247
11 253
11 254
11 269
11 289
12 44
12 45
12 46
12 47
12 48
12 49
12 50
12 54
12 55
12 57
12 58
12 60
12 61
12 63
12 64
12 65
12 66
12 67
12 69
12 71
12 73
12 75
12 77
12 78
12 79
12 82
12 83
12 84
12 85
12 88
12 90
12 94
12 95
12 96
12 97
12 98
12 103
12 105
12 111
12 112
12 113
12 118
12 128
12 131
12 135
12 138
12 139
12 144
12 145
12 147
12 171
12 174
12 176
12 177
12 179
12 182
12 185
12 188
12 203
12 220
12 223
12 228
12 261
12 263
12 267
12 275
12 284
12 297
12 299
13 44
13 45
13 46
13 47
13 48
13 49
13 51
13 52
13 53
13 55
13 56
13 57
13 59
13 60
13 61
13 62
13 63
13 64
13 65
13 67
13 75
13 85
13 89
13 95
13 99
13 102
13 103
13 104
13 107
13 109
13 111
13 113
13 115
13 120
13 127
13 128
13 130
13 142
13 155
13 162
13 166
13 167
13 171
13 177
13 179
13 182
13 184
13 186
13 187
13 191
13 197
13 200
13 212
13 214
13 215
13 218
13 230
13 237
13 266
13 275
14 44
14 45
14 46
14 47
14 48
14 49
14 51
14 52
14 53
14 55
14 58
14 60
14 62
14 63
14 64
14 65
14 66
14 67
14 68
14 70
14 71
14 72
14 79
14 80
14 82
14 86
14 87
14 90
14 94
14 98
14 100
14 101
14 107
14 108
14 109
14 117
14 120
14 121
14 123
14 124
14 125
14 126
14 128
14 131
14 134
14 138
14 140
14 143
14 145
14 148
14 151
14 154
14 156
14 157
14 162
14 171
14 173
14 182
14 186
14 195
14 200
14 201
14 203
14 208
14 210
14 213
14 224
14 226
14 230
14 234
14 240
14 242
14 244
14 245
14 251
14 269
14 274
14 276
14 289
14 293
15 44
15 45
15 46
15 47
15 48
15 49
15 50
15 52
15 53
15 54
15 55
15 58
15 59
15 60
15 64
15 65
15 66
15 68
15 71
15 72
15 73
15 74
15 75
15 88
15 90
15 91
15 96
15 99
15 101
15 102
15 110
15 118
15 127
15 131
15 140
15 146
15 148
15 149
15 157
15 169
15 174
15 176
15 179
15 191
15 207
15 216
15 225
15 234
15 241
15 251
15 285
15 287
15 297
16 44
16 45
16 46
16 48
16 50
16 51
16 52
16 53
16 54
16 58
16 59
16 61
16 70
16 85
16 89
16 93
16 101
16 105
16 106
16 108
16 122
16 125
16 133
16 145
16 151
16 158
16 165
16 176
16 181
16 196
16 203
16 211
16 214
16 219
16 243
16 254
16 281
17 44
17 45
17 46
17 47
17 49
17 50
17 51
17 52
17 54
17 55
17 56
17 57
17 59
17 60
17 62
17 65
17 66
17 68
17 69
17 74
17 75
17 76
17 77
17 78
17 82
17 86
17 89
17 93
17 99
17 107
17 110
17 120
17 124
17 126
17 134
17 135
17 137
17 144
17 150
17 152
17 154
17 168
17 171
17 181
17 185
17 193
17 203
17 204
17 205
17 212
17 216
17 218
17 228
17 241
17 250
17 266
17 278
17 279
17 288
17 297
18 44
18 45
18 46
18 47
18 48
18 49
18 53
18 55
18 56
18 59
18 60
18 61
18 64
18 65
18 66
18 74
18 76
18 77
18 85
18 89
18 92
18 104
18 108
18 117
18 118
18 121
18 122
18 133
18 135
18 137
18 146
18 157
18 163
18 165
18 171
18 172
18 179
18 182
18 199
18 221
18 261
18 264
18 267
18 275
18 277
18 283
18 293
19 44
19 45
19 46
19 48
19 50
19 52
19 53
19 54
19 55
19 56
19 57
19 60
19 61
19 62
19 63
19 64
19 66
19 68
19 73
19 74
19 75
19 76
19 80
19 81
19 84
19 85
19 86
19 88
19 91
19 93
19 100
19 101
19 106
19 109
19 112
19 114
19 119
19 121
19 122
19 124
19 131
19 142
19 145
19 148
19 155
19 158
19 172
19 178
19 203
19 205
19 207
19 209
19 210
19 219
19 223
19 228
19 234
19 240
19 242
19 244
19 245
19 247
19 249
19 252
19 268
19 282
19 285
19 294
20 44
20 45
20 46
20 47
20 48
20 49
20 50
20 51
20 52
20 53
20 54
20 55
20 57
20 58
20 59
20 60
20 61
20 63
20 64
20 66
20 67
20 69
20 71
20 72
20 73
20 74
20 76
20 77
20 83
20 85
20 88
20 89
20 90
20 95
20 96
20 97
20 98
20 100
20 111
20 113
20 114
20 120
20 125
20 127
20 128
20 129
20 130
20 134
20 136
20 137
20 141
20 147
20 148
20 153
20 158
20 163
20 165
20 171
20 176
20 187
20 188
20 195
20 209
20 213
20 214
20 218
20 221
20 222
20 224
20 240
20 246
20 248
20 263
20 277
21 44
21 45
21 46
21 47
21 48
21 49
21 50
21 52
21 53
21 54
21 56
21 58
21 62
21 63
21 64
21 65
21 66
21 68
21 71
21 74
21 75
21 76
21 77
21 78
21 81
21 86
21 89
21 91
21 97
21 99
21 101
21 102
21 104
21 106
21 107
21 112
21 114
21 127
21 132
21 134
21 135
21 139
21 140
21 141
21 155
21 159
21 173
21 178
21 179
21 180
21 189
21 192
21 197
21 200
21 202
21 203
21 204
21 211
21 215
21 219
21 230
21 231
21 233
21 237
21 245
21 260
21 271
21 273
21 278
21 284
21 289
22 44
22 45
22 46
22 47
22 48
22 49
22 50
22 51
22 52
22 53
22 54
22 56
22 57
22 58
22 64
22 66
22 67
22 71
22 76
22 77
22 78
22 79
22 80
22 81
22 82
22 85
22 96
22 101
22 105
22 110
22 114
22 121
22 123
22 125
22 144
22 147
22 148
22 149
22 152
22 153
22 162
22 164
22 170
22 188
22 196
22 198
22 213
22 215
22 218
22 221
22 224
22 230
22 234
22 242
22 244
22 245
22 247
22 261
22 262
22 276
22 278
22 281
22 289
22 298
22 299
23 44
23 45
23 46
23 47
23 48
23 49
23 50
23 51
23 52
23 54
23 55
23 56
23 57
23 58
23 60
23 61
23 63
23 64
23 66
23 67
23 72
23 73
23 74
23 75
23 81
23 85
23 92
23 93
23 98
23 99
23 117
23 118
23 120
23 133
23 135
23 136
23 139
23 140
23 141
23 142
23 150
23 154
23 155
23 167
23 169
23 175
23 177
23 183
23 208
23 210
23 229
23 240
23 241
23 244
23 254
23 257
23 259
23 261
23 263
23 278
23 281
23 293
23 299
24 44
24 45
24 46
24 47
24 48
24 49
24 50
24 51
24 53
24 54
24 55
24 56
24 57
24 60
24 63
24 65
24 66
24 67
24 68
24 71
24 76
24 78
24 81
24 95
24 97
24 98
24 100
24 106
24 110
24 118
24 123
24 135
24 144
24 152
24 153
24 184
24 194
24 197
24 216
24 222
24 225
24 227
24 269
24 276
24 286
24 296
25 44
25 45
25 46
25 47
25 48
25 49
25 50
25 51
25 52
25 53
25 55
25 57
25 58
25 59
25 60
25 61
25 63
25 65
25 66
25 67
25 68
25 69
25 70
25 72
25 73
25 74
25 75
25 77
25 79
25 86
25 88
25 90
25 92
25 94
25 95
25 97
25 99
25 100
25 111
25 116
25 121
25 122
25 128
25 129
25 134
25 136
25 139
25 142
25 147
25 149
25 150
25 152
25 153
25 158
25 161
25 162
25 163
25 164
25 168
25 173
25 174
25 181
25 185
25 187
25 191
25 194
25 200
25 206
25 209
25 223
25 224
25 228
25 229
25 232
25 237
25 240
25 246
25 248
25 257
25 258
25 277
25 279
25 286
25 292
26 44
26 45
26 46
26 47
26 48
26 49
26 50
26 51
26 52
26 53
26 54
26 56
26 58
26 60
26 61
26 62
26 63
26 64
26 65
26 67
26 70
26 71
26 72
26 78
26 79
26 81
26 82
26 84
26 88
26 91
26 92
26 94
26 96
26 99
26 101
26 103
26 108
26 110
26 115
26 116
26 118
26 128
26 130
26 133
26 137
26 141
26 143
26 153
26 164
26 167
26 185
26 190
26 196
26 197
26 210
26 219
26 230
26 239
26 241
26 244
26 252
26 257
26 259
26 264
26 266
26 270
26 273
26 276
26 283
26 285
26 290
26 297
26 299
27 44
27 45
27 46
27 47
27 48
27 50
27 51
27 52
27 53
27 55
27 56
27 57
27 58
27 59
27 60
27 61
27 63
27 66
27 67
27 68
27 69
27 72
27 73
27 74
27 75
27 78
27 80
27 82
27 86
27 90
27 93
27 94
27 98
27 100
27 101
27 110
27 115
27 119
27 126
27 129
27 136
27 138
27 139
27 151
27 152
27 168
27 173
27 182
27 183
27 184
27 200
27 204
27 206
27 227
27 250
27 252
27 253
27 256
27 258
27 268
27 274
27 275
27 294
27 296
28 44
28 45
28 46
28 47
28 48
28 49
28 52
28 53
28 54
28 56
28 57
28 58
28 60
28 61
28 62
28 63
28 65
28 66
28 67
28 68
28 69
28 70
28 71
28 72
28 73
28 74
28 76
28 78
28 80
28 84
28 86
28 87
28 91
28 92
28 104
28 106
28 107
28 111
28 115
28 117
28 124
28 126
28 134
28 138
28 141
28 142
28 144
28 146
28 150
28 153
28 154
28 155
28 158
28 160
28 168
28 178
28 187
28 189
28 194
28 198
28 203
28 205
28 206
28 212
28 218
28 222
28 229
28 231
28 234
28 235
28 242
28 269
28 270
28 277
28 280
28 285
28 286
29 44
29 45
29 46
29 48
29 49
29 50
29 52
29 53
29 54
29 55
29 57
29 58
29 62
29 63
29 64
29 68
29 69
29 70
29 76
29 77
29 78
29 79
29 81
29 86
29 87
29 91
29 94
29 96
29 103
29 104
29 109
29 110
29 112
29 114
29 116
29 117
29 122
29 126
29 127
29 128
29 140
29 141
29 145
29 147
29 151
29 154
29 157
29 158
29 168
29 172
29 173
29 175
29 177
29 178
29 179
29 182
29 194
29 198
29 199
29 200
29 202
29 209
29 212
29 226
29 227
29 231
29 239
29 249
29 252
29 258
29 262
29 269
29 275
29 284
29 285
29 290
29 291
30 44
30 45
30 47
30 49
30 50
30 51
30 52
30 53
30 54
30 56
30 59
30 62
30 63
30 65
30 68
30 69
30 72
30 78
30 80
30 82
30 84
30 87
30 89
30 91
30 92
30 95
30 98
30 106
30 107
30 108
30 110
30 111
30 115
30 116
30 118
30 132
30 135
30 137
30 138
30 144
30 145
30 150
30 156
30 160
30 161
30 163
30 164
30 169
30 175
30 183
30 184
30 185
30 198
30 227
30 237
30 239
30 247
30 254
30 271
30 282
30 286
30 294
30 296
31 44
31 45
31 46
31 47
31 48
31 49
31 50
31 52
31 53
31 54
31 55
31 56
31 58
31 60
31 62
31 68
31 73
31 74
31 77
31 80
31 81
31 82
31 83
31 88
31 90
31 92
31 98
31 99
31 101
31 103
31 104
31 105
31 107
31 108
31 110
31 116
31 118
31 119
31 124
31 125
31 126
31 128
31 130
31 132
31 136
31 140
31 143
31 145
31 146
31 148
31 151
31 153
31 155
31 162
31 166
31 173
31 174
31 175
31 180
31 181
31 183
31 185
31 196
31 197
31 198
31 199
31 201
31 207
31 213
31 214
31 216
31 218
31 222
31 226
31 229
31 231
31 233
31 235
31 243
31 245
31 259
31 261
31 265
31 271
31 277
31 282
31 284
31 285
31 289
31 295
31 299
32 44
32 45
32 47
32 49
32 50
32 51
32 52
32 54
32 55
32 57
32 58
32 59
32 60
32 61
32 62
32 64
32 66
32 67
32 68
32 69
32 72
32 75
32 76
32 77
32 79
32 80
32 86
32 89
32 91
32 92
32 94
32 97
32 99
32 103
32 104
32 105
32 111
32 112
32 119
32 120
32 128
32 129
32 131
32 132
32 133
32 135
32 139
32 141
32 147
32 148
32 156
32 168
32 177
32 180
32 183
32 185
32 187
32 188
32 193
32 196
32 198
32 200
32 216
32 219
32 223
32 243
32 246
32 249
32 253
32 255
32 266
32 276
32 279
32 280
32 281
32 283
32 286
32 287
32 294
32 299
33 44
33 45
33 46
33 47
33 48
33 50
33 51
33 52
33 53
33 54
33 55
33 56
33 57
33 61
33 62
33 66
33 67
33 69
33 70
33 74
33 75
33 76
33 78
33 87
33 94
33 110
33 111
33 114
33 121
33 125
33 140
33 141
33 150
33 156
33 164
33 167
33 210
33 216
33 217
33 224
33 225
33 226
33 229
33 231
33 233
33 237
33 240
33 253
33 260
33 266
33 267
33 272
33 274
33 294
33 297
34 44
34 45
34 46
34 47
34 48
34 49
34 50
34 51
34 52
34 53
34 54
34 55
34 56
34 57
34 59
34 60
34 61
34 64
34 65
34 67
34 69
34 70
34 72
34 73
34 74
34 75
34 76
34 82
34 86
34 88
34 89
34 100
34 106
34 108
34 116
34 119
34 120
34 121
34 135
34 142
34 147
34 155
34 157
34 158
34 165
34 167
34 170
34 183
34 184
34 193
34 198
34 200
34 201
34 208
34 212
34 217
34 226
34 227
34 230
34 231
34 234
34 237
34 242
34 260
34 274
34 278
34 284
35 44
35 45
35 46
35 47
35 48
35 49
35 50
35 51
35 53
35 55
35 56
35 57
35 58
35 60
35 61
35 62
35 64
35 65
35 69
35 71
35 72
35 73
35 74
35 76
35 80
35 83
35 84
35 85
35 91
35 93
35 94
35 96
35 99
35 100
35 101
35 102
35 104
35 109
35 112
35 113
35 115
35 117
35 120
35 123
35 124
35 128
35 132
35 137
35 147
35 156
35 164
35 166
35 167
35 168
35 169
35 172
35 174
35 175
35 178
35 183
35 191
35 204
35 206
35 207
35 209
35 218
35 225
35 230
35 236
35 238
35 239
35 248
35 262
35 265
35 270
35 286
36 44
36 45
36 46
36 47
36 48
36 49
36 50
36 51
36 52
36 53
36 54
36 55
36 58
36 59
36 61
36 62
36 64
36 65
36 67
36 69
36 71
36 74
36 75
36 76
36 79
36 80
36 81
36 84
36 86
36 89
36 90
36 93
36 95
36 98
36 101
36 102
36 107
36 111
36 113
36 117
36 123
36 124
36 125
36 127
36 129
36 131
36 133
36 138
36 143
36 146
36 155
36 162
36 170
36 175
36 177
36 178
36 181
36 186
36 193
36 197
36 199
36 213
36 216
36 221
36 224
36 230
36 233
36 238
36 244
36 246
36 252
36 255
36 262
36 268
36 272
36 285
36 293
36 298
37 44
37 45
37 46
37 48
37 50
37 51
37 52
37 53
37 54
37 55
37 56
37 57
37 60
37 62
37 63
37 64
37 70
37 74
37 76
37 79
37 83
37 87
37 91
37 92
37 95
37 104
37 115
37 123
37 125
37 129
37 139
37 140
37 144
37 148
37 149
37 150
37 154
37 161
37 162
37 163
37 164
37 171
37 181
37 182
37 185
37 187
37 190
37 193
37 194
37 195
37 197
37 206
37 208
37 242
37 248
37 251
37 258
37 261
37 265
37 267
37 275
37 284
37 291
38 44
38 45
38 46
38 47
38 48
38 49
38 50
38 51
38 53
38 54
38 55
38 57
38 58
38 61
38 62
38 63
38 65
38 67
38 69
38 70
38 72
38 73
38 77
38 79
38 80
38 82
38 83
38 87
38 90
38 101
38 105
38 106
38 107
38 108
38 109
38 110
38 112
38 128
38 131
38 140
38 143
38 153
38 155
38 160
38 162
38 164
38 167
38 168
38 169
38 170
38 173
38 176
38 178
38 179
38 199
38 203
38 206
38 207
38 215
38 217
38 231
38 233
38 239
38 257
38 260
38 264
38 273
38 277
38 281
38 283
38 285
38 292
38 295
39 44
39 45
39 46
39 47
39 48
39 49
39 50
39 51
39 52
39 53
39 54
39 55
39 56
39 58
39 59
39 60
39 62
39 64
39 65
39 67
39 68
39 70
39 71
39 73
39 76
39 79
39 82
39 91
39 95
39 98
39 104
39 105
39 111
39 112
39 116
39 119
39 128
39 131
39 139
39 143
39 161
39 162
39 166
39 167
39 171
39 172
39 174
39 195
39 198
39 204
39 214
39 221
39 222
39 223
39 227
39 228
39 232
39 236
39 245
39 246
39 252
39 257
39 265
39 270
39 276
39 280
39 281
39 286
39 298
40 44
40 45
40 46
40 47
40 49
40 50
40 51
40 53
40 54
40 55
40 57
40 58
40 59
40 61
40 62
40 63
40 64
40 65
40 66
40 71
40 72
40 75
40 78
40 79
40 82
40 84
40 85
40 89
40 93
40 95
40 99
40 101
40 102
40 103
40 106
40 108
40 109
40 110
40 120
40 123
40 124
40 125
40 128
40 134
40 145
40 150
40 154
40 156
40 158
40 161
40 174
40 181
40 182
40 183
40 189
40 200
40 203
40 212
40 214
40 222
40 227
40 229
40 230
40 235
40 236
40 241
40 244
40 254
40 267
40 277
40 278
40 283
40 285
40 293
40 296
41 44
41 45
41 46
41 47
41 48
41 49
41 50
41 51
41 52
41 53
41 54
41 55
41 56
41 58
41 59
41 63
41 64
41 68
41 69
41 72
41 75
41 77
41 78
41 81
41 82
41 83
41 84
41 90
41 92
41 93
41 96
41 97
41 98
41 101
41 105
41 106
41 108
41 110
41 112
41 115
41 116
41 117
41 124
41 128
41 129
41 142
41 146
41 149
41 155
41 158
41 159
41 169
41 171
41 172
41 183
41 191
41 193
41 195
41 197
41 200
41 201
41 212
41 218
41 220
41 223
41 227
41 234
41 235
41 240
41 241
41 242
41 246
41 247
41 249
41 250
41 251
41 272
41 274
41 279
41 281
41 286
41 287
41 296
41 298
42 44
42 45
42 46
42 47
42 48
42 49
42 50
42 51
42 52
42 55
42 57
42 60
42 61
42 63
42 66
42 69
42 70
42 72
42 73
42 74
42 79
42 80
42 81
42 83
42 84
42 85
42 88
42 94
42 95
42 96
42 101
42 103
42 105
42 108
42 112
42 114
42 118
42 122
42 126
42 130
42 144
42 147
42 159
42 166
42 172
42 189
42 190
42 198
42 201
42 202
42 208
42 209
42 216
42 218
42 223
42 232
42 233
42 259
42 267
42 271
42 291
42 298
42 299
43 44
43 45
43 46
43 47
43 48
43 49
43 50
43 51
43 52
43 53
43 55
43 56
43 57
43 58
43 59
43 61
43 63
43 65
43 66
43 68
43 69
43 70
43 81
43 83
43 84
43 85
43 90
43 91
43 93
43 97
43 98
43 116
43 117
43 118
43 120
43 126
43 132
43 133
43 138
43 139
43 143
43 149
43 157
43 159
43 185
43 194
43 199
43 202
43 204
43 208
43 209
43 214
43 220
43 224
43 227
43 229
43 231
43 236
43 240
43 243
43 246
43 256
43 278
44 45
44 46
44 47
44 48
44 49
44 50
44 51
44 52
44 53
44 54
44 55
44 56
44 57
44 58
44 59
44 60
44 61
44 62
44 63
44 64
44 65
44 66
44 67
44 68
44 69
44 70
44 72
44 73
44 74
44 76
44 77
44 78
44 79
44 80
44 81
44 82
44 84
44 85
44 86
44 87
44 88
44 92
44 98
44 99
44 100
44 101
44 102
44 103
44 104
44 105
44 108
44 109
44 110
44 111
44 112
44 113
44 114
44 116
44 117
44 118
44 119
44 123
44 124
44 126
44 127
44 130
44 131
44 134
44 136
44 140
44 141
44 143
44 144
44 149
44 151
44 152
44 156
44 157
44 159
44 163
44 164
44 165
44 167
44 168
44 172
44 174
44 175
44 176
44 183
44 186
44 188
44 189
44 195
44 196
44 197
44 202
44 203
44 205
44 206
44 207
44 210
44 212
44 214
44 216
44 218
44 222
44 223
44 224
44 228
44 230
44 235
44 238
44 246
44 248
44 249
44 251
44 254
44 256
44 259
44 263
44 264
44 276
44 280
44 281
44 282
44 286
44 288
44 290
44 292
44 294
44 298
45 46
45 47
45 48
45 49
45 50
45 51
45 52
45 53
45 54
45 55
45 56
45 57
45 58
45 59
45 60
45 61
45 62
45 63
45 64
45 65
45 66
45 67
45 68
45 69
45 70
45 71
45 72
45 74
45 75
45 76
45 78
45 80
45 81
45 82
45 83
45 84
45 85
45 86
45 88
45 90
45 92
45 93
45 94
45 95
45 97
45 99
45 101
45 102
45 103
45 104
45 106
45 107
45 110
45 113
45 115
45 119
45 120
45 121
45 123
45 125
45 126
45 127
45 130
45 131
45 133
45 134
45 135
45 136
45 137
45 139
45 140
45 142
45 143
45 146
45 149
45 154
45 155
45 156
45 157
45 158
45 159
45 161
45 164
45 166
45 167
45 168
45 169
45 170
45 171
45 172
45 173
45 174
45 178
45 182
45 186
45 187
45 188
45 192
45 193
45 194
45 195
45 198
45 205
45 210
45 212
45 213
45 216
45 217
45 220
45 221
45 224
45 226
45 229
45 234
45 238
45 239
45 250
45 252
45 253
45 258
45 259
45 262
45 263
45 270
45 275
45 280
45 282
45 287
45 291
45 292
45 294
46 47
46 48
46 49
46 50
46 51
46 52
46 53
46 54
46 55
46 56
46 57
46 58
46 59
46 60
46 61
46 62
46 63
46 64
46 65
46 66
46 67
46 68
46 69
46 70
46 71
46 72
46 73
46 75
46 76
46 77
46 78
46 79
46 80
46 81
46 82
46 83
46 84
46 85
46 86
46 88
46 89
46 90
46 93
46 94
46 95
46 96
46 97
46 98
46 99
46 100
46 101
46 102
46 103
46 107
46 110
46 111
46 112
46 114
46 115
46 116
46 117
46 118
46 119
46 122
46 123
46 127
46 128
46 130
46 131
46 132
46 136
46 139
46 140
46 142
46 144
46 145
46 149
46 150
46 151
46 152
46 153
46 154
46 163
46 164
46 166
46 167
46 172
46 175
46 176
46 178
46 185
46 188
46 191
46 192
46 194
46 195
46 199
46 205
46 208
46 211
46 214
46 220
46 221
46 226
46 229
46 233
46 234
46 235
46 237
46 248
46 253
46 261
46 265
46 268
46 269
46 278
46 280
46 282
46 283
46 287
46 288
46 289
46 293
46 294
46 295
46 298
47 48
47 49
47 50
47 51
47 52
47 53
47 54
47 55
47 56
47 57
47 58
47 59
47 60
47 61
47 62
47 63
47 64
47 66
47 67
47 68
47 69
47 70
47 71
47 72
47 73
47 74
47 76
47 77
47 78
47 79
47 80
47 81
47 82
47 83
47 84
47 85
47 86
47 87
47 88
47 91
47 92
47 94
47 96
47 97
47 98
47 99
47 100
47 102
47 105
47 106
47 107
47 108
47 110
47 112
47 113
47 114
47 116
47 117
47 118
47 119
47 120
47 125
47 127
47 130
47 132
47 133
47 135
47 136
47 137
47 139
47 141
47 142
47 143
47 144
47 145
47 146
47 148
47 149
47 150
47 161
47 162
47 164
47 165
47 166
47 167
47 169
47 170
47 171
47 172
47 173
47 175
47 176
47 180
47 181
47 182
47 184
47 186
47 188
47 189
47 191
47 193
47 194
47 195
47 198
47 200
47 205
47 209
47 212
47 216
47 220
47 221
47 224
47 225
47 227
47 228
47 230
47 231
47 235
47 238
47 240
47 241
47 247
47 248
47 253
47 262
47 264
47 277
47 278
47 279
47 285
47 297
47 298
47 299
48 49
48 50
48 51
48 52
48 53
48 54
48 55
48 56
48 57
48 58
48 59
48 60
48 61
48 62
48 63
48 64
48 65
48 66
48 67
48 69
48 70
48 71
48 72
48 73
48 75
48 76
48 77
48 78
48 79
48 80
48 81
48 82
48 83
48 84
48 85
48 87
48 88
48 89
48 90
48 93
48 94
48 95
48 96
48 97
48 99
48 100
48 104
48 105
48 106
48 109
48 110
48 111
48 112
48 113
48 115
48 117
48 118
48 120
48 121
48 122
48 125
48 128
48 130
48 132
48 134
48 139
48 141
48 143
48 144
48 145
48 147
48 148
48 151
48 153
48 154
48 155
48 157
48 158
48 160
48 163
48 164
48 167
48 169
48 172
48 179
48 194
48 195
48 202
48 203
48 204
48 205
48 208
48 212
48 216
48 218
48 224
48 228
48 230
48 234
48 236
48 238
48 239
48 241
48 242
48 244
48 255
48 258
48 263
48 268
48 270
48 277
48 288
48 291
48 299
49 50
49 51
49 52
49 53
49 54
49 55
49 56
49 57
49 58
49 59
49 60
49 61
49 62
49 63
49 65
49 66
49 67
49 68
49 69
49 70
49 71
49 73
49 74
49 75
49 76
49 77
49 78
49 79
49 80
49 81
49 82
49 83
49 85
49 86
49 87
49 88
49 89
49 90
49 91
49 92
49 93
49 94
49 95
49 96
49 97
49 101
49 102
49 105
49 107
49 110
49 112
49 113
49 116
49 119
49 124
49 129
49 131
49 134
49 139
49 140
49 143
49 144
49 147
49 148
49 150
49 156
49 158
49 162
49 165
49 166
49 169
49 170
49 172
49 175
49 177
49 178
49 181
49 182
49 184
49 186
49 188
49 189
49 193
49 194
49 201
49 202
49 204
49 205
49 207
49 210
49 214
49 216
49 218
49 221
49 226
49 231
49 232
49 234
49 236
49 239
49 240
49 247
49 248
49 251
49 259
49 262
49 273
49 274
49 276
49 278
49 283
49 285
49 290
49 291
50 51
50 52
50 53
50 54
50 55
50 56
50 57
50 58
50 59
50 60
50 61
50 62
50 63
50 64
50 65
50 66
50 67
50 68
50 69
50 70
50 75
50 77
50 78
50 79
50 80
50 81
50 82
50 84
50 86
50 87
50 88
50 89
50 91
50 93
50 94
50 97
50 98
50 99
50 100
50 103
50 106
50 109
50 111
50 114
50 115
50 118
50 120
50 121
50 122
50 125
50 126
50 127
50 130
50 131
50 132
50 138
50 141
50 145
50 151
50 154
50 157
50 158
50 159
50 160
50 161
50 163
50 164
50 166
50 168
50 173
50 174
50 175
50 178
50 181
50 188
50 190
50 191
50 195
50 197
50 202
50 204
50 206
50 207
50 211
50 213
50 217
50 221
50 222
50 226
50 229
50 230
50 233
50 235
50 236
50 239
50 243
50 249
50 251
50 252
50 256
50 259
50 261
50 263
50 264
50 274
50 277
50 280
50 284
50 290
50 291
50 299
51 52
51 53
51 54
51 55
51 56
51 57
51 58
51 59
51 60
51 62
51 63
51 65
51 66
51 67
51 68
51 69
51 70
51 71
51 72
51 73
51 74
51 77
51 78
51 80
51 82
51 83
51 85
51 86
51 87
51 88
51 90
51 91
51 93
51 94
51 95
51 96
51 97
51 99
51 102
51 105
51 106
51 109
51 113
51 114
51 117
51 119
51 120
51 121
51 122
51 123
51 124
51 125
51 127
51 129
51 130
51 131
51 132
51 138
51 139
51 143
51 145
51 146
51 147
51 148
51 149
51 150
51 151
51 155
51 156
51 160
51 164
51 167
51 169
51 170
51 173
51 175
51 177
51 179
51 190
51 197
51 203
51 209
51 210
51 215
51 217
51 220
51 223
51 225
51 234
51 237
51 238
51 240
51 242
51 247
51 251
51 254
51 255
51 257
51 258
51 266
51 267
51 272
51 273
51 274
51 276
51 279
51 281
51 286
51 287
51 291
51 297
51 299
52 53
52 54
52 55
52 56
52 57
52 59
52 60
52 62
52 63
52 64
52 65
52 66
52 67
52 69
52 70
52 71
52 72
52 73
52 74
52 75
52 76
52 77
52 78
52 79
52 80
52 81
52 82
52 84
52 87
52 88
52 89
52 91
52 95
52 96
52 98
52 99
52 100
52 101
52 102
52 103
52 105
52 107
52 108
52 109
52 111
52 112
52 113
52 115
52 119
52 120
52 121
52 125
52 127
52 128
52 135
52 137
52 139
52 141
52 144
52 146
52 147
52 149
52 150
52 152
52 155
52 156
52 157
52 160
52 161
52 163
52 165
52 168
52 172
52 173
52 175
52 176
52 179
52 186
52 188
52 189
52 194
52 196
52 197
52 198
52 199
52 200
52 202
52 205
52 206
52 207
52 209
52 212
52 213
52 214
52 215
52 219
52 221
52 223
52 232
52 234
52 235
52 237
52 239
52 240
52 243
52 244
52 245
52 248
52 252
52 256
52 265
52 270
52 275
52 282
52 283
52 289
52 290
52 292
52 293
53 54
53 55
53 56
53 57
53 58
53 59
53 60
53 61
53 63
53 64
53 65
53 66
53 68
53 69
53 70
53 71
53 72
53 74
53 76
53 77
53 78
53 81
53 82
53 83
53 84
53 85
53 87
53 88
53 89
53 93
53 94
53 95
53 96
53 97
53 98
53 99
53 100
53 102
53 103
53 104
53 109
53 110
53 113
53 114
53 115
53 117
53 118
53 119
53 121
53 123
53 124
53 126
53 128
53 129
53 130
53 133
53 137
53 138
53 140
53 142
53 143
53 146
53 147
53 148
53 149
53 150
53 151
53 153
53 156
53 157
53 159
53 160
53 161
53 163
53 166
53 167
53 169
53 170
53 171
53 174
53 175
53 176
53 177
53 179
53 180
53 181
53 183
53 186
53 188
53 191
53 193
53 195
53 196
53 199
53 200
53 202
53 205
53 207
53 212
53 213
53 214
53 218
53 219
53 223
53 228
53 230
53 232
53 235
53 236
53 237
53 239
53 243
53 244
53 248
53 253
53 256
53 257
53 262
53 264
53 269
53 270
53 274
53 277
53 278
53 279
53 289
53 290
53 292
53 293
53 295
53 299
54 55
54 56
54 57
54 58
54 59
54 60
54 61
54 62
54 63
54 64
54 65
54 66
54 67
54 68
54 69
54 70
54 71
54 73
54 74
54 75
54 76
54 77
54 79
54 80
54 81
54 83
54 84
54 86
54 87
54 88
54 89
54 92
54 93
54 94
54 95
54 98
54 100
54 101
54 102
54 103
54 104
54 106
54 108
54 110
54 111
54 113
54 114
54 116
54 117
54 118
54 119
54 120
54 121
54 124
54 126
54 129
54 131
54 133
54 135
54 137
54 138
54 140
54 145
54 147
54 150
54 153
54 154
54 157
54 158
54 164
54 165
54 166
54 167
54 180
54 183
54 185
54 186
54 187
54 191
54 192
54 193
54 198
54 199
54 200
54 201
54 202
54 204
54 208
54 209
54 213
54 215
54 216
54 221
54 223
54 224
54 225
54 226
54 229
54 230
54 238
54 240
54 242
54 244
54 246
54 247
54 253
54 256
54 260
54 264
54 265
54 266
54 268
54 270
54 273
54 275
54 276
54 282
54 283
54 284
54 287
54 288
54 296
55 56
55 57
55 58
55 59
55 60
55 61
55 62
55 63
55 64
55 65
55 66
55 67
55 68
55 69
55 70
55 71
55 72
55 73
55 74
55 75
55 76
55 77
55 78
55 81
55 82
55 84
55 85
55 86
55 87
55 89
55 90
55 92
55 93
55 94
55 95
55 96
55 97
55 103
55 104
55 108
55 109
55 110
55 112
55 113
55 114
55 115
55 116
55 118
55 119
55 120
55 121
55 125
55 127
55 128
55 131
55 132
55 133
55 134
55 136
55 139
55 143
55 144
55 149
55 159
55 160
55 161
55 164
55 166
55 169
55 171
55 173
55 174
55 179
55 180
55 185
55 187
55 191
55 192
55 195
55 196
55 203
55 206
55 212
55 217
55 224
55 225
55 226
55 232
55 237
55 238
55 240
55 241
55 242
55 244
55 245
55 254
55 255
55 257
55 260
55 269
55 270
55 275
55 279
55 284
55 286
55 288
55 289
56 57
56 58
56 59
56 61
56 62
56 63
56 64
56 65
56 66
56 68
56 69
56 70
56 71
56 72
56 73
56 74
56 75
56 77
56 82
56 83
56 84
56 85
56 86
56 87
56 88
56 89
56 92
56 95
56 97
56 100
56 102
56 105
56 106
56 109
56 112
56 115
56 116
56 125
56 126
56 129
56 132
56 134
56 135
56 136
56 137
56 138
56 142
56 144
56 146
56 148
56 160
56 164
56 166
56 167
56 168
56 169
56 174
56 176
56 178
56 181
56 183
56 185
56 189
56 190
56 199
56 201
56 203
56 205
56 206
56 210
56 212
56 213
56 217
56 219
56 226
56 229
56 230
56 231
56 235
56 237
56 239
56 243
56 247
56 255
56 259
56 265
56 268
56 276
56 282
56 283
56 287
56 289
56 293
56 295
56 298
57 58
57 59
57 60
57 61
57 62
57 64
57 65
57 66
57 67
57 68
57 69
57 70
57 71
57 72
57 74
57 75
57 78
57 79
57 81
57 86
57 87
57 88
57 90
57 92
57 93
57 96
57 97
57 98
57 99
57 100
57 102
57 104
57 107
57 108
57 109
57 112
57 120
57 121
57 125
57 126
57 133
57 134
57 135
57 136
57 137
57 139
57 141
57 142
57 143
57 144
57 149
57 153
57 157
57 159
57 161
57 162
57 165
57 166
57 167
57 171
57 173
57 177
57 180
57 184
57 186
57 187
57 189
57 192
57 193
57 195
57 197
57 200
57 205
57 209
57 210
57 215
57 216
57 217
57 218
57 219
57 220
57 221
57 226
57 230
57 232
57 234
57 237
57 243
57 246
57 256
57 259
57 264
57 266
57 272
57 282
57 283
57 285
57 287
57 293
57 296
57 298
58 59
58 60
58 61
58 62
58 63
58 64
58 66
58 67
58 68
58 70
58 71
58 72
58 73
58 74
58 75
58 77
58 78
58 80
58 82
58 83
58 84
58 85
58 87
58 88
58 89
58 90
58 91
58 92
58 93
58 95
58 96
58 97
58 98
58 99
58 100
58 101
58 102
58 104
58 105
58 106
58 111
58 112
58 115
58 116
58 119
58 125
58 131
58 138
58 139
58 141
58 143
58 151
58 152
58 153
58 155
58 156
58 159
58 161
58 162
58 168
58 169
58 176
58 179
58 180
58 187
58 190
58 192
58 201
58 204
58 207
58 211
58 212
58 219
58 224
58 225
58 237
58 238
58 242
58 245
58 250
58 251
58 253
58 261
58 262
58 263
58 267
58 268
58 271
58 277
58 279
58 281
58 284
58 286
58 287
58 290
58 292
58 298
58 299
59 60
59 61
59 62
59 63
59 64
59 65
59 66
59 67
59 68
59 69
59 70
59 71
59 72
59 73
59 74
59 75
59 78
59 80
59 85
59 90
59 95
59 96
59 98
59 100
59 101
59 103
59 108
59 109
59 111
59 112
59 115
59 122
59 123
59 124
59 127
59 128
59 129
59 130
59 132
59 133
59 135
59 136
59 141
59 142
59 148
59 150
59 151
59 153
59 156
59 158
59 160
59 164
59 165
59 167
59 169
59 171
59 172
59 177
59 187
59 188
59 196
59 198
59 199
59 201
59 202
59 203
59 205
59 207
59 210
59 212
59 213
59 216
59 217
59 218
59 220
59 221
59 222
59 234
59 236
59 239
59 240
59 241
59 244
59 249
59 250
59 253
59 257
59 261
59 264
59 273
59 276
59 280
59 285
59 291
59 295
59 296
60 62
60 63
60 64
60 65
60 67
60 68
60 69
60 70
60 74
60 75
60 76
60 77
60 79
60 80
60 81
60 83
60 84
60 85
60 86
60 87
60 89
60 91
60 94
60 95
60 99
60 100
60 102
60 103
60 105
60 107
60 108
60 109
60 111
60 113
60 114
60 117
60 119
60 120
60 121
60 122
60 124
60 125
60 126
60 127
60 131
60 133
60 134
60 137
60 141
60 144
60 149
60 156
60 159
60 167
60 171
60 172
60 176
60 180
60 181
60 183
60 184
60 185
60 188
60 189
60 190
60 194
60 196
60 197
60 198
60 202
60 207
60 209
60 210
60 215
60 223
60 226
60 231
60 234
60 236
60 238
60 244
60 245
60 247
60 251
60 253
60 254
60 256
60 260
60 262
60 263
60 268
60 270
60 271
60 272
60 275
60 278
60 280
60 282
60 284
60 285
60 288
60 289
61 62
61 63
61 64
61 65
61 66
61 67
61 68
61 69
61 71
61 72
61 73
61 74
61 75
61 76
61 77
61 78
61 79
61 81
61 83
61 85
61 86
61 90
61 91
61 93
61 94
61 95
61 97
61 98
61 99
61 101
61 102
61 103
61 104
61 105
61 106
61 108
61 111
61 112
61 113
61 114
61 115
61 117
61 119
61 120
61 121
61 123
61 124
61 125
61 130
61 134
61 135
61 136
61 142
61 143
61 144
61 147
61 154
61 157
61 158
61 160
61 161
61 165
61 168
61 170
61 174
61 175
61 176
61 177
61 178
61 181
61 186
61 187
61 190
61 191
61 193
61 197
61 199
61 201
61 202
61 203
61 208
61 209
61 210
61 211
61 214
61 215
61 222
61 230
61 234
61 242
61 244
61 250
61 251
61 252
61 255
61 258
61 264
61 265
61 270
61 273
61 277
61 284
61 290
61 291
61 293
61 298
62 63
62 64
62 66
62 67
62 68
62 70
62 71
62 72
62 74
62 75
62 76
62 77
62 78
62 79
62 80
62 81
62 82
62 83
62 84
62 85
62 86
62 87
62 89
62 90
62 91
62 92
62 93
62 95
62 97
62 99
62 102
62 105
62 106
62 107
62 109
62 110
62 113
62 115
62 117
62 118
62 122
62 123
62 124
62 125
62 128
62 129
62 130
62 134
62 136
62 137
62 145
62 148
62 149
62 150
62 152
62 157
62 158
62 161
62 164
62 166
62 173
62 175
62 176
62 179
62 183
62 186
62 187
62 192
62 193
62 204
62 206
62 211
62 213
62 215
62 218
62 220
62 233
62 234
62 236
62 237
62 245
62 249
62 252
62 254
62 261
62 263
62 264
62 269
62 274
62 275
62 284
62 288
62 290
63 65
63 66
63 67
63 69
63 70
63 71
63 73
63 76
63 77
63 79
63 80
63 82
63 83
63 84
63 87
63 88
63 89
63 90
63 93
63 94
63 97
63 98
63 101
63 102
63 110
63 112
63 113
63 114
63 116
63 117
63 118
63 121
63 128
63 129
63 134
63 136
63 143
63 145
63 148
63 151
63 152
63 153
63 155
63 156
63 161
63 163
63 170
63 177
63 182
63 184
63 189
63 191
63 197
63 198
63 199
63 201
63 203
63 205
63 209
63 220
63 222
63 227
63 229
63 230
63 233
63 235
63 237
63 240
63 247
63 255
63 257
63 261
63 265
63 267
63 268
63 270
63 271
63 272
63 274
63 275
63 276
63 283
63 288
63 289
63 291
63 294
64 65
64 66
64 67
64 68
64 69
64 70
64 71
64 73
64 74
64 79
64 80
64 81
64 84
64 85
64 87
64 89
64 90
64 92
64 94
64 99
64 101
64 104
64 105
64 106
64 107
64 108
64 109
64 111
64 112
64 114
64 115
64 119
64 122
64 129
64 135
64 138
64 143
64 147
64 149
64 150
64 151
64 153
64 154
64 156
64 157
64 159
64 160
64 162
64 166
64 167
64 176
64 178
64 183
64 185
64 190
64 200
64 202
64 205
64 208
64 210
64 213
64 214
64 218
64 219
64 223
64 224
64 227
64 229
64 231
64 234
64 236
64 237
64 244
64 250
64 252
64 255
64 257
64 260
64 262
64 265
64 269
64 274
64 282
64 283
64 284
64 290
64 292
65 66
65 67
65 68
65 70
65 71
65 72
65 73
65 74
65 75
65 78
65 79
65 80
65 81
65 82
65 83
65 84
65 87
65 88
65 89
65 90
65 91
65 92
65 93
65 94
65 96
65 99
65 100
65 101
65 103
65 107
65 109
65 111
65 113
65 115
65 116
65 120
65 122
65 126
65 128
65 131
65 132
65 135
65 142
65 144
65 145
65 153
65 157
65 162
65 165
65 167
65 172
65 178
65 183
65 184
65 189
65 190
65 195
65 198
65 205
65 208
65 219
65 223
65 228
65 229
65 235
65 238
65 242
65 243
65 246
65 247
65 252
65 253
65 256
65 262
65 263
65 267
65 268
65 271
65 280
65 282
65 293
65 294
65 295
65 297
65 299
66 67
66 68
66 69
66 70
66 71
66 72
66 73
66 74
66 75
66 77
66 81
66 82
66 84
66 86
66 87
66 89
66 90
66 91
66 92
66 93
66 95
66 96
66 97
66 99
66 102
66 103
66 104
66 106
66 108
66 109
66 110
66 111
66 113
66 114
66 117
66 120
66 123
66 125
66 130
66 132
66 133
66 134
66 142
66 143
66 149
66 152
66 157
66 158
66 159
66 161
66 163
66 164
66 170
66 173
66 180
66 181
66 185
66 186
66 188
66 194
66 199
66 201
66 208
66 211
66 213
66 217
66 223
66 226
66 231
66 239
66 242
66 243
66 248
66 249
66 251
66 253
66 257
66 262
66 266
66 269
66 273
66 274
66 279
66 285
66 286
66 290
66 293
66 296
67 68
67 69
67 72
67 74
67 75
67 76
67 78
67 79
67 80
67 81
67 83
67 86
67 87
67 88
67 91
67 94
67 96
67 101
67 102
67 103
67 104
67 105
67 106
67 107
67 108
67 109
67 110
67 112
67 114
67 120
67 125
67 127
67 130
67 135
67 140
67 147
67 148
67 151
67 155
67 158
67 159
67 161
67 163
67 164
67 165
67 168
67 170
67 172
67 173
67 180
67 185
67 186
67 187
67 193
67 196
67 198
67 201
67 207
67 211
67 212
67 213
67 214
67 216
67 229
67 240
67 241
67 245
67 254
67 255
67 273
67 274
67 276
67 277
67 283
67 289
67 293
68 69
68 70
68 71
68 73
68 75
68 76
68 77
68 78
68 79
68 80
68 81
68 82
68 83
68 84
68 85
68 88
68 90
68 91
68 92
68 94
68 95
68 96
68 98
68 101
68 106
68 108
68 109
68 112
68 116
68 117
68 122
68 124
68 127
68 128
68 131
68 135
68 136
68 139
68 140
68 150
68 157
68 159
68 161
68 162
68 164
68 169
68 178
68 182
68 184
68 189
68 190
68 191
68 192
68 193
68 197
68 199
68 200
68 210
68 211
68 213
68 214
68 219
68 224
68 226
68 227
68 229
68 234
68 237
68 239
68 242
68 243
68 245
68 246
68 252
68 253
68 258
68 262
68 264
68 265
68 266
68 267
68 268
68 270
68 271
68 276
68 278
68 280
68 281
68 282
68 284
68 285
68 286
68 294
68 297
68 298
68 299
69 70
69 71
69 72
69 73
69 74
69 75
69 76
69 80
69 81
69 82
69 83
69 84
69 85
69 87
69 89
69 90
69 94
69 97
69 98
69 100
69 101
69 102
69 103
69 104
69 106
69 109
69 112
69 118
69 120
69 121
69 122
69 126
69 129
69 135
69 141
69 143
69 145
69 148
69 149
69 150
69 152
69 155
69 157
69 161
69 163
69 165
69 166
69 171
69 174
69 176
69 179
69 181
69 188
69 189
69 191
69 193
69 194
69 196
69 197
69 199
69 202
69 203
69 209
69 212
69 219
69 225
69 228
69 230
69 233
69 236
69 238
69 242
69 243
69 244
69 247
69 260
69 263
69 265
69 268
69 270
69 276
69 279
69 289
69 292
69 295
69 298
70 71
70 72
70 73
70 74
70 76
70 77
70 79
70 80
70 81
70 82
70 84
70 85
70 87
70 88
70 89
70 90
70 92
70 93
70 95
70 96
70 98
70 102
70 103
70 105
70 106
70 107
70 109
70 110
70 111
70 112
70 114
70 115
70 116
70 119
70 120
70 123
70 124
70 128
70 129
70 130
70 132
70 135
70 139
70 140
70 141
70 143
70 145
70 151
70 154
70 157
70 161
70 163
70 165
70 168
70 170
70 171
70 174
70 187
70 189
70 191
70 193
70 194
70 195
70 196
70 202
70 204
70 207
70 213
70 214
70 226
70 232
70 240
70 243
70 246
70 250
70 251
70 253
70 256
70 257
70 272
70 281
70 290
70 291
70 297
70 299
71 72
71 73
71 74
71 76
71 77
71 78
71 79
71 80
71 81
71 82
71 83
71 86
71 88
71 90
71 91
71 92
71 96
71 97
71 98
71 100
71 107
71 108
71 109
71 110
71 111
71 115
71 117
71 120
71 121
71 123
71 124
71 126
71 127
71 129
71 131
71 133
71 134
71 135
71 136
71 139
71 140
71 141
71 142
71 144
71 145
71 146
71 148
71 150
71 151
71 154
71 156
71 160
71 162
71 165
71 168
71 170
71 171
71 173
71 174
71 175
71 177
71 181
71 182
71 184
71 185
71 186
71 187
71 191
71 195
71 199
71 201
71 203
71 208
71 211
71 215
71 216
71 217
71 218
71 220
71 221
71 223
71 228
71 229
71 231
71 234
71 252
71 253
71 255
71 256
71 269
71 271
71 275
71 281
71 285
71 287
71 292
71 298
72 73
72 75
72 76
72 77
72 78
72 79
72 80
72 82
72 84
72 85
72 87
72 88
72 90
72 91
72 92
72 93
72 95
72 96
72 97
72 98
72 99
72 101
72 103
72 104
72 106
72 108
72 109
72 112
72 113
72 115
72 122
72 124
72 125
72 126
72 128
72 129
72 131
72 132
72 136
72 140
72 143
72 144
72 148
72 151
72 157
72 161
72 168
72 170
72 189
72 190
72 191
72 193
72 194
72 200
72 204
72 208
72 214
72 216
72 218
72 220
72 221
72 222
72 229
72 234
72 236
72 239
72 240
72 241
72 248
72 249
72 255
72 257
72 263
72 270
72 274
72 277
72 283
72 284
72 287
72 289
72 292
72 294
72 295
73 75
73 76
73 79
73 80
73 83
73 84
73 85
73 86
73 87
73 88
73 89
73 90
73 91
73 92
73 93
73 94
73 96
73 97
73 100
73 101
73 102
73 105
73 106
73 107
73 109
73 110
73 111
73 112
73 118
73 123
73 128
73 130
73 131
73 132
73 137
73 142
73 147
73 148
73 149
73 150
73 153
73 155
73 156
73 157
73 158
73 159
73 163
73 165
73 167
73 169
73 170
73 171
73 173
73 177
73 180
73 184
73 185
73 191
73 193
73 196
73 199
73 200
73 203
73 208
73 209
73 213
73 214
73 216
73 218
73 219
73 221
73 227
73 228
73 230
73 232
73 234
73 236
73 237
73 238
73 240
73 243
73 245
73 248
73 249
73 250
73 254
73 258
73 259
73 261
73 267
73 271
73 272
73 273
73 275
73 279
73 284
73 286
73 287
73 292
73 297
73 298
74 75
74 77
74 78
74 80
74 82
74 83
74 86
74 89
74 92
74 93
74 94
74 97
74 99
74 101
74 107
74 111
74 113
74 115
74 116
74 118
74 127
74 128
74 129
74 130
74 132
74 134
74 140
74 141
74 142
74 143
74 145
74 146
74 147
74 160
74 161
74 162
74 163
74 168
74 172
74 175
74 177
74 178
74 180
74 184
74 185
74 188
74 190
74 191
74 193
74 195
74 198
74 201
74 202
74 208
74 218
74 219
74 222
74 224
74 228
74 231
74 237
74 249
74 251
74 254
74 255
74 256
74 257
74 259
74 264
74 266
74 267
74 271
74 274
74 282
74 287
74 291
75 76
75 77
75 78
75 84
75 86
75 87
75 89
75 91
75 92
75 93
75 94
75 96
75 98
75 99
75 100
75 105
75 108
75 111
75 112
75 113
75 116
75 121
75 122
75 134
75 135
75 138
75 139
75 140
75 146
75 147
75 148
75 151
75 154
75 155
75 157
75 158
75 161
75 162
75 163
75 165
75 167
75 170
75 172
75 174
75 175
75 184
75 191
75 192
75 194
75 197
75 198
75 201
75 209
75 212
75 219
75 222
75 223
75 229
75 238
75 240
75 254
75 255
75 261
75 262
75 269
75 270
75 284
75 286
75 288
75 290
75 292
76 78
76 79
76 80
76 82
76 83
76 85
76 89
76 90
76 91
76 92
76 93
76 94
76 95
76 97
76 102
76 103
76 105
76 107
76 108
76 110
76 112
76 113
76 115
76 116
76 118
76 119
76 122
76 124
76 126
76 129
76 130
76 132
76 133
76 134
76 135
76 144
76 146
76 148
76 152
76 158
76 159
76 160
76 166
76 171
76 172
76 173
76 180
76 181
76 187
76 191
76 198
76 200
76 204
76 209
76 210
76 215
76 226
76 228
76 231
76 234
76 239
76 240
76 242
76 244
76 246
76 249
76 251
76 267
76 269
76 271
76 272
76 276
76 277
76 279
76 283
76 288
76 292
76 293
76 294
77 79
77 81
77 82
77 84
77 85
77 87
77 89
77 90
77 96
77 98
77 102
77 104
77 106
77 111
77 112
77 113
77 116
77 118
77 122
77 123
77 127
77 133
77 134
77 139
77 143
77 144
77 145
77 152
77 160
77 162
77 163
77 165
77 171
77 172
77 173
77 175
77 178
77 183
77 187
77 199
77 202
77 203
77 205
77 214
77 232
77 242
77 245
77 246
77 264
77 271
77 278
77 279
77 280
77 288
77 290
77 297
78 79
78 80
78 81
78 83
78 84
78 85
78 86
78 89
78 90
78 93
78 95
78 96
78 97
78 99
78 102
78 104
78 107
78 110
78 111
78 114
78 115
78 117
78 119
78 122
78 123
78 125
78 128
78 129
78 130
78 133
78 135
78 137
78 138
78 142
78 143
78 146
78 147
78 151
78 152
78 156
78 157
78 159
78 161
78 164
78 165
78 170
78 174
78 176
78 177
78 179
78 180
78 182
78 189
78 190
78 191
78 193
78 194
78 199
78 206
78 207
78 209
78 211
78 212
78 217
78 218
78 220
78 223
78 224
78 228
78 238
78 239
78 245
78 246
78 247
78 251
78 264
78 266
78 271
78 275
78 283
78 284
78 290
79 84
79 86
79 88
79 89
79 90
79 94
79 97
79 98
79 101
79 104
79 107
79 111
79 112
79 115
79 116
79 119
79 120
79 122
79 127
79 129
79 131
79 133
79 134
79 136
79 138
79 140
79 141
79 143
79 150
79 151
79 152
79 157
79 158
79 174
79 177
79 178
79 182
79 183
79 190
79 194
79 195
79 199
79 209
79 210
79 212
79 215
79 217
79 219
79 220
79 225
79 231
79 233
79 245
79 246
79 252
79 257
79 258
79 261
79 263
79 272
79 273
79 279
79 282
79 288
80 81
80 82
80 85
80 86
80 87
80 88
80 93
80 96
80 98
80 99
80 100
80 104
80 105
80 110
80 112
80 113
80 117
80 121
80 122
80 124
80 125
80 131
80 134
80 136
80 137
80 140
80 144
80 145
80 146
80 148
80 153
80 158
80 159
80 160
80 161
80 173
80 179
80 182
80 184
80 185
80 187
80 188
80 189
80 193
80 198
80 206
80 207
80 208
80 213
80 217
80 225
80 229
80 230
80 236
80 242
80 244
80 246
80 248
80 262
80 263
80 268
80 271
80 276
80 285
80 286
80 293
81 83
81 85
81 88
81 92
81 96
81 97
81 100
81 102
81 104
81 105
81 106
81 109
81 111
81 113
81 115
81 116
81 117
81 118
81 119
81 120
81 122
81 123
81 129
81 132
81 137
81 138
81 139
81 145
81 150
81 156
81 165
81 167
81 168
81 177
81 183
81 184
81 188
81 190
81 194
81 199
81 204
81 209
81 215
81 216
81 226
81 231
81 234
81 236
81 237
81 243
81 245
81 247
81 250
81 253
81 254
81 255
81 258
81 260
81 261
81 264
81 270
81 272
81 276
81 278
81 280
81 282
81 285
81 291
81 296
81 298
82 87
82 88
82 89
82 93
82 95
82 96
82 102
82 103
82 105
82 108
82 109
82 110
82 111
82 114
82 116
82 117
82 122
82 123
82 126
82 128
82 131
82 132
82 134
82 135
82 136
82 137
82 139
82 141
82 145
82 146
82 147
82 148
82 150
82 153
82 155
82 156
82 158
82 160
82 163
82 165
82 170
82 171
82 173
82 178
82 185
82 186
82 187
82 192
82 193
82 194
82 197
82 199
82 203
82 204
82 207
82 208
82 211
82 215
82 217
82 219
82 222
82 228
82 230
82 238
82 242
82 250
82 251
82 254
82 266
82 267
82 268
82 275
82 277
82 287
82 290
82 291
82 295
83 84
83 85
83 88
83 89
83 90
83 92
83 93
83 94
83 100
83 101
83 102
83 105
83 106
83 108
83 110
83 111
83 112
83 113
83 114
83 120
83 125
83 126
83 127
83 130
83 131
83 137
83 138
83 142
83 145
83 147
83 148
83 151
83 154
83 159
83 160
83 164
83 166
83 170
83 171
83 175
83 177
83 179
83 181
83 183
83 185
83 186
83 188
83 191
83 193
83 194
83 196
83 197
83 199
83 203
83 205
83 206
83 211
83 212
83 216
83 232
83 241
83 242
83 245
83 246
83 248
83 254
83 256
83 260
83 268
83 273
83 280
83 286
83 291
84 86
84 89
84 91
84 92
84 93
84 97
84 100
84 101
84 102
84 103
84 105
84 110
84 112
84 118
84 122
84 123
84 124
84 128
84 129
84 130
84 136
84 138
84 139
84 140
84 142
84 146
84 147
84 152
84 158
84 163
84 165
84 171
84 178
84 180
84 186
84 189
84 194
84 196
84 198
84 205
84 206
84 208
84 210
84 212
84 213
84 214
84 215
84 219
84 226
84 227
84 228
84 232
84 233
84 235
84 240
84 243
84 251
84 259
84 261
84 262
84 267
84 269
84 279
84 281
84 282
84 286
84 293
84 299
85 86
85 87
85 89
85 91
85 92
85 93
85 94
85 95
85 96
85 98
85 100
85 105
85 112
85 113
85 114
85 121
85 126
85 127
85 131
85 140
85 145
85 146
85 150
85 153
85 154
85 162
85 165
85 166
85 172
85 175
85 183
85 195
85 196
85 197
85 200
85 201
85 204
85 206
85 209
85 213
85 219
85 224
85 227
85 240
85 241
85 244
85 248
85 249
85 251
85 257
85 259
85 264
85 267
85 269
85 275
85 276
85 278
85 281
85 285
85 286
85 287
85 292
86 87
86 88
86 90
86 91
86 94
86 100
86 101
86 103
86 104
86 105
86 106
86 113
86 116
86 119
86 127
86 129
86 134
86 136
86 138
86 141
86 144
86 146
86 149
86 153
86 154
86 155
86 161
86 162
86 170
86 171
86 173
86 175
86 176
86 187
86 189
86 190
86 192
86 194
86 195
86 208
86 214
86 215
86 221
86 225
86 226
86 227
86 231
86 239
86 245
86 254
86 255
86 257
86 258
86 259
86 261
86 273
86 275
86 279
86 280
86 281
86 283
86 284
86 288
86 289
86 292
86 298
87 88
87 89
87 91
87 95
87 98
87 101
87 103
87 104
87 113
87 114
87 118
87 120
87 121
87 123
87 124
87 125
87 131
87 133
87 139
87 140
87 142
87 147
87 152
87 155
87 166
87 168
87 169
87 171
87 176
87 186
87 193
87 196
87 198
87 200
87 211
87 224
87 225
87 229
87 230
87 242
87 244
87 250
87 253
87 254
87 258
87 261
87 266
87 287
88 90
88 91
88 92
88 94
88 96
88 97
88 100
88 102
88 104
88 105
88 106
88 107
88 108
88 109
88 114
88 115
88 116
88 117
88 119
88 123
88 124
88 127
88 132
88 138
88 141
88 142
88 145
88 151
88 161
88 162
88 164
88 165
88 171
88 172
88 174
88 175
88 179
88 184
88 186
88 188
88 189
88 192
88 196
88 198
88 209
88 214
88 220
88 226
88 233
88 235
88 245
88 250
88 258
88 261
88 264
88 268
88 273
88 279
88 280
88 285
88 292
89 92
89 94
89 95
89 96
89 98
89 102
89 103
89 107
89 108
89 114
89 115
89 116
89 117
89 118
89 122
89 125
89 126
89 134
89 144
89 145
89 146
89 147
89 151
89 153
89 154
89 156
89 159
89 163
89 166
89 169
89 171
89 172
89 174
89 175
89 177
89 178
89 188
89 192
89 197
89 204
89 208
89 211
89 212
89 224
89 225
89 229
89 230
89 242
89 244
89 247
89 248
89 250
89 252
89 253
89 260
89 261
89 262
89 263
89 265
89 278
89 284
90 91
90 92
90 93
90 94
90 95
90 96
90 97
90 99
90 103
90 105
90 106
90 107
90 108
90 110
90 120
90 122
90 124
90 130
90 132
90 135
90 139
90 142
90 146
90 149
90 150
90 153
90 154
90 155
90 163
90 178
90 185
90 186
90 191
90 193
90 199
90 200
90 201
90 202
90 206
90 208
90 209
90 212
90 213
90 214
90 221
90 222
90 223
90 237
90 241
90 246
90 247
90 249
90 253
90 254
90 272
90 281
90 284
90 288
90 299
91 92
91 95
91 97
91 99
91 104
91 106
91 107
91 109
91 110
91 114
91 116
91 117
91 119
91 122
91 126
91 130
91 131
91 132
91 133
91 134
91 136
91 137
91 138
91 140
91 142
91 147
91 150
91 152
91 154
91 163
91 164
91 165
91 167
91 168
91 169
91 171
91 181
91 183
91 190
91 191
91 194
91 196
91 198
91 205
91 206
91 207
91 208
91 223
91 224
91 230
91 231
91 234
91 241
91 243
91 245
91 247
91 252
91 255
91 264
91 271
91 272
91 275
91 276
91 287
91 291
91 292
91 296
91 299
92 93
92 97
92 100
92 101
92 102
92 103
92 114
92 129
92 131
92 135
92 145
92 150
92 151
92 163
92 170
92 174
92 177
92 179
92 182
92 187
92 189
92 197
92 198
92 201
92 204
92 216
92 220
92 223
92 232
92 233
92 236
92 237
92 244
92 248
92 254
92 276
92 277
92 279
92 293
93 94
93 99
93 100
93 102
93 103
93 104
93 105
93 109
93 113
93 114
93 117
93 119
93 121
93 126
93 129
93 132
93 133
93 138
93 142
93 143
93 148
93 158
93 159
93 165
93 175
93 178
93 184
93 186
93 189
93 190
93 191
93 198
93 199
93 202
93 206
93 212
93 218
93 222
93 233
93 238
93 240
93 242
93 252
93 257
93 260
93 270
93 277
93 288
94 97
94 98
94 99
94 101
94 103
94 104
94 105
94 110
94 111
94 112
94 113
94 114
94 115
94 116
94 117
94 118
94 119
94 123
94 126
94 131
94 132
94 133
94 134
94 136
94 137
94 140
94 143
94 151
94 152
94 153
94 154
94 155
94 156
94 158
94 160
94 162
94 169
94 170
94 172
94 178
94 182
94 184
94 186
94 193
94 194
94 197
94 198
94 202
94 207
94 208
94 210
94 212
94 215
94 217
94 219
94 222
94 226
94 228
94 229
94 232
94 233
94 241
94 242
94 244
94 249
94 250
94 252
94 256
94 265
94 267
94 268
94 271
94 275
94 278
94 282
94 283
94 291
95 97
95 100
95 102
95 108
95 117
95 121
95 122
95 126
95 127
95 135
95 136
95 138
95 145
95 146
95 149
95 150
95 154
95 158
95 161
95 162
95 167
95 169
95 172
95 174
95 176
95 180
95 182
95 184
95 185
95 187
95 190
95 192
95 197
95 208
95 211
95 222
95 223
95 225
95 226
95 232
95 235
95 241
95 243
95 246
95 252
95 260
95 265
95 266
95 268
95 271
95 274
95 276
95 278
95 292
95 295
95 297
96 98
96 101
96 103
96 106
96 107
96 108
96 116
96 119
96 124
96 128
96 129
96 130
96 136
96 137
96 149
96 159
96 161
96 162
96 163
96 164
96 172
96 173
96 174
96 175
96 179
96 188
96 198
96 200
96 201
96 202
96 203
96 211
96 226
96 228
96 235
96 241
96 246
96 249
96 253
96 254
96 256
96 258
96 260
96 269
96 279
96 284
96 287
96 288
96 289
96 290
96 292
96 293
96 294
96 297
97 98
97 102
97 104
97 107
97 109
97 114
97 119
97 123
97 130
97 132
97 136
97 144
97 150
97 152
97 156
97 157
97 158
97 160
97 167
97 172
97 173
97 177
97 180
97 181
97 182
97 187
97 194
97 198
97 202
97 204
97 211
97 212
97 217
97 218
97 225
97 227
97 234
97 246
97 257
97 268
97 274
97 292
97 294
98 99
98 100
98 101
98 103
98 105
98 107
98 108
98 109
98 110
98 117
98 119
98 122
98 123
98 124
98 129
98 136
98 137
98 138
98 139
98 141
98 142
98 145
98 146
98 149
98 154
98 155
98 159
98 161
98 169
98 175
98 179
98 185
98 186
98 195
98 199
98 201
98 209
98 210
98 213
98 220
98 221
98 222
98 232
98 233
98 237
98 238
98 252
98 256
98 259
98 261
98 292
98 295
98 297
99 100
99 102
99 104
99 105
99 107
99 108
99 110
99 112
99 113
99 119
99 121
99 124
99 126
99 138
99 140
99 141
99 142
99 147
99 148
99 149
99 151
99 152
99 158
99 159
99 160
99 162
99 165
99 168
99 169
99 174
99 175
99 181
99 188
99 189
99 192
99 197
99 199
99 202
99 203
99 206
99 208
99 217
99 219
99 221
99 223
99 227
99 230
99 239
99 247
99 251
99 259
99 262
99 265
99 269
99 270
99 271
99 272
99 288
99 293
99 294
99 296
100 104
100 107
100 110
100 111
100 112
100 114
100 118
100 119
100 122
100 127
100 130
100 136
100 139
100 142
100 152
100 160
100 161
100 167
100 169
100 172
100 176
100 181
100 188
100 190
100 205
100 213
100 214
100 219
100 220
100 225
100 228
100 229
100 233
100 236
100 258
100 259
100 262
100 267
100 281
100 295
101 103
101 105
101 106
101 115
101 117
101 121
101 123
101 124
101 126
101 131
101 135
101 138
101 140
101 142
101 144
101 146
101 149
101 150
101 162
101 181
101 184
101 192
101 195
101 203
101 205
101 216
101 217
101 220
101 221
101 225
101 251
101 258
101 267
101 283
101 291
101 297
102 103
102 104
102 106
102 110
102 114
102 118
102 119
102 124
102 130
102 141
102 145
102 147
102 152
102 159
102 163
102 166
102 171
102 173
102 175
102 176
102 180
102 181
102 183
102 184
102 186
102 188
102 189
102 190
102 197
102 201
102 206
102 211
102 216
102 218
102 219
102 222
102 227
102 228
102 233
102 238
102 246
102 250
102 252
102 258
102 259
102 263
102 266
102 272
102 275
102 276
102 285
102 288
102 289
103 106
103 107
103 108
103 111
103 113
103 114
103 115
103 120
103 121
103 123
103 124
103 129
103 130
103 131
103 132
103 133
103 134
103 135
103 136
103 138
103 140
103 146
103 147
103 148
103 149
103 150
103 153
103 156
103 158
103 160
103 164
103 177
103 182
103 183
103 184
103 188
103 189
103 192
103 193
103 195
103 196
103 199
103 200
103 204
103 205
103 208
103 209
103 210
103 220
103 223
103 247
103 260
103 261
103 272
103 275
103 276
103 287
104 105
104 108
104 115
104 116
104 119
104 120
104 123
104 127
104 131
104 137
104 140
104 141
104 145
104 146
104 148
104 151
104 152
104 155
104 158
104 167
104 169
104 170
104 175
104 186
104 189
104 191
104 198
104 203
104 204
104 206
104 218
104 222
104 223
104 225
104 227
104 229
104 230
104 237
104 254
104 255
104 258
104 261
104 264
104 266
104 269
104 271
104 282
104 287
104 292
104 295
104 298
105 108
105 109
105 111
105 115
105 116
105 120
105 125
105 129
105 132
105 134
105 137
105 141
105 142
105 143
105 149
105 150
105 154
105 157
105 163
105 171
105 178
105 183
105 191
105 193
105 195
105 199
105 200
105 204
105 208
105 212
105 219
105 221
105 233
105 241
105 245
105 248
105 249
105 250
105 252
105 271
105 274
105 283
105 287
106 107
106 108
106 109
106 111
106 117
106 118
106 120
106 124
106 127
106 128
106 130
106 132
106 133
106 137
106 141
106 155
106 162
106 168
106 169
106 170
106 175
106 179
106 181
106 182
106 183
106 187
106 190
106 196
106 199
106 206
106 211
106 215
106 222
106 225
106 229
106 234
106 236
106 237
106 238
106 239
106 241
106 243
106 246
106 249
106 251
106 252
106 262
106 266
106 272
106 278
106 279
106 281
106 285
107 114
107 123
107 125
107 127
107 128
107 135
107 136
107 137
107 139
107 141
107 142
107 144
107 150
107 155
107 159
107 163
107 168
107 169
107 171
107 174
107 178
107 179
107 188
107 189
107 191
107 198
107 209
107 225
107 232
107 235
107 240
107 247
107 249
107 259
107 260
107 268
107 270
107 279
107 280
107 283
107 288
107 291
108 109
108 116
108 117
108 118
108 123
108 132
108 134
108 136
108 139
108 141
108 161
108 169
108 178
108 179
108 180
108 182
108 185
108 186
108 200
108 212
108 213
108 214
108 218
108 221
108 240
108 247
108 256
108 263
108 268
108 279
108 287
108 290
108 298
108 299
109 111
109 114
109 128
109 129
109 133
109 134
109 135
109 136
109 137
109 138
109 143
109 147
109 154
109 156
109 157
109 159
109 162
109 165
109 170
109 177
109 192
109 194
109 201
109 204
109 219
109 236
109 241
109 242
109 245
109 259
109 260
109 264
109 279
109 282
109 291
109 295
109 296
110 115
110 118
110 124
110 125
110 127
110 137
110 138
110 139
110 142
110 147
110 155
110 173
110 178
110 179
110 183
110 184
110 193
110 194
110 196
110 211
110 225
110 226
110 228
110 230
110 233
110 236
110 266
110 268
110 274
110 289
110 294
110 298
111 115
111 116
111 118
111 119
111 121
111 134
111 137
111 150
111 151
111 152
111 155
111 165
111 168
111 169
111 178
111 181
111 188
111 189
111 192
111 195
111 202
111 207
111 208
111 209
111 213
111 217
111 219
111 220
111 221
111 231
111 235
111 239
111 240
111 249
111 250
111 252
111 256
111 259
111 263
111 270
111 273
111 288
111 292
111 297
112 116
112 117
112 118
112 121
112 123
112 126
112 132
112 137
112 138
112 140
112 141
112 161
112 166
112 168
112 170
112 178
112 180
112 182
112 185
112 192
112 196
112 210
112 223
112 224
112 227
112 242
112 244
112 247
112 263
112 267
112 270
112 274
112 284
112 285
112 289
112 294
112 299
113 116
113 117
113 118
113 119
113 120
113 121
113 122
113 124
113 128
113 129
113 135
113 137
113 140
113 141
113 144
113 146
113 148
113 149
113 157
113 173
113 174
113 175
113 187
113 189
113 192
113 198
113 201
113 203
113 205
113 211
113 212
113 213
113 216
113 229
113 231
113 238
113 244
113 248
113 249
113 264
113 266
113 269
113 272
113 280
113 282
113 294
113 295
114 115
114 117
114 122
114 125
114 126
114 127
114 132
114 136
114 139
114 140
114 145
114 151
114 153
114 157
114 158
114 159
114 161
114 176
114 184
114 193
114 203
114 235
114 240
114 247
114 252
114 266
114 277
114 278
114 280
114 282
114 286
114 290
114 291
114 295
114 297
115 117
115 118
115 120
115 121
115 122
115 128
115 129
115 130
115 133
115 140
115 146
115 147
115 154
115 155
115 160
115 161
115 170
115 174
115 176
115 180
115 190
115 194
115 195
115 197
115 198
115 203
115 208
115 211
115 213
115 214
115 218
115 219
115 233
115 235
115 240
115 241
115 242
115 244
115 250
115 251
115 260
115 265
115 266
115 267
115 275
115 297
115 298
115 299
116 118
116 123
116 125
116 126
116 130
116 131
116 133
116 134
116 136
116 150
116 152
116 153
116 164
116 167
116 168
116 174
116 200
116 210
116 215
116 217
116 218
116 220
116 225
116 228
116 235
116 238
116 242
116 263
116 265
116 270
116 287
116 289
116 291
117 119
117 121
117 124
117 125
117 128
117 131
117 133
117 139
117 151
117 153
117 165
117 166
117 181
117 183
117 184
117 190
117 213
117 220
117 221
117 223
117 224
117 251
117 254
117 262
117 270
117 278
117 284
117 286
117 298
118 122
118 127
118 128
118 130
118 134
118 136
118 137
118 138
118 139
118 142
118 144
118 151
118 152
118 154
118 162
118 163
118 168
118 172
118 183
118 184
118 185
118 187
118 190
118 192
118 201
118 202
118 204
118 210
118 211
118 214
118 215
118 221
118 222
118 232
118 236
118 238
118 240
118 253
118 259
118 268
118 269
118 271
118 273
118 279
118 289
118 290
118 296
118 299
119 120
119 122
119 125
119 129
119 130
119 133
119 135
119 137
119 139
119 140
119 146
119 147
119 148
119 154
119 160
119 163
119 166
119 187
119 195
119 198
119 209
119 210
119 213
119 219
119 228
119 235
119 236
119 238
119 240
119 252
119 253
119 263
119 271
119 282
119 288
119 293
119 295
119 296
120 121
120 122
120 127
120 129
120 132
120 133
120 139
120 148
120 152
120 153
120 164
120 165
120 168
120 170
120 175
120 176
120 185
120 189
120 196
120 201
120 209
120 216
120 226
120 227
120 248
120 253
120 255
120 268
120 281
120 294
120 296
121 123
121 124
121 129
121 133
121 134
121 143
121 145
121 147
121 149
121 151
121 157
121 160
121 163
121 164
121 169
121 173
121 175
121 176
121 179
121 180
121 183
121 194
121 196
121 199
121 205
121 207
121 217
121 218
121 224
121 236
121 260
121 263
121 264
121 266
121 268
121 269
121 270
121 273
121 281
121 283
121 294
121 298
122 127
122 130
122 134
122 136
122 137
122 138
122 143
122 146
122 154
122 156
122 163
122 166
122 180
122 183
122 186
122 196
122 201
122 202
122 203
122 205
122 210
122 211
122 216
122 224
122 225
122 232
122 233
122 250
122 261
122 265
122 274
122 275
122 276
122 278
122 291
122 298
122 299
123 126
123 128
123 132
123 135
123 137
123 151
123 161
123 166
123 168
123 170
123 175
123 183
123 189
123 190
123 196
123 199
123 204
123 215
123 220
123 222
123 227
123 235
123 238
123 239
123 252
123 266
123 276
123 281
123 285
123 296
124 126
124 130
124 132
124 133
124 137
124 140
124 143
124 144
124 147
124 151
124 159
124 163
124 164
124 165
124 167
124 168
124 169
124 181
124 184
124 192
124 200
124 204
124 208
124 224
124 227
124 231
124 235
124 236
124 237
124 238
124 243
124 248
124 254
124 255
124 257
124 265
124 268
124 272
124 276
124 283
124 288
124 292
124 297
124 299
125 126
125 127
125 134
125 136
125 140
125 143
125 148
125 151
125 156
125 158
125 160
125 161
125 163
125 165
125 169
125 172
125 174
125 180
125 188
125 189
125 208
125 221
125 222
125 225
125 232
125 246
125 249
125 250
125 261
125 266
125 267
125 272
125 275
125 279
125 284
125 287
126 127
126 129
126 130
126 133
126 135
126 138
126 141
126 144
126 145
126 147
126 148
126 149
126 151
126 152
126 153
126 154
126 156
126 160
126 166
126 168
126 172
126 182
126 186
126 188
126 192
126 193
126 197
126 204
126 205
126 207
126 217
126 222
126 238
126 247
126 248
126 250
126 254
126 260
126 269
126 274
126 280
126 283
126 293
126 294
126 295
126 298
127 130
127 135
127 137
127 152
127 153
127 154
127 156
127 157
127 159
127 165
127 173
127 178
127 183
127 188
127 204
127 220
127 225
127 229
127 231
127 256
127 259
127 262
127 275
127 298
128 129
128 138
128 139
128 141
128 144
128 146
128 149
128 155
128 156
128 159
128 160
128 164
128 170
128 174
128 185
128 187
128 193
128 196
128 197
128 205
128 207
128 208
128 212
128 221
128 229
128 239
128 242
128 248
128 251
128 261
128 274
128 278
128 280
128 285
128 294
128 296
128 298
129 137
129 143
129 151
129 152
129 156
129 160
129 162
129 163
129 167
129 169
129 176
129 179
129 181
129 186
129 192
129 194
129 197
129 199
129 206
129 210
129 212
129 215
129 219
129 222
129 224
129 239
129 244
129 245
129 248
129 250
129 254
129 255
129 256
129 263
129 264
129 267
129 273
129 274
129 288
129 289
129 292
129 299
130 133
130 135
130 136
130 145
130 146
130 149
130 162
130 177
130 179
130 180
130 194
130 196
130 197
130 200
130 203
130 217
130 218
130 232
130 235
130 238
130 242
130 251
130 252
130 257
130 261
130 265
130 270
130 272
130 273
130 274
130 278
130 279
131 133
131 135
131 137
131 138
131 139
131 143
131 144
131 145
131 146
131 152
131 155
131 163
131 171
131 173
131 175
131 177
131 187
131 190
131 194
131 203
131 208
131 210
131 214
131 215
131 217
131 231
131 233
131 234
131 238
131 245
131 246
131 250
131 251
131 253
131 257
131 264
131 273
131 274
131 283
131 286
131 288
132 144
132 148
132 152
132 153
132 160
132 163
132 176
132 177
132 178
132 180
132 188
132 199
132 209
132 214
132 228
132 230
132 239
132 246
132 249
132 253
132 256
132 266
132 271
132 288
132 297
133 140
133 141
133 145
133 150
133 151
133 152
133 153
133 154
133 159
133 177
133 190
133 199
133 202
133 205
133 206
133 217
133 219
133 230
133 235
133 239
133 243
133 247
133 250
133 253
133 254
133 269
133 271
133 279
133 282
133 290
134 138
134 145
134 148
134 153
134 167
134 170
134 172
134 174
134 176
134 192
134 193
134 195
134 201
134 204
134 205
134 206
134 209
134 215
134 233
134 235
134 238
134 246
134 250
134 251
134 256
134 258
134 259
134 270
134 283
134 287
134 298
135 138
135 140
135 147
135 156
135 157
135 162
135 165
135 166
135 170
135 174
135 176
135 179
135 188
135 195
135 196
135 210
135 211
135 213
135 224
135 225
135 226
135 230
135 235
135 245
135 247
135 252
135 255
135 260
135 261
135 262
135 267
135 268
135 269
135 273
135 284
135 290
135 291
135 292
135 294
136 141
136 142
136 143
136 149
136 153
136 157
136 158
136 166
136 167
136 170
136 174
136 179
136 180
136 183
136 186
136 187
136 205
136 211
136 215
136 217
136 221
136 222
136 224
136 229
136 233
136 235
136 237
136 242
136 243
136 248
136 252
136 262
136 267
136 283
136 286
136 299
137 151
137 154
137 156
137 159
137 160
137 168
137 169
137 174
137 178
137 182
137 186
137 192
137 199
137 217
137 220
137 226
137 227
137 230
137 239
137 253
137 263
137 266
137 283
137 285
137 291
138 140
138 142
138 143
138 147
138 157
138 168
138 169
138 180
138 184
138 191
138 195
138 196
138 202
138 214
138 219
138 230
138 241
138 248
138 251
138 253
138 257
138 260
138 265
138 267
138 283
138 284
138 296
139 142
139 144
139 145
139 153
139 154
139 160
139 164
139 172
139 174
139 176
139 178
139 179
139 181
139 185
139 191
139 196
139 208
139 209
139 211
139 213
139 215
139 223
139 226
139 232
139 245
139 246
139 247
139 252
139 266
139 270
139 272
139 273
139 278
139 281
139 282
139 285
139 287
139 293
139 296
140 142
140 144
140 148
140 154
140 156
140 159
140 167
140 172
140 181
140 187
140 195
140 199
140 200
140 202
140 212
140 213
140 214
140 218
140 225
140 230
140 231
140 232
140 249
140 252
140 261
140 278
140 285
140 294
140 295
141 146
141 153
141 156
141 158
141 164
141 167
141 168
141 172
141 178
141 180
141 183
141 187
141 188
141 198
141 207
141 210
141 214
141 216
141 226
141 236
141 242
141 247
141 260
141 266
141 268
141 272
141 274
141 292
141 293
142 144
142 146
142 154
142 160
142 165
142 176
142 180
142 181
142 182
142 190
142 197
142 214
142 228
142 248
142 263
142 264
142 266
142 270
142 280
142 285
142 288
143 148
143 150
143 156
143 164
143 166
143 180
143 182
143 183
143 193
143 196
143 207
143 229
143 238
143 239
143 250
143 257
143 260
143 295
144 147
144 155
144 157
144 161
144 168
144 169
144 173
144 176
144 179
144 181
144 183
144 185
144 189
144 192
144 194
144 195
144 201
144 206
144 211
144 222
144 225
144 256
144 259
144 261
144 263
144 270
144 277
144 278
144 280
144 284
144 291
145 146
145 156
145 157
145 159
145 176
145 181
145 187
145 193
145 210
145 211
145 220
145 227
145 266
145 269
145 297
146 149
146 150
146 153
146 154
146 158
146 162
146 165
146 173
146 179
146 183
146 184
146 186
146 188
146 198
146 205
146 207
146 213
146 215
146 231
146 233
146 236
146 250
146 263
146 272
147 148
147 149
147 151
147 166
147 180
147 186
147 189
147 191
147 197
147 199
147 204
147 209
147 216
147 217
147 231
147 248
147 253
147 258
147 277
147 281
147 284
147 289
147 298
148 154
148 156
148 166
148 169
148 173
148 175
148 177
148 181
148 182
148 184
148 188
148 192
148 193
148 203
148 206
148 208
148 240
148 243
148 246
148 247
148 254
148 256
148 262
148 280
148 287
148 289
148 294
148 295
148 297
149 153
149 170
149 171
149 174
149 176
149 182
149 188
149 192
149 201
149 221
149 227
149 265
149 275
149 282
149 289
149 299
150 152
150 153
150 156
150 164
150 165
150 166
150 170
150 174
150 177
150 180
150 184
150 186
150 191
150 192
150 193
150 214
150 235
150 236
150 242
150 243
150 245
150 255
150 282
150 285
150 288
151 157
151 161
151 162
151 164
151 170
151 171
151 181
151 185
151 188
151 201
151 203
151 205
151 206
151 207
151 220
151 221
151 223
151 225
151 232
151 233
151 235
151 241
151 245
151 248
151 249
151 250
151 251
151 254
151 255
151 256
151 258
151 264
151 268
151 280
151 286
151 289
151 293
151 295
152 155
152 159
152 162
152 163
152 176
152 177
152 179
152 183
152 184
152 198
152 204
152 206
152 211
152 218
152 220
152 227
152 229
152 230
152 235
152 239
152 242
152 251
152 256
152 258
152 263
152 277
152 291
152 293
152 294
152 295
152 299
153 154
153 158
153 160
153 166
153 168
153 171
153 173
153 174
153 175
153 178
153 179
153 180
153 182
153 191
153 202
153 205
153 206
153 207
153 214
153 218
153 221
153 225
153 227
153 231
153 239
153 243
153 246
153 251
153 262
153 263
153 271
153 282
153 284
153 288
153 294
153 296
154 162
154 182
154 184
154 190
154 192
154 195
154 200
154 201
154 202
154 214
154 217
154 222
154 223
154 225
154 229
154 233
154 234
154 249
154 254
154 256
154 257
154 295
155 158
155 160
155 175
155 179
155 182
155 187
155 201
155 205
155 219
155 232
155 234
155 236
155 241
155 245
155 248
155 252
155 273
155 276
156 165
156 166
156 170
156 171
156 177
156 190
156 191
156 209
156 210
156 232
156 233
156 245
156 255
156 268
156 271
156 273
156 280
156 281
156 298
157 158
157 161
157 172
157 177
157 182
157 184
157 188
157 189
157 193
157 196
157 204
157 211
157 232
157 241
157 242
157 244
157 248
157 255
157 257
157 261
157 262
157 269
157 272
157 289
158 160
158 162
158 165
158 166
158 172
158 179
158 181
158 182
158 185
158 212
158 213
158 218
158 220
158 221
158 222
158 231
158 235
158 250
158 274
159 160
159 165
159 193
159 207
159 216
159 219
159 228
159 236
159 241
159 246
159 255
159 257
159 272
159 291
159 297
159 298
160 170
160 173
160 174
160 177
160 186
160 187
160 192
160 197
160 218
160 222
160 230
160 232
160 233
160 238
160 243
160 245
160 246
160 247
160 255
160 276
160 287
161 176
161 178
161 179
161 180
161 186
161 189
161 190
161 198
161 200
161 202
161 206
161 222
161 223
161 227
161 233
161 236
161 238
161 243
161 246
161 257
161 265
161 270
161 273
161 277
161 282
161 299
162 168
162 170
162 174
162 180
162 189
162 190
162 192
162 195
162 212
162 213
162 226
162 234
162 247
162 249
162 256
162 258
162 259
162 265
162 268
162 287
162 290
163 168
163 183
163 188
163 195
163 196
163 208
163 214
163 217
163 222
163 223
163 232
163 233
163 234
163 235
163 241
163 250
163 253
163 254
163 255
163 260
163 262
163 264
163 267
163 272
163 274
163 277
163 286
163 288
164 170
164 171
164 172
164 185
164 187
164 198
164 202
164 209
164 215
164 222
164 226
164 239
164 246
164 247
164 257
164 258
164 262
164 266
164 268
164 290
165 166
165 180
165 203
165 210
165 215
165 221
165 224
165 226
165 228
165 231
165 232
165 245
165 256
165 259
165 260
165 261
165 275
165 278
165 281
165 282
165 292
166 174
166 177
166 181
166 200
166 201
166 207
166 208
166 220
166 221
166 225
166 239
166 246
166 250
166 258
166 281
166 283
166 290
167 171
167 175
167 185
167 188
167 190
167 204
167 216
167 236
167 245
167 263
167 269
167 285
167 286
167 293
167 296
168 177
168 188
168 190
168 192
168 208
168 221
168 241
168 252
168 263
168 279
168 297
169 186
169 207
169 210
169 214
169 216
169 225
169 232
169 235
169 267
169 279
169 283
169 285
169 287
169 290
169 295
169 297
170 171
170 191
170 193
170 202
170 205
170 207
170 217
170 227
170 249
170 250
170 256
170 257
170 259
170 262
170 284
170 286
171 178
171 182
171 185
171 197
171 202
171 210
171 215
171 231
171 232
171 249
171 257
171 261
171 269
171 277
171 295
172 177
172 186
172 190
172 192
172 197
172 211
172 220
172 231
172 234
172 242
172 244
172 251
172 254
172 259
172 265
172 267
172 277
172 280
172 285
172 286
172 288
172 293
173 177
173 189
173 191
173 194
173 200
173 211
173 214
173 215
173 234
173 237
173 250
173 258
173 259
173 265
173 269
173 272
173 280
174 177
174 178
174 185
174 189
174 200
174 223
174 224
174 236
174 237
174 243
174 254
174 255
174 256
174 260
174 263
174 264
174 267
175 180
175 223
175 225
175 228
175 229
175 234
175 241
175 249
175 250
175 257
175 259
175 273
175 281
175 291
176 177
176 178
176 179
176 187
176 190
176 191
176 194
176 201
176 204
176 205
176 213
176 217
176 225
176 236
176 237
176 241
176 250
176 274
176 278
176 283
176 285
176 291
176 293
177 181
177 186
177 194
177 196
177 200
177 202
177 205
177 206
177 215
177 217
177 232
177 241
177 243
177 245
177 246
177 249
177 262
177 264
177 269
177 281
177 292
178 184
178 192
178 201
178 203
178 206
178 212
178 215
178 216
178 219
178 223
178 225
178 231
178 232
178 236
178 238
178 249
178 258
178 266
178 268
178 269
178 272
178 280
178 296
178 298
179 191
179 194
179 196
179 204
179 205
179 220
179 223
179 228
179 231
179 232
179 252
179 253
179 254
179 263
179 267
179 274
179 278
179 280
179 290
179 292
179 293
180 191
180 196
180 199
180 207
180 210
180 211
180 221
180 229
180 236
180 248
180 263
180 272
180 291
181 182
181 184
181 196
181 203
181 210
181 218
181 219
181 222
181 224
181 228
181 237
181 248
181 252
181 266
181 273
181 279
181 291
182 190
182 191
182 200
182 201
182 203
182 208
182 210
182 212
182 239
182 261
182 275
182 276
182 281
182 292
182 297
182 299
183 184
183 186
183 195
183 215
183 216
183 231
183 235
183 239
183 245
183 252
183 253
183 255
183 270
183 277
183 283
183 287
184 185
184 190
184 192
184 194
184 203
184 205
184 213
184 216
184 226
184 233
184 238
184 239
184 258
184 267
184 276
184 296
185 199
185 226
185 237
185 244
185 246
185 251
185 256
185 259
185 260
185 265
185 272
185 293
185 296
185 299
186 187
186 197
186 251
186 252
186 265
186 274
186 277
186 285
187 192
187 195
187 196
187 198
187 200
187 206
187 215
187 228
187 243
187 244
187 247
187 255
187 258
187 259
187 267
187 268
187 273
187 279
187 280
187 289
188 190
188 195
188 204
188 207
188 211
188 217
188 218
188 222
188 228
188 244
188 250
188 253
188 257
188 269
188 273
188 284
189 191
189 192
189 193
189 201
189 203
189 218
189 227
189 238
189 240
189 241
189 247
189 250
189 251
189 252
189 277
189 281
189 283
190 195
190 199
190 200
190 205
190 210
190 219
190 224
190 231
190 233
190 234
190 237
190 248
190 251
190 254
190 265
190 269
190 279
190 280
190 287
190 289
191 192
191 207
191 208
191 249
191 254
191 255
191 280
191 289
191 295
191 297
192 202
192 204
192 215
192 220
192 222
192 226
192 227
192 245
192 255
192 259
192 262
192 264
192 276
192 277
192 287
192 288
193 194
193 219
193 223
193 229
193 232
193 233
193 237
193 240
193 241
193 270
193 272
193 285
193 286
193 291
193 292
193 295
194 195
194 197
194 203
194 212
194 214
194 219
194 231
194 237
194 239
194 258
194 264
194 270
194 286
194 294
195 228
195 232
195 241
195 261
195 262
195 263
195 274
195 287
195 297
196 202
196 204
196 209
196 216
196 221
196 224
196 233
196 243
196 266
196 271
197 198
197 201
197 204
197 206
197 207
197 234
197 235
197 236
197 240
197 243
197 255
197 264
197 265
197 271
197 278
197 280
197 284
197 297
198 206
198 207
198 209
198 210
198 217
198 219
198 227
198 235
198 244
198 248
198 251
198 257
198 258
198 274
198 276
198 290
198 291
198 296
199 232
199 237
199 238
199 255
199 256
199 260
199 265
199 266
199 267
199 271
199 272
199 278
199 279
199 284
199 287
199 293
199 294
199 295
199 298
200 216
200 223
200 251
200 253
200 264
201 211
201 218
201 223
201 231
201 260
201 268
201 273
201 274
201 276
201 281
201 293
201 296
201 297
202 211
202 215
202 217
202 225
202 247
202 290
202 294
203 209
203 213
203 216
203 219
203 226
203 227
203 237
203 257
203 260
203 267
204 206
204 207
204 209
204 212
204 217
204 222
204 228
204 239
204 240
204 241
204 248
204 249
204 254
204 277
204 293
205 207
205 215
205 237
205 238
205 260
205 275
206 207
206 210
206 221
206 223
206 231
206 257
206 266
206 270
206 273
206 278
206 282
207 217
207 218
207 219
207 227
207 232
207 242
207 243
207 247
207 250
207 256
207 272
207 274
207 276
207 278
207 281
207 290
207 293
207 296
208 211
208 214
208 223
208 227
208 249
208 255
208 267
208 281
209 243
209 269
209 281
210 211
210 216
210 224
210 227
210 243
210 259
210 265
210 269
210 275
210 278
210 282
210 288
210 295
211 221
211 233
211 234
211 240
211 247
211 250
211 251
211 259
211 268
211 273
211 275
211 279
211 293
211 294
211 299
212 215
212 216
212 230
212 231
212 232
212 238
212 240
212 241
212 256
212 257
212 260
212 265
212 269
212 271
212 274
212 277
212 278
212 286
212 289
212 290
212 294
213 217
213 224
213 228
213 245
213 248
213 255
213 271
213 277
213 289
213 299
214 234
214 242
214 253
214 255
214 258
214 274
214 294
214 296
215 227
215 228
215 244
215 256
215 257
215 266
215 274
215 283
215 285
215 295
216 221
216 225
216 229
216 236
216 238
216 240
216 255
216 258
216 260
216 261
216 269
216 270
216 275
216 299
217 220
217 223
217 230
217 235
217 236
217 241
217 257
217 260
217 262
217 272
217 275
217 291
217 295
217 297
217 299
218 220
218 229
218 241
218 286
218 298
218 299
219 224
219 227
219 228
219 234
219 239
219 249
219 254
219 264
219 267
219 283
220 222
220 225
220 229
220 230
220 235
220 242
220 254
220 259
220 260
220 270
220 286
220 287
220 288
221 224
221 249
221 280
221 289
221 295
222 226
222 232
222 243
222 244
222 247
222 256
222 257
222 261
222 262
222 263
222 273
222 277
222 279
222 299
223 224
223 226
223 248
223 258
223 260
223 279
223 288
223 290
224 233
224 239
224 260
224 272
224 284
225 226
225 232
225 241
225 249
225 262
225 278
225 280
225 284
226 229
226 236
226 238
226 240
226 244
226 246
226 253
226 259
226 262
226 265
226 267
226 276
226 279
226 281
226 288
226 291
227 233
227 248
227 262
227 276
227 281
227 289
227 295
228 235
228 254
228 264
228 271
228 290
228 296
229 264
229 265
229 267
229 270
229 271
229 272
229 290
229 291
229 297
230 234
230 237
230 239
230 243
230 271
230 287
230 293
230 299
231 236
231 263
231 275
231 289
232 241
232 252
232 255
232 260
232 262
232 264
232 269
232 273
232 284
233 250
233 270
233 280
233 283
233 287
233 299
234 262
234 265
234 274
234 278
234 282
234 288
235 244
235 253
235 269
235 278
235 284
236 256
236 266
236 272
237 239
237 242
237 246
237 248
237 249
237 257
237 258
237 259
237 261
237 289
237 292
238 240
238 251
238 258
238 263
238 264
238 273
239 249
239 266
239 276
239 281
239 296
240 246
240 251
240 259
240 265
240 277
240 285
240 286
240 292
241 243
241 288
241 298
242 251
242 252
242 254
242 260
242 280
242 288
242 289
242 292
242 294
243 245
243 274
243 281
243 286
243 292
243 296
244 246
244 249
244 267
244 293
245 247
245 261
245 271
245 277
245 282
246 255
246 258
246 264
246 269
246 271
246 282
246 290
247 256
247 263
247 288
247 290
247 292
248 288
248 294
248 297
248 299
249 286
249 290
250 273
251 258
251 276
251 282
251 285
252 284
252 285
252 287
253 257
253 270
253 271
253 274
253 279
253 286
253 295
254 255
254 266
254 293
255 265
255 268
255 275
255 282
255 283
255 297
256 262
256 268
256 273
256 276
256 283
256 294
257 258
257 260
257 271
257 272
257 281
258 261
258 267
258 273
258 275
258 279
258 291
258 297
259 273
259 290
259 298
260 263
260 264
260 275
260 277
260 279
260 291
260 295
260 299
261 271
261 272
261 282
261 289
262 282
263 273
263 291
263 297
264 265
264 278
264 283
264 284
264 286
264 296
265 287
266 270
266 277
266 282
266 286
266 298
267 268
267 270
268 276
268 292
269 271
269 284
269 296
270 280
270 299
271 276
271 280
271 286
271 289
271 292
271 297
272 275
272 277
272 283
272 295
273 288
273 292
275 282
275 287
276 278
276 280
276 293
277 280
277 298
278 280
278 290
278 292
278 294
279 281
279 282
279 284
279 296
280 286
280 291
280 296
281 288
281 289
282 296
283 298
284 294
284 296
285 295
286 293
287 289
287 294
287 297
289 294
291 298
292 295
292 297
293 295
293 298
