0 1
0 2
0 3
0 4
0 5
0 6
0 7
0 8
0 9
0 10
0 11
0 12
0 13
0 14
0 15
0 16
0 17
0 18
0 19
0 20
0 21
0 22
0 23
0 24
0 25
0 26
0 27
0 28
0 29
0 30
0 31
0 32
0 33
0 34
0 35
0 36
0 37
0 38
0 40
0 41
0 43
0 44
0 45
0 46
0 47
0 48
0 50
0 51
0 53
0 54
0 56
0 57
0 58
0 59
0 60
0 62
0 64
0 65
0 66
0 68
0 70
0 71
0 73
0 74
0 75
0 76
0 77
0 78
0 82
0 83
0 87
0 90
0 92
0 98
0 99
0 101
0 104
0 109
0 111
0 113
0 129
0 136
0 138
0 139
0 143
0 147
0 148
0 150
0 151
0 152
0 155
0 157
0 163
0 165
0 166
0 167
0 170
0 176
0 178
0 180
0 188
0 191
0 192
0 197
1 26
1 27
1 28
1 29
1 30
1 32
1 33
1 34
1 36
1 38
1 39
1 40
1 42
1 45
1 46
1 50
1 51
1 60
1 62
1 63
1 67
1 68
1 79
1 83
1 85
1 89
1 91
1 99
1 101
1 105
1 111
1 125
1 129
1 139
1 142
1 156
1 163
1 192
1 195
2 26
2 27
2 29
2 30
2 31
2 32
2 33
2 34
2 35
2 37
2 46
2 47
2 50
2 55
2 56
2 58
2 62
2 70
2 73
2 82
2 83
2 90
2 96
2 99
2 113
2 119
2 132
2 137
2 142
2 145
2 149
2 150
2 152
2 160
2 161
2 164
2 168
2 172
2 177
2 179
2 186
2 190
2 196
2 197
3 26
3 27
3 28
3 29
3 30
3 31
3 32
3 34
3 35
3 39
3 41
3 47
3 53
3 54
3 55
3 57
3 58
3 61
3 62
3 63
3 68
3 70
3 73
3 76
3 77
3 81
3 82
3 87
3 91
3 102
3 109
3 114
3 116
3 123
3 124
3 126
3 130
3 132
3 133
3 142
3 151
3 161
3 166
3 169
3 171
3 176
3 189
4 26
4 27
4 28
4 29
4 31
4 33
4 38
4 39
4 40
4 46
4 47
4 49
4 50
4 52
4 56
4 59
4 64
4 68
4 70
4 72
4 74
4 80
4 83
4 88
4 92
4 100
4 103
4 110
4 113
4 114
4 122
4 124
4 128
4 135
4 141
4 142
4 176
4 178
4 182
4 184
4 187
4 188
4 191
4 195
5 26
5 27
5 28
5 29
5 31
5 32
5 33
5 35
5 36
5 39
5 41
5 42
5 43
5 48
5 49
5 54
5 55
5 60
5 63
5 65
5 66
5 69
5 70
5 72
5 74
5 75
5 84
5 87
5 100
5 107
5 109
5 131
5 139
5 158
5 160
5 164
5 184
5 194
5 199
6 26
6 27
6 28
6 30
6 33
6 34
6 35
6 36
6 37
6 38
6 39
6 40
6 44
6 45
6 46
6 47
6 48
6 49
6 54
6 58
6 59
6 64
6 80
6 83
6 85
6 86
6 92
6 98
6 108
6 116
6 128
6 140
6 145
6 162
6 178
6 187
6 194
7 26
7 27
7 28
7 29
7 30
7 31
7 33
7 34
7 36
7 37
7 40
7 41
7 43
7 48
7 50
7 52
7 55
7 57
7 61
7 62
7 70
7 73
7 76
7 82
7 85
7 89
7 103
7 109
7 115
7 122
7 123
7 124
7 125
7 131
7 134
7 142
7 145
7 152
7 155
7 161
7 172
7 185
7 195
7 196
8 26
8 27
8 28
8 29
8 30
8 31
8 32
8 33
8 34
8 36
8 38
8 39
8 40
8 42
8 44
8 45
8 47
8 49
8 51
8 54
8 56
8 57
8 59
8 68
8 69
8 70
8 73
8 74
8 75
8 77
8 83
8 84
8 86
8 87
8 92
8 93
8 94
8 95
8 98
8 103
8 106
8 109
8 116
8 124
8 135
8 136
8 144
8 147
8 149
8 155
8 162
8 164
8 171
8 189
8 191
8 195
8 198
9 26
9 28
9 29
9 34
9 39
9 40
9 51
9 57
9 59
9 60
9 62
9 65
9 73
9 81
9 86
9 107
9 114
9 123
9 133
9 140
9 142
9 149
9 159
9 181
9 182
10 26
10 27
10 28
10 29
10 30
10 31
10 32
10 33
10 34
10 35
10 38
10 39
10 41
10 42
10 43
10 44
10 48
10 50
10 51
10 54
10 55
10 67
10 69
10 70
10 72
10 73
10 75
10 77
10 81
10 83
10 84
10 85
10 89
10 95
10 97
10 105
10 107
10 111
10 129
10 135
10 136
10 138
10 146
10 149
10 151
10 153
10 155
10 160
10 162
10 168
10 174
10 181
10 185
10 186
10 196
11 26
11 27
11 28
11 29
11 31
11 32
11 34
11 35
11 37
11 38
11 39
11 40
11 42
11 43
11 48
11 50
11 51
11 52
11 54
11 56
11 63
11 67
11 72
11 73
11 75
11 76
11 77
11 82
11 83
11 85
11 97
11 99
11 107
11 109
11 111
11 112
11 114
11 119
11 127
11 129
11 139
11 142
11 151
11 153
11 156
11 162
11 165
11 170
11 172
11 179
11 182
11 184
11 198
12 26
12 27
12 29
12 30
12 31
12 32
12 33
12 34
12 35
12 36
12 37
12 38
12 39
12 40
12 44
12 45
12 46
12 47
12 50
12 51
12 52
12 53
12 54
12 55
12 59
12 61
12 62
12 64
12 65
12 66
12 67
12 71
12 72
12 74
12 75
12 76
12 78
12 80
12 84
12 88
12 93
12 96
12 99
12 101
12 110
12 117
12 118
12 120
12 122
12 135
12 139
12 148
12 153
12 155
12 157
12 168
12 174
12 175
12 176
12 177
12 179
12 182
12 185
12 192
13 26
13 28
13 29
13 30
13 31
13 32
13 33
13 34
13 35
13 36
13 37
13 38
13 42
13 43
13 45
13 46
13 51
13 52
13 56
13 59
13 61
13 63
13 67
13 68
13 69
13 71
13 76
13 88
13 95
13 99
13 104
13 106
13 115
13 119
13 127
13 128
13 132
13 134
13 136
13 141
13 142
13 144
13 145
13 146
13 154
13 157
13 160
13 169
13 180
13 192
13 198
13 199
14 26
14 27
14 28
14 29
14 30
14 31
14 32
14 33
14 35
14 38
14 40
14 41
14 44
14 45
14 46
14 48
14 49
14 51
14 54
14 58
14 60
14 61
14 69
14 70
14 80
14 81
14 91
14 92
14 93
14 95
14 103
14 108
14 112
14 117
14 118
14 125
14 139
14 143
14 144
14 145
14 149
14 151
14 153
14 157
14 159
14 162
14 163
14 164
14 170
14 172
14 177
14 182
14 185
15 27
15 30
15 31
15 33
15 35
15 36
15 37
15 42
15 48
15 49
15 58
15 61
15 65
15 68
15 73
15 74
15 79
15 90
15 95
15 97
15 100
15 103
15 105
15 115
15 125
15 127
15 128
15 141
15 150
15 159
16 26
16 27
16 28
16 29
16 30
16 31
16 37
16 43
16 52
16 55
16 56
16 62
16 63
16 66
16 71
16 77
16 84
16 91
16 93
16 94
16 95
16 105
16 124
16 136
16 137
16 144
16 155
16 169
16 183
17 26
17 27
17 28
17 29
17 30
17 31
17 32
17 33
17 39
17 41
17 42
17 44
17 47
17 48
17 50
17 51
17 52
17 58
17 61
17 65
17 68
17 71
17 74
17 75
17 77
17 80
17 88
17 89
17 92
17 93
17 94
17 95
17 101
17 127
17 131
17 161
17 162
17 175
17 178
17 180
17 186
17 190
17 194
17 199
18 26
18 27
18 28
18 29
18 30
18 32
18 33
18 34
18 35
18 36
18 37
18 38
18 41
18 44
18 48
18 55
18 58
18 60
18 61
18 62
18 63
18 67
18 84
18 89
18 102
18 105
18 108
18 112
18 114
18 115
18 118
18 152
18 177
18 184
18 194
18 198
18 199
19 26
19 27
19 28
19 29
19 30
19 31
19 32
19 35
19 36
19 37
19 38
19 39
19 42
19 43
19 45
19 46
19 47
19 51
19 52
19 58
19 63
19 64
19 66
19 67
19 70
19 72
19 76
19 77
19 84
19 92
19 93
19 100
19 116
19 117
19 120
19 132
19 141
19 145
19 149
19 151
19 164
19 167
19 174
19 188
19 191
19 192
20 26
20 27
20 28
20 30
20 33
20 36
20 38
20 40
20 41
20 49
20 56
20 59
20 62
20 64
20 66
20 70
20 71
20 86
20 94
20 99
20 116
20 147
20 153
20 157
20 159
20 162
20 186
21 26
21 27
21 28
21 29
21 31
21 32
21 34
21 36
21 37
21 39
21 40
21 41
21 43
21 44
21 45
21 48
21 49
21 50
21 51
21 52
21 57
21 61
21 63
21 64
21 67
21 71
21 72
21 79
21 80
21 87
21 89
21 91
21 93
21 97
21 98
21 106
21 109
21 114
21 116
21 125
21 131
21 140
21 142
21 154
21 158
21 163
21 176
21 178
21 182
21 185
21 186
21 193
21 197
22 26
22 27
22 28
22 30
22 32
22 35
22 36
22 37
22 38
22 39
22 40
22 41
22 42
22 43
22 45
22 47
22 50
22 62
22 63
22 64
22 67
22 75
22 78
22 80
22 81
22 95
22 100
22 103
22 115
22 116
22 117
22 118
22 121
22 124
22 129
22 131
22 133
22 134
22 136
22 137
22 141
22 145
22 146
22 152
22 160
22 163
22 167
22 169
22 171
22 173
22 175
22 177
22 190
23 26
23 27
23 28
23 29
23 30
23 31
23 32
23 34
23 35
23 36
23 37
23 40
23 44
23 46
23 47
23 50
23 57
23 58
23 64
23 65
23 68
23 78
23 85
23 90
23 96
23 100
23 106
23 115
23 116
23 118
23 121
23 135
23 145
23 151
23 167
23 176
23 182
23 187
23 196
24 26
24 27
24 28
24 29
24 30
24 31
24 32
24 33
24 34
24 41
24 42
24 43
24 44
24 47
24 53
24 58
24 61
24 66
24 68
24 74
24 78
24 82
24 84
24 88
24 91
24 93
24 97
24 100
24 101
24 102
24 103
24 107
24 109
24 110
24 112
24 117
24 125
24 128
24 129
24 134
24 136
24 137
24 138
24 141
24 143
24 145
24 146
24 150
24 153
24 155
24 172
24 182
24 183
24 191
24 193
24 197
24 199
25 26
25 27
25 28
25 29
25 30
25 31
25 32
25 33
25 34
25 35
25 36
25 37
25 39
25 41
25 43
25 48
25 51
25 53
25 54
25 56
25 58
25 60
25 65
25 73
25 74
25 78
25 79
25 82
25 86
25 87
25 91
25 96
25 101
25 103
25 117
25 141
25 152
25 154
25 158
25 160
25 165
25 166
25 167
25 173
25 174
25 182
25 189
25 190
25 193
25 199
26 27
26 28
26 29
26 30
26 31
26 32
26 33
26 34
26 35
26 36
26 37
26 38
26 39
26 40
26 41
26 42
26 43
26 44
26 45
26 46
26 47
26 50
26 51
26 53
26 54
26 55
26 56
26 58
26 59
26 60
26 61
26 62
26 63
26 64
26 66
26 68
26 69
26 71
26 72
26 73
26 75
26 76
26 82
26 83
26 85
26 86
26 88
26 89
26 90
26 93
26 99
26 102
26 103
26 104
26 105
26 106
26 109
26 111
26 113
26 116
26 117
26 126
26 131
26 132
26 133
26 136
26 138
26 144
26 145
26 147
26 148
26 163
26 165
26 166
26 167
26 168
26 173
26 175
26 178
26 179
26 181
26 185
26 186
26 192
26 193
26 197
26 198
27 28
27 29
27 30
27 31
27 32
27 33
27 34
27 35
27 36
27 37
27 38
27 39
27 40
27 41
27 42
27 45
27 47
27 48
27 49
27 50
27 52
27 53
27 54
27 55
27 57
27 60
27 62
27 66
27 68
27 69
27 70
27 71
27 72
27 75
27 76
27 77
27 78
27 81
27 82
27 84
27 86
27 87
27 90
27 92
27 100
27 101
27 102
27 105
27 106
27 107
27 108
27 115
27 117
27 118
27 124
27 127
27 128
27 130
27 132
27 133
27 136
27 137
27 139
27 140
27 146
27 149
27 150
27 155
27 160
27 161
27 162
27 163
27 166
27 167
27 175
27 188
27 189
27 191
27 195
27 198
28 29
28 30
28 31
28 32
28 33
28 34
28 35
28 36
28 37
28 38
28 39
28 41
28 42
28 43
28 44
28 45
28 46
28 47
28 49
28 50
28 51
28 52
28 53
28 58
28 59
28 60
28 64
28 66
28 67
28 68
28 69
28 72
28 73
28 74
28 75
28 76
28 77
28 78
28 79
28 81
28 86
28 88
28 89
28 90
28 96
28 100
28 103
28 104
28 109
28 110
28 112
28 114
28 120
28 125
28 126
28 127
28 128
28 129
28 130
28 131
28 132
28 137
28 138
28 146
28 148
28 149
28 151
28 152
28 153
28 158
28 159
28 164
28 167
28 168
28 170
28 171
28 178
28 179
28 185
28 188
28 192
28 198
28 199
29 30
29 31
29 32
29 33
29 34
29 35
29 36
29 37
29 38
29 41
29 42
29 43
29 44
29 45
29 46
29 47
29 48
29 49
29 50
29 51
29 52
29 53
29 54
29 55
29 56
29 57
29 60
29 63
29 65
29 70
29 75
29 76
29 77
29 78
29 79
29 80
29 82
29 87
29 89
29 92
29 94
29 104
29 105
29 107
29 110
29 113
29 114
29 117
29 118
29 119
29 121
29 122
29 123
29 124
29 126
29 130
29 133
29 134
29 136
29 138
29 141
29 142
29 145
29 146
29 149
29 154
29 160
29 161
29 162
29 164
29 169
29 172
29 174
29 184
29 194
29 196
29 197
29 198
30 31
30 32
30 33
30 34
30 35
30 36
30 37
30 38
30 39
30 40
30 41
30 43
30 44
30 45
30 46
30 47
30 49
30 50
30 51
30 52
30 53
30 54
30 55
30 56
30 57
30 61
30 62
30 63
30 64
30 70
30 76
30 78
30 79
30 80
30 81
30 84
30 85
30 87
30 88
30 89
30 90
30 91
30 96
30 97
30 101
30 106
30 108
30 110
30 111
30 114
30 119
30 120
30 123
30 124
30 125
30 129
30 130
30 132
30 134
30 143
30 144
30 156
30 158
30 161
30 169
30 171
30 173
30 175
30 182
30 184
30 185
30 186
30 187
30 193
30 194
30 195
31 32
31 33
31 34
31 35
31 36
31 37
31 38
31 40
31 41
31 42
31 48
31 53
31 55
31 57
31 58
31 59
31 60
31 61
31 62
31 64
31 65
31 68
31 69
31 70
31 71
31 73
31 76
31 78
31 80
31 81
31 83
31 89
31 91
31 94
31 96
31 106
31 107
31 109
31 112
31 114
31 117
31 119
31 121
31 122
31 124
31 125
31 133
31 135
31 137
31 139
31 143
31 144
31 146
31 147
31 148
31 150
31 151
31 153
31 163
31 166
31 167
31 169
31 177
31 181
31 183
31 193
31 195
32 33
32 34
32 35
32 37
32 38
32 39
32 40
32 41
32 42
32 43
32 44
32 45
32 47
32 49
32 57
32 58
32 59
32 61
32 64
32 66
32 67
32 69
32 70
32 71
32 76
32 77
32 82
32 83
32 86
32 91
32 93
32 94
32 96
32 97
32 98
32 103
32 104
32 105
32 106
32 108
32 110
32 117
32 118
32 119
32 123
32 124
32 130
32 136
32 137
32 138
32 140
32 153
32 156
32 158
32 159
32 169
32 174
32 177
32 178
32 180
32 183
32 192
32 193
32 194
32 198
33 34
33 35
33 36
33 38
33 39
33 40
33 41
33 43
33 44
33 45
33 46
33 47
33 48
33 49
33 50
33 52
33 53
33 56
33 59
33 61
33 63
33 64
33 65
33 69
33 71
33 72
33 78
33 81
33 86
33 91
33 95
33 98
33 101
33 102
33 107
33 109
33 113
33 114
33 120
33 121
33 122
33 125
33 128
33 129
33 131
33 137
33 138
33 142
33 145
33 148
33 149
33 150
33 154
33 155
33 157
33 158
33 159
33 160
33 170
33 174
33 177
33 184
33 190
33 194
34 35
34 36
34 37
34 39
34 40
34 41
34 42
34 43
34 44
34 49
34 50
34 51
34 52
34 55
34 56
34 57
34 58
34 59
34 60
34 62
34 63
34 65
34 73
34 74
34 77
34 78
34 80
34 81
34 91
34 94
34 98
34 99
34 103
34 104
34 105
34 106
34 111
34 112
34 122
34 124
34 126
34 137
34 141
34 143
34 144
34 149
34 159
34 163
34 170
34 172
34 175
34 178
34 184
34 191
34 192
34 194
34 195
35 36
35 37
35 38
35 39
35 40
35 41
35 42
35 43
35 44
35 45
35 46
35 47
35 48
35 49
35 50
35 52
35 54
35 57
35 61
35 66
35 69
35 70
35 73
35 74
35 76
35 77
35 78
35 80
35 83
35 89
35 92
35 93
35 97
35 98
35 99
35 100
35 103
35 104
35 105
35 106
35 107
35 109
35 111
35 119
35 123
35 124
35 131
35 132
35 142
35 147
35 153
35 155
35 156
35 157
35 162
35 166
35 170
35 172
35 181
35 183
35 189
35 190
35 192
35 199
36 37
36 38
36 40
36 41
36 42
36 44
36 45
36 46
36 48
36 51
36 52
36 53
36 56
36 57
36 58
36 60
36 62
36 63
36 64
36 68
36 70
36 73
36 74
36 77
36 78
36 82
36 83
36 86
36 93
36 96
36 97
36 98
36 100
36 102
36 103
36 105
36 107
36 114
36 116
36 125
36 127
36 132
36 136
36 140
36 141
36 143
36 147
36 148
36 152
36 154
36 156
36 157
36 162
36 163
36 171
36 173
36 174
36 177
36 179
36 181
36 184
36 185
36 191
36 197
37 38
37 39
37 42
37 44
37 45
37 46
37 48
37 49
37 50
37 51
37 53
37 55
37 60
37 64
37 71
37 72
37 77
37 80
37 81
37 90
37 94
37 95
37 98
37 99
37 104
37 108
37 110
37 117
37 122
37 126
37 128
37 129
37 134
37 139
37 140
37 148
37 154
37 157
37 160
37 166
37 167
37 170
37 172
37 184
37 193
37 196
38 39
38 40
38 42
38 43
38 44
38 45
38 46
38 48
38 49
38 50
38 52
38 53
38 55
38 56
38 59
38 61
38 66
38 67
38 69
38 72
38 74
38 80
38 81
38 84
38 87
38 88
38 89
38 90
38 91
38 96
38 99
38 102
38 111
38 113
38 114
38 115
38 116
38 118
38 119
38 123
38 124
38 127
38 128
38 137
38 140
38 143
38 145
38 147
38 150
38 156
38 160
38 164
38 168
38 171
38 179
38 180
38 183
38 185
38 196
38 199
39 40
39 41
39 42
39 43
39 46
39 51
39 53
39 55
39 61
39 63
39 68
39 71
39 74
39 77
39 79
39 80
39 83
39 84
39 85
39 90
39 91
39 92
39 94
39 95
39 98
39 100
39 101
39 103
39 107
39 108
39 109
39 110
39 113
39 114
39 115
39 119
39 122
39 131
39 133
39 136
39 139
39 143
39 146
39 158
39 164
39 171
39 175
39 176
39 177
39 179
39 187
40 42
40 43
40 44
40 45
40 46
40 47
40 48
40 49
40 50
40 53
40 54
40 56
40 57
40 60
40 61
40 63
40 65
40 66
40 67
40 71
40 72
40 75
40 78
40 81
40 83
40 87
40 88
40 89
40 90
40 92
40 93
40 99
40 101
40 103
40 105
40 107
40 111
40 113
40 114
40 116
40 118
40 128
40 132
40 133
40 134
40 135
40 137
40 141
40 148
40 153
40 154
40 156
40 157
40 165
40 176
40 178
40 179
40 184
40 186
40 191
40 193
40 196
40 198
41 42
41 43
41 44
41 45
41 46
41 48
41 49
41 51
41 52
41 53
41 54
41 55
41 57
41 62
41 63
41 65
41 69
41 74
41 78
41 79
41 83
41 86
41 90
41 91
41 93
41 98
41 101
41 102
41 104
41 105
41 106
41 110
41 122
41 123
41 124
41 135
41 139
41 146
41 152
41 154
41 172
41 181
41 182
41 183
41 185
41 188
41 191
41 195
41 197
42 43
42 44
42 46
42 47
42 52
42 54
42 55
42 56
42 57
42 59
42 62
42 65
42 66
42 68
42 70
42 75
42 76
42 77
42 84
42 85
42 86
42 93
42 94
42 96
42 101
42 103
42 108
42 111
42 114
42 117
42 121
42 135
42 139
42 144
42 145
42 150
42 156
42 168
42 170
42 178
42 181
42 183
42 192
42 197
43 45
43 46
43 54
43 57
43 62
43 64
43 66
43 69
43 71
43 74
43 75
43 78
43 79
43 81
43 82
43 83
43 84
43 85
43 89
43 92
43 97
43 99
43 100
43 108
43 112
43 117
43 125
43 126
43 127
43 129
43 135
43 138
43 139
43 152
43 157
43 159
43 160
43 165
43 175
44 45
44 46
44 47
44 48
44 49
44 53
44 56
44 57
44 58
44 60
44 66
44 71
44 74
44 77
44 78
44 79
44 86
44 87
44 96
44 99
44 100
44 101
44 102
44 103
44 106
44 108
44 116
44 119
44 120
44 121
44 123
44 133
44 135
44 141
44 144
44 147
44 155
44 156
44 161
44 162
44 164
44 168
44 171
44 173
44 178
44 181
44 185
45 47
45 48
45 49
45 50
45 52
45 53
45 54
45 55
45 58
45 59
45 60
45 61
45 65
45 68
45 70
45 72
45 73
45 74
45 77
45 78
45 80
45 85
45 86
45 89
45 105
45 109
45 112
45 113
45 118
45 121
45 123
45 125
45 134
45 137
45 138
45 147
45 148
45 150
45 152
45 156
45 158
45 159
45 161
45 165
45 167
45 168
45 175
45 188
46 47
46 48
46 49
46 51
46 52
46 54
46 59
46 60
46 63
46 64
46 66
46 67
46 69
46 70
46 72
46 75
46 76
46 82
46 85
46 90
46 94
46 101
46 108
46 111
46 112
46 118
46 119
46 125
46 127
46 129
46 130
46 138
46 141
46 143
46 154
46 155
46 158
46 168
46 169
46 170
46 176
46 187
46 188
46 190
46 196
47 49
47 53
47 55
47 59
47 60
47 61
47 62
47 67
47 69
47 73
47 75
47 79
47 80
47 82
47 83
47 86
47 93
47 94
47 99
47 100
47 102
47 103
47 107
47 108
47 113
47 115
47 116
47 118
47 125
47 130
47 131
47 133
47 140
47 143
47 162
47 164
47 168
47 169
47 173
47 174
47 177
47 178
47 186
47 193
47 198
47 199
48 49
48 51
48 52
48 53
48 54
48 56
48 59
48 62
48 65
48 71
48 75
48 76
48 79
48 82
48 86
48 87
48 88
48 92
48 95
48 96
48 97
48 104
48 105
48 107
48 114
48 119
48 126
48 129
48 130
48 134
48 146
48 152
48 156
48 158
48 160
48 162
48 167
48 169
48 171
48 172
48 192
48 194
49 50
49 51
49 52
49 53
49 54
49 56
49 63
49 64
49 67
49 69
49 72
49 74
49 76
49 77
49 79
49 80
49 81
49 82
49 85
49 87
49 88
49 90
49 93
49 94
49 96
49 100
49 101
49 107
49 109
49 110
49 116
49 121
49 126
49 127
49 129
49 135
49 142
49 143
49 147
49 148
49 157
49 167
49 174
49 185
49 192
49 199
50 52
50 55
50 56
50 57
50 58
50 62
50 65
50 67
50 69
50 70
50 71
50 73
50 77
50 79
50 80
50 81
50 82
50 84
50 85
50 88
50 89
50 92
50 95
50 97
50 98
50 99
50 100
50 102
50 104
50 106
50 115
50 116
50 120
50 121
50 127
50 129
50 130
50 131
50 138
50 150
50 156
50 159
50 167
50 176
50 180
50 184
50 189
50 193
50 198
51 53
51 55
51 56
51 57
51 59
51 68
51 71
51 73
51 77
51 78
51 82
51 85
51 87
51 96
51 98
51 102
51 107
51 110
51 120
51 121
51 125
51 126
51 127
51 130
51 135
51 136
51 138
51 144
51 148
51 151
51 152
51 161
51 170
51 174
51 190
51 192
51 198
52 53
52 54
52 56
52 57
52 58
52 63
52 66
52 67
52 68
52 69
52 72
52 73
52 76
52 79
52 80
52 82
52 85
52 89
52 91
52 95
52 98
52 109
52 110
52 124
52 134
52 139
52 144
52 145
52 151
52 160
52 162
52 176
52 180
52 187
52 191
53 54
53 55
53 56
53 58
53 59
53 60
53 61
53 64
53 65
53 67
53 69
53 72
53 74
53 78
53 79
53 81
53 84
53 86
53 87
53 88
53 92
53 93
53 97
53 98
53 100
53 102
53 104
53 117
53 119
53 120
53 121
53 124
53 125
53 131
53 133
53 139
53 140
53 148
53 149
53 155
53 165
53 171
53 173
53 181
53 183
53 192
53 194
54 55
54 57
54 58
54 59
54 60
54 61
54 65
54 67
54 68
54 70
54 71
54 72
54 74
54 79
54 81
54 83
54 89
54 91
54 96
54 100
54 103
54 104
54 105
54 108
54 109
54 113
54 121
54 122
54 123
54 125
54 129
54 134
54 145
54 153
54 166
54 170
54 172
54 177
54 179
54 189
55 63
55 64
55 65
55 66
55 74
55 75
55 81
55 88
55 94
55 98
55 104
55 109
55 115
55 117
55 122
55 125
55 129
55 133
55 134
55 147
55 162
55 163
55 176
55 180
55 187
55 189
55 190
55 193
56 57
56 59
56 60
56 61
56 66
56 69
56 77
56 78
56 88
56 91
56 92
56 93
56 94
56 95
56 97
56 98
56 107
56 115
56 117
56 118
56 119
56 120
56 125
56 131
56 133
56 136
56 139
56 141
56 148
56 153
56 156
56 168
56 179
56 184
56 188
56 190
57 58
57 59
57 60
57 62
57 64
57 66
57 67
57 69
57 83
57 86
57 88
57 89
57 91
57 93
57 94
57 97
57 102
57 110
57 112
57 131
57 139
57 140
57 144
57 145
57 148
57 154
57 155
57 159
57 161
57 162
57 171
57 181
57 185
57 189
57 195
57 196
57 197
58 60
58 64
58 65
58 66
58 69
58 71
58 73
58 79
58 80
58 93
58 102
58 104
58 106
58 113
58 117
58 128
58 135
58 144
58 156
58 171
58 180
58 183
58 187
58 190
58 195
58 197
59 61
59 63
59 65
59 66
59 67
59 70
59 71
59 76
59 78
59 79
59 82
59 87
59 91
59 93
59 94
59 98
59 102
59 104
59 113
59 115
59 118
59 120
59 130
59 138
59 141
59 142
59 143
59 151
59 155
59 160
59 163
59 165
59 166
59 172
59 179
59 182
59 187
59 189
59 194
60 62
60 72
60 73
60 75
60 79
60 80
60 82
60 85
60 88
60 98
60 102
60 105
60 106
60 107
60 108
60 110
60 111
60 115
60 119
60 120
60 121
60 122
60 123
60 124
60 127
60 139
60 147
60 151
60 153
60 157
60 165
60 169
60 170
60 171
60 172
60 173
60 176
60 182
60 183
61 68
61 72
61 81
61 87
61 88
61 90
61 91
61 92
61 93
61 95
61 97
61 101
61 111
61 117
61 118
61 120
61 121
61 125
61 127
61 128
61 135
61 136
61 137
61 138
61 141
61 142
61 158
61 165
61 173
61 177
61 185
61 195
61 198
61 199
62 63
62 64
62 65
62 66
62 67
62 70
62 74
62 75
62 77
62 90
62 95
62 96
62 101
62 105
62 110
62 111
62 112
62 115
62 116
62 118
62 120
62 128
62 138
62 139
62 140
62 146
62 154
62 167
62 170
62 171
62 175
62 177
62 184
62 193
62 195
62 196
63 65
63 67
63 71
63 72
63 73
63 79
63 80
63 83
63 85
63 86
63 87
63 89
63 92
63 95
63 96
63 100
63 105
63 108
63 111
63 124
63 127
63 134
63 135
63 144
63 147
63 154
63 158
63 161
63 162
63 163
63 173
63 176
63 189
63 194
64 68
64 72
64 83
64 84
64 85
64 87
64 91
64 94
64 96
64 98
64 102
64 105
64 112
64 115
64 116
64 117
64 123
64 132
64 139
64 143
64 144
64 145
64 152
64 156
64 160
64 165
64 199
65 68
65 74
65 84
65 88
65 97
65 100
65 110
65 112
65 114
65 115
65 120
65 122
65 127
65 130
65 132
65 134
65 150
65 155
65 163
65 166
65 167
65 168
65 172
65 174
65 176
65 184
65 188
65 189
66 67
66 69
66 73
66 76
66 79
66 81
66 82
66 83
66 84
66 87
66 89
66 90
66 93
66 104
66 106
66 120
66 123
66 124
66 133
66 135
66 137
66 145
66 146
66 147
66 148
66 150
66 166
66 177
66 184
66 189
67 68
67 71
67 72
67 76
67 86
67 87
67 90
67 92
67 98
67 99
67 101
67 102
67 104
67 106
67 112
67 113
67 115
67 118
67 122
67 123
67 128
67 134
67 140
67 147
67 151
67 152
67 153
67 157
67 164
67 177
67 188
67 192
67 194
67 197
68 79
68 81
68 91
68 95
68 96
68 98
68 100
68 101
68 102
68 109
68 110
68 111
68 117
68 120
68 122
68 126
68 129
68 150
68 152
68 156
68 161
68 165
68 166
68 170
68 174
68 176
68 177
68 180
68 183
68 185
68 186
68 198
69 75
69 78
69 80
69 88
69 90
69 97
69 102
69 105
69 106
69 107
69 117
69 126
69 130
69 135
69 140
69 155
69 163
69 168
69 180
69 187
69 189
69 196
70 76
70 84
70 92
70 94
70 95
70 97
70 118
70 119
70 124
70 131
70 133
70 143
70 146
70 152
70 157
70 163
70 168
70 173
70 174
70 180
70 189
70 195
70 198
70 199
71 82
71 85
71 87
71 89
71 97
71 103
71 110
71 113
71 123
71 126
71 127
71 133
71 152
71 155
71 165
71 172
71 179
71 183
71 185
71 187
71 191
71 197
72 75
72 76
72 82
72 94
72 95
72 99
72 104
72 111
72 113
72 114
72 118
72 128
72 130
72 132
72 134
72 150
72 153
72 163
72 169
72 170
72 175
72 180
72 185
72 188
73 75
73 88
73 92
73 95
73 96
73 99
73 100
73 104
73 107
73 112
73 117
73 123
73 129
73 130
73 131
73 136
73 140
73 143
73 147
73 148
73 160
73 163
73 175
73 179
73 193
74 75
74 79
74 83
74 85
74 86
74 89
74 94
74 99
74 101
74 108
74 110
74 113
74 117
74 120
74 125
74 137
74 143
74 149
74 158
74 161
74 173
74 177
74 182
74 188
75 90
75 91
75 96
75 103
75 108
75 112
75 113
75 115
75 116
75 124
75 143
75 148
75 152
75 160
75 161
75 167
75 169
75 174
75 182
75 187
75 188
75 192
75 197
76 86
76 105
76 115
76 117
76 119
76 129
76 132
76 144
76 161
76 164
76 178
76 180
76 190
76 193
76 194
77 80
77 84
77 85
77 88
77 94
77 106
77 107
77 108
77 109
77 111
77 115
77 126
77 138
77 143
77 144
77 151
77 154
77 175
77 181
77 188
77 190
77 192
77 193
78 81
78 84
78 85
78 86
78 89
78 91
78 114
78 115
78 138
78 140
78 171
78 172
78 173
78 197
79 81
79 84
79 85
79 97
79 102
79 103
79 112
79 113
79 122
79 123
79 143
79 144
79 145
79 146
79 150
79 156
79 181
79 199
80 83
80 90
80 92
80 99
80 114
80 128
80 131
80 141
80 148
80 173
80 179
80 188
80 195
80 199
81 84
81 88
81 96
81 100
81 104
81 112
81 114
81 119
81 124
81 126
81 132
81 135
81 139
81 140
81 141
81 146
81 154
81 166
81 171
81 173
81 176
81 182
81 183
82 84
82 90
82 96
82 99
82 106
82 110
82 118
82 122
82 129
82 136
82 141
82 157
82 159
82 163
82 168
82 181
83 86
83 94
83 101
83 102
83 106
83 108
83 112
83 114
83 120
83 127
83 130
83 138
83 152
83 164
83 169
83 174
83 175
83 178
83 186
84 87
84 111
84 137
84 140
84 154
84 165
84 183
85 87
85 88
85 90
85 93
85 94
85 100
85 109
85 111
85 113
85 124
85 130
85 138
85 140
85 155
85 156
85 157
85 162
85 198
86 92
86 95
86 98
86 113
86 114
86 122
86 126
86 127
86 129
86 132
86 139
86 145
86 149
86 151
86 154
86 155
86 160
86 175
86 179
86 184
86 197
87 111
87 123
87 127
87 128
87 132
87 137
87 144
87 148
87 154
87 155
87 161
87 162
87 178
87 187
87 194
87 199
88 92
88 96
88 97
88 99
88 104
88 113
88 120
88 127
88 128
88 129
88 135
88 146
88 150
88 151
88 152
88 161
88 170
88 178
88 181
88 182
88 184
88 189
88 197
89 90
89 98
89 119
89 125
89 130
89 132
89 142
89 147
89 149
89 163
89 165
89 180
89 190
89 191
89 198
90 101
90 105
90 109
90 112
90 116
90 121
90 130
90 131
90 141
90 146
90 159
90 164
90 168
90 193
90 197
90 199
91 101
91 103
91 113
91 119
91 133
91 138
91 149
91 150
91 167
91 190
91 194
91 196
92 95
92 108
92 111
92 121
92 126
92 127
92 134
92 135
92 149
92 165
92 166
92 176
92 177
92 178
92 180
92 184
92 191
93 97
93 104
93 122
93 126
93 146
93 147
93 160
93 167
93 181
93 186
93 187
93 188
93 191
93 196
94 95
94 97
94 99
94 103
94 112
94 120
94 121
94 122
94 126
94 130
94 131
94 139
94 140
94 159
94 161
94 169
94 181
94 196
95 104
95 106
95 107
95 110
95 112
95 116
95 121
95 126
95 129
95 137
95 143
95 148
95 153
95 154
95 169
95 170
95 171
95 172
95 173
95 174
95 185
95 186
96 97
96 107
96 108
96 110
96 125
96 128
96 132
96 134
96 141
96 142
96 143
96 152
96 162
96 169
96 175
96 176
96 184
96 188
97 101
97 122
97 123
97 126
97 130
97 142
97 145
97 147
97 158
97 165
97 183
97 195
98 136
98 147
98 155
98 180
98 182
98 186
99 106
99 108
99 111
99 114
99 124
99 127
99 143
99 146
99 149
99 159
99 160
99 163
99 164
99 169
99 172
99 173
99 196
100 102
100 109
100 116
100 132
100 158
100 164
100 166
100 170
100 179
100 180
100 183
100 196
101 108
101 121
101 128
101 129
101 131
101 133
101 134
101 135
101 157
101 174
101 178
101 179
101 183
101 185
101 192
101 194
102 105
102 106
102 110
102 118
102 119
102 121
102 133
102 142
102 143
102 167
102 169
102 180
102 182
102 183
102 196
103 115
103 119
103 120
103 126
103 131
103 140
103 158
103 162
104 107
104 146
104 147
104 153
104 161
104 175
104 186
104 188
104 191
104 194
105 108
105 112
105 113
105 121
105 122
105 139
105 141
105 142
105 152
105 160
105 172
105 174
105 180
106 109
106 151
106 156
106 166
106 170
106 197
107 110
107 121
107 126
107 154
107 155
107 160
107 162
107 163
107 194
107 199
108 111
108 116
108 121
108 122
108 125
108 126
108 130
108 131
108 136
108 137
108 138
108 141
108 146
108 154
108 159
108 162
108 174
108 176
108 178
108 182
108 187
109 112
109 118
109 119
109 120
109 133
109 139
109 147
109 151
109 161
109 167
109 173
109 186
110 116
110 123
110 144
110 176
110 179
111 119
111 128
111 136
111 149
111 157
111 162
111 163
111 164
112 115
112 120
112 136
112 140
112 142
112 151
112 159
112 171
112 184
113 116
113 118
113 127
113 131
113 146
113 156
113 164
113 195
114 128
114 137
114 148
114 157
114 159
114 161
114 176
114 177
114 182
114 192
114 199
115 120
115 133
115 144
115 158
115 186
115 187
115 197
115 199
116 118
116 128
116 158
116 161
116 171
116 187
116 191
116 194
117 121
117 122
117 123
117 126
117 133
117 136
117 140
117 148
117 149
117 150
117 157
117 158
117 166
117 167
117 175
117 182
117 186
117 195
118 123
118 141
118 159
118 171
118 179
118 184
118 192
118 193
118 194
119 134
119 135
119 146
119 149
119 150
119 158
119 183
120 132
120 165
120 167
120 178
121 123
121 130
121 137
121 156
121 158
121 166
121 174
121 175
121 180
121 189
121 193
122 128
122 131
122 133
122 140
122 148
122 150
122 159
122 168
122 186
122 195
122 196
123 132
123 156
123 185
123 195
123 199
124 151
124 153
124 154
124 157
124 159
124 168
124 197
125 134
125 135
125 138
125 141
125 153
125 154
125 157
125 173
125 174
126 132
126 137
126 138
126 142
126 143
126 160
126 173
126 175
126 179
126 193
127 130
127 134
127 136
127 144
127 149
127 161
127 187
127 196
128 134
128 146
128 150
128 172
129 147
129 149
129 166
129 174
129 188
129 189
130 133
130 137
130 142
130 151
130 161
130 168
130 186
130 197
131 132
131 145
131 164
131 165
131 173
131 178
132 135
132 144
132 155
132 157
132 159
132 167
132 196
132 198
133 134
133 136
133 137
133 150
133 158
133 159
133 190
134 138
134 142
134 145
134 150
134 158
134 160
134 164
134 181
134 183
134 185
135 158
135 178
135 184
135 187
135 193
136 149
136 156
136 181
136 184
136 186
137 140
137 153
137 154
137 168
137 172
137 178
137 181
137 183
137 186
138 147
138 168
138 170
138 173
138 179
138 181
138 187
138 192
139 144
139 148
139 149
139 157
139 165
139 169
139 190
140 154
140 166
140 171
140 173
140 174
140 176
140 182
140 189
140 198
141 142
141 145
141 150
141 166
141 169
141 170
141 179
141 182
141 183
142 152
142 153
142 156
142 159
142 166
143 151
143 155
143 190
144 168
144 177
144 195
145 151
145 173
145 195
146 153
146 165
146 175
146 181
146 185
146 196
146 198
147 164
147 181
147 187
147 194
147 197
147 198
148 153
148 169
148 181
148 188
148 191
149 153
149 181
150 151
150 183
150 189
150 197
151 152
151 163
151 186
151 190
151 198
152 167
152 189
152 191
152 192
152 198
153 170
153 171
153 176
153 190
153 191
153 192
154 164
154 171
154 178
154 195
155 165
155 166
155 169
155 177
155 185
155 195
156 163
156 164
156 170
156 171
156 175
156 188
156 199
158 183
158 187
158 188
158 193
161 165
161 169
162 164
162 165
162 172
162 199
163 168
163 175
163 189
163 191
163 193
164 166
164 170
164 177
164 180
165 172
165 176
165 185
165 188
166 189
166 196
167 168
167 172
167 177
167 191
168 177
169 192
169 196
170 184
170 190
171 180
171 182
171 186
171 187
172 175
172 193
173 174
173 179
174 179
174 190
174 191
175 180
175 187
175 194
175 196
176 186
178 180
178 195
179 189
180 190
183 188
183 191
185 190
185 198
188 189
188 190
188 194
189 193
190 191
192 199
194 197
