0 1
0 2
0 3
0 4
0 5
0 6
0 7
0 8
0 9
0 10
0 11
0 12
0 13
0 14
0 15
0 16
0 17
0 18
0 19
0 20
0 21
0 22
0 23
0 24
0 25
0 26
0 27
0 29
0 30
0 31
0 33
0 34
0 36
0 38
0 40
0 41
0 42
0 44
0 46
0 48
0 50
0 54
0 56
0 58
0 59
0 61
0 64
0 68
0 69
0 70
0 71
0 72
0 74
0 75
0 78
0 79
0 83
0 86
0 91
0 95
1 16
1 17
1 19
1 20
1 21
1 22
1 23
1 25
1 26
1 34
1 39
1 41
1 49
1 53
1 54
1 55
1 57
1 61
1 62
1 70
1 71
1 72
1 77
1 79
1 84
1 87
1 88
1 92
1 95
2 16
2 17
2 18
2 19
2 22
2 26
2 27
2 30
2 31
2 32
2 34
2 38
2 48
2 50
2 51
2 55
2 59
2 64
2 68
2 69
2 71
2 76
2 89
3 16
3 20
3 22
3 24
3 40
3 48
3 49
3 57
3 64
3 76
3 83
3 87
3 90
3 92
3 93
4 16
4 17
4 18
4 20
4 22
4 32
4 33
4 34
4 37
4 38
4 41
4 52
4 61
4 62
4 65
4 71
4 86
4 92
4 95
5 16
5 17
5 18
5 19
5 21
5 22
5 25
5 26
5 27
5 28
5 30
5 33
5 37
5 38
5 41
5 45
5 54
5 57
5 66
5 73
5 78
5 94
6 16
6 18
6 24
6 25
6 26
6 29
6 40
6 46
6 47
6 51
6 52
6 54
6 59
6 65
6 66
6 68
6 75
6 88
6 90
6 98
7 16
7 17
7 18
7 20
7 21
7 24
7 25
7 28
7 29
7 34
7 37
7 39
7 42
7 45
7 48
7 49
7 51
7 52
7 59
7 64
7 66
7 68
7 73
7 75
7 77
7 87
7 88
7 92
8 16
8 17
8 18
8 19
8 21
8 22
8 25
8 26
8 27
8 28
8 29
8 30
8 33
8 35
8 40
8 44
8 47
8 56
8 58
8 59
8 74
8 79
8 81
8 90
8 92
8 94
8 95
8 99
9 16
9 17
9 18
9 19
9 20
9 21
9 25
9 28
9 29
9 30
9 35
9 36
9 46
9 53
9 57
9 59
9 60
9 73
9 74
9 75
9 77
9 80
9 92
9 94
10 16
10 17
10 19
10 20
10 22
10 23
10 24
10 27
10 30
10 32
10 33
10 34
10 35
10 37
10 38
10 40
10 41
10 43
10 45
10 47
10 48
10 50
10 52
10 53
10 58
10 60
10 62
10 63
10 66
10 67
10 69
10 70
10 74
10 76
10 79
10 82
10 95
10 98
10 99
11 16
11 17
11 18
11 19
11 20
11 21
11 23
11 24
11 25
11 27
11 28
11 32
11 36
11 40
11 41
11 44
11 45
11 48
11 51
11 56
11 59
11 65
11 72
11 79
11 85
11 89
11 94
12 16
12 17
12 18
12 19
12 20
12 23
12 26
12 27
12 32
12 33
12 34
12 48
12 60
12 65
12 73
12 74
12 80
12 90
13 16
13 17
13 18
13 19
13 20
13 21
13 22
13 23
13 24
13 26
13 32
13 36
13 37
13 41
13 45
13 47
13 51
13 52
13 58
13 65
13 71
13 73
13 77
13 90
13 94
14 16
14 17
14 18
14 19
14 20
14 21
14 22
14 23
14 24
14 26
14 27
14 30
14 31
14 37
14 47
14 53
14 56
14 60
14 64
14 67
14 68
14 85
14 93
15 17
15 18
15 19
15 21
15 23
15 35
15 56
15 67
15 77
16 17
16 18
16 19
16 20
16 21
16 22
16 23
16 24
16 25
16 26
16 27
16 28
16 29
16 30
16 31
16 32
16 35
16 36
16 37
16 39
16 40
16 44
16 46
16 47
16 49
16 51
16 52
16 54
16 56
16 59
16 60
16 62
16 63
16 65
16 66
16 73
16 77
16 81
16 82
16 84
16 88
16 91
16 92
16 99
17 18
17 19
17 20
17 21
17 22
17 23
17 24
17 25
17 26
17 27
17 28
17 29
17 30
17 31
17 32
17 33
17 35
17 37
17 38
17 39
17 41
17 45
17 49
17 55
17 56
17 58
17 59
17 63
17 64
17 66
17 70
17 73
17 75
17 78
17 79
17 82
17 83
17 84
17 86
17 87
17 88
17 90
17 91
17 97
18 19
18 20
18 21
18 22
18 23
18 24
18 25
18 26
18 27
18 28
18 29
18 30
18 31
18 32
18 35
18 36
18 37
18 40
18 42
18 46
18 48
18 52
18 55
18 59
18 60
18 61
18 64
18 77
18 90
18 93
18 99
19 20
19 21
19 22
19 23
19 24
19 25
19 26
19 28
19 29
19 30
19 32
19 33
19 34
19 37
19 41
19 42
19 43
19 44
19 47
19 48
19 50
19 52
19 53
19 55
19 58
19 64
19 67
19 68
19 69
19 76
19 81
19 82
19 87
19 89
19 91
20 21
20 23
20 24
20 25
20 28
20 29
20 30
20 31
20 33
20 34
20 35
20 36
20 37
20 38
20 39
20 40
20 42
20 43
20 46
20 47
20 48
20 49
20 51
20 57
20 60
20 61
20 66
20 69
20 70
20 71
20 73
20 78
20 79
20 80
20 84
20 88
20 92
20 95
20 96
21 22
21 23
21 24
21 26
21 27
21 28
21 29
21 31
21 33
21 35
21 39
21 40
21 42
21 43
21 44
21 45
21 50
21 51
21 52
21 53
21 58
21 59
21 63
21 66
21 67
21 74
21 78
21 80
21 83
21 86
21 89
21 92
21 96
21 98
22 23
22 25
22 26
22 27
22 28
22 31
22 32
22 34
22 38
22 39
22 42
22 43
22 44
22 51
22 54
22 55
22 61
22 66
22 75
22 81
22 84
22 86
22 95
22 96
22 97
22 99
23 24
23 29
23 30
23 31
23 33
23 36
23 37
23 38
23 39
23 42
23 46
23 47
23 49
23 51
23 55
23 56
23 57
23 59
23 60
23 61
23 62
23 63
23 72
23 74
23 75
23 77
23 83
23 88
23 93
24 25
24 28
24 39
24 40
24 43
24 45
24 47
24 49
24 55
24 72
24 75
25 27
25 28
25 29
25 31
25 34
25 35
25 36
25 39
25 41
25 47
25 53
25 55
25 59
25 62
25 63
25 78
25 88
25 89
25 90
25 95
26 27
26 32
26 33
26 34
26 36
26 42
26 46
26 50
26 51
26 53
26 57
26 61
26 66
26 68
26 75
26 85
26 87
26 92
26 95
26 97
27 28
27 29
27 31
27 35
27 36
27 38
27 39
27 41
27 42
27 43
27 46
27 49
27 50
27 52
27 53
27 54
27 55
27 56
27 63
27 66
27 68
27 69
27 70
27 72
27 78
27 86
27 88
27 89
27 98
27 99
28 29
28 30
28 31
28 32
28 33
28 34
28 37
28 38
28 40
28 42
28 43
28 44
28 45
28 46
28 47
28 48
28 50
28 51
28 58
28 59
28 60
28 62
28 67
28 68
28 69
28 73
28 74
28 77
28 79
28 81
28 84
28 94
28 95
28 98
29 30
29 31
29 32
29 33
29 34
29 35
29 36
29 37
29 38
29 39
29 41
29 43
29 44
29 46
29 49
29 50
29 52
29 54
29 68
29 70
29 76
29 78
29 80
29 82
29 83
29 86
29 88
29 94
29 97
29 98
29 99
30 31
30 35
30 43
30 46
30 47
30 49
30 50
30 52
30 53
30 77
30 84
30 86
30 91
30 96
31 32
31 33
31 34
31 36
31 38
31 40
31 42
31 45
31 47
31 50
31 57
31 61
31 65
31 76
31 86
31 88
31 97
32 35
32 36
32 37
32 43
32 44
32 49
32 50
32 51
32 54
32 57
32 60
32 61
32 67
32 69
32 75
32 76
32 77
32 80
32 82
32 84
32 93
32 99
33 35
33 36
33 39
33 40
33 44
33 46
33 53
33 56
33 58
33 63
33 69
33 74
33 76
33 86
33 89
33 98
34 39
34 41
34 42
34 44
34 55
34 62
34 76
34 82
34 85
34 88
34 93
34 97
35 38
35 39
35 43
35 46
35 48
35 49
35 52
35 56
35 60
35 61
35 63
35 65
35 66
35 69
35 71
35 72
35 86
35 88
35 90
36 43
36 45
36 48
36 50
36 52
36 54
36 55
36 63
36 64
36 70
36 71
36 72
36 80
36 93
36 96
37 38
37 44
37 50
37 54
37 57
37 61
37 75
37 76
37 84
38 43
38 44
38 47
38 48
38 49
38 57
38 63
38 78
38 79
38 83
38 90
38 91
38 97
38 98
39 40
39 41
39 42
39 43
39 45
39 49
39 51
39 64
39 65
39 73
39 74
39 85
39 91
39 99
40 41
40 44
40 53
40 55
40 57
40 58
40 60
40 61
40 64
40 70
40 80
40 85
41 42
41 45
41 50
41 54
41 57
41 60
41 61
41 62
41 63
41 75
41 80
41 81
41 84
41 96
42 45
42 63
42 69
42 70
42 72
43 45
43 48
43 58
43 60
43 63
43 73
43 76
43 79
43 85
43 97
44 46
44 56
44 76
44 90
44 93
45 53
45 54
45 57
45 62
45 64
45 65
45 67
45 69
45 71
45 72
45 76
45 81
45 83
45 85
45 86
45 87
45 93
46 53
46 56
46 58
46 65
46 74
46 82
46 87
47 54
47 62
47 64
47 69
47 70
47 74
47 78
47 80
47 81
47 82
47 85
47 91
47 95
47 97
48 52
48 53
48 54
48 65
48 67
48 68
48 77
48 81
48 82
48 84
48 89
48 98
49 61
49 66
49 68
49 70
49 71
49 72
49 81
49 84
49 96
50 51
50 56
50 58
50 59
50 60
50 62
50 63
50 64
50 65
50 67
50 71
50 78
50 82
50 89
50 91
50 96
51 56
51 58
51 62
51 71
51 81
51 82
51 84
51 85
51 87
51 89
51 91
51 92
51 93
51 95
52 71
52 72
52 78
52 79
52 94
53 55
53 57
53 67
53 68
53 73
53 93
54 55
54 62
54 64
54 70
54 72
54 93
55 66
55 68
55 74
55 84
55 88
55 91
55 96
56 58
56 73
56 78
56 81
56 85
56 87
56 91
57 83
57 96
58 65
58 67
58 68
58 71
58 80
58 85
58 89
59 62
59 73
59 83
59 86
59 87
59 89
59 97
59 98
60 73
60 79
60 80
60 93
60 98
61 66
61 67
61 79
61 81
61 87
61 96
61 97
61 99
62 65
62 70
62 81
62 98
63 67
63 74
63 76
63 77
63 95
63 96
64 67
64 69
64 77
64 83
64 92
64 93
64 98
65 69
65 71
65 79
65 82
65 89
65 92
65 94
66 83
66 85
66 88
66 94
67 70
67 72
67 78
68 76
68 80
68 83
68 90
69 75
69 80
69 89
70 72
70 75
70 84
70 90
70 94
71 77
71 78
71 79
71 96
71 99
72 74
72 87
72 94
72 96
73 75
73 80
73 83
73 94
73 98
75 82
75 92
76 81
76 85
76 93
77 94
77 98
77 99
78 82
79 90
79 91
79 95
80 85
80 86
80 89
80 97
81 97
81 99
82 83
83 86
83 87
83 99
85 87
85 97
86 99
88 91
89 90
89 91
90 92
91 94
91 96
92 95
94 97
