0 1
0 2
0 3
0 4
0 5
0 6
0 7
0 8
0 9
0 10
0 11
0 12
0 13
0 14
0 15
0 16
0 17
0 18
0 19
0 20
0 21
0 22
0 23
0 24
0 25
0 26
0 27
0 28
0 29
0 30
0 31
0 32
0 33
0 34
0 35
0 36
0 37
0 38
0 39
0 40
0 41
0 42
0 43
0 44
0 45
0 46
0 47
0 48
0 49
0 50
0 51
0 52
0 53
0 54
0 55
0 56
0 57
0 59
0 61
0 62
0 63
0 64
0 65
0 66
0 67
0 68
0 69
0 70
0 71
0 72
0 73
0 75
0 76
0 77
0 78
0 80
0 81
0 82
0 83
0 85
0 86
0 87
0 89
0 91
0 92
0 94
0 95
0 96
0 98
0 99
0 100
0 102
0 103
0 105
0 108
0 109
0 111
0 113
0 114
0 115
0 117
0 119
0 123
0 129
0 130
0 132
0 134
0 135
0 136
0 137
0 138
0 139
0 140
0 144
0 145
0 152
0 155
0 156
0 157
0 163
0 168
0 169
0 170
0 171
0 173
0 175
0 180
0 181
0 182
0 185
0 187
0 189
0 192
0 195
0 196
0 198
0 202
0 203
0 216
0 218
0 229
0 231
0 235
0 238
0 241
0 245
0 248
0 250
0 260
0 262
0 265
0 272
0 273
0 275
0 277
0 279
0 280
0 284
0 285
0 289
0 290
0 294
0 296
0 298
1 40
1 41
1 42
1 43
1 44
1 45
1 46
1 47
1 49
1 50
1 52
1 53
1 54
1 57
1 58
1 59
1 60
1 62
1 63
1 64
1 65
1 70
1 74
1 77
1 79
1 81
1 83
1 84
1 86
1 89
1 94
1 95
1 97
1 100
1 101
1 104
1 108
1 112
1 114
1 115
1 120
1 129
1 132
1 138
1 141
1 147
1 150
1 153
1 162
1 172
1 173
1 174
1 175
1 182
1 183
1 188
1 192
1 194
1 202
1 215
1 223
1 226
1 230
1 232
1 235
1 236
1 250
1 253
1 264
1 273
1 274
1 275
1 279
1 281
1 283
1 286
1 298
2 40
2 41
2 42
2 43
2 44
2 46
2 47
2 48
2 50
2 52
2 55
2 56
2 57
2 59
2 60
2 61
2 62
2 63
2 65
2 70
2 74
2 81
2 83
2 90
2 106
2 108
2 113
2 125
2 135
2 136
2 141
2 144
2 151
2 152
2 156
2 157
2 162
2 163
2 167
2 177
2 181
2 198
2 204
2 210
2 222
2 231
2 234
2 235
2 248
2 253
2 254
2 258
2 259
2 260
2 265
2 271
2 280
2 291
2 293
2 295
2 298
3 40
3 41
3 42
3 43
3 44
3 45
3 46
3 47
3 48
3 50
3 51
3 53
3 54
3 55
3 56
3 57
3 58
3 59
3 61
3 62
3 63
3 64
3 65
3 66
3 72
3 73
3 77
3 78
3 80
3 83
3 84
3 94
3 97
3 98
3 100
3 102
3 103
3 108
3 110
3 112
3 121
3 126
3 135
3 138
3 139
3 140
3 161
3 174
3 183
3 196
3 206
3 211
3 215
3 217
3 224
3 228
3 233
3 235
3 240
3 243
3 248
3 256
3 260
3 265
3 278
4 40
4 41
4 43
4 44
4 45
4 46
4 47
4 49
4 51
4 52
4 54
4 55
4 57
4 59
4 61
4 62
4 63
4 66
4 67
4 76
4 78
4 79
4 81
4 85
4 91
4 95
4 109
4 121
4 126
4 127
4 131
4 135
4 139
4 156
4 157
4 159
4 161
4 162
4 168
4 178
4 180
4 188
4 193
4 197
4 205
4 216
4 222
4 226
4 229
4 230
4 231
4 233
4 240
4 243
4 258
4 263
4 265
4 267
4 297
5 40
5 41
5 42
5 43
5 44
5 45
5 46
5 47
5 48
5 49
5 50
5 53
5 54
5 55
5 58
5 60
5 61
5 66
5 67
5 69
5 74
5 76
5 81
5 91
5 92
5 96
5 104
5 114
5 123
5 126
5 127
5 135
5 140
5 151
5 153
5 154
5 169
5 179
5 183
5 187
5 190
5 193
5 201
5 205
5 207
5 209
5 222
5 236
5 240
5 266
5 267
5 278
5 295
6 40
6 41
6 42
6 43
6 44
6 45
6 46
6 48
6 49
6 50
6 51
6 53
6 54
6 55
6 57
6 59
6 61
6 63
6 71
6 73
6 74
6 76
6 84
6 86
6 87
6 93
6 100
6 121
6 127
6 140
6 142
6 143
6 150
6 155
6 158
6 162
6 170
6 172
6 192
6 194
6 197
6 211
6 215
6 223
6 242
6 247
6 273
6 284
6 288
7 40
7 41
7 42
7 43
7 44
7 45
7 46
7 47
7 48
7 49
7 50
7 51
7 53
7 57
7 58
7 59
7 61
7 62
7 65
7 70
7 73
7 74
7 76
7 78
7 79
7 81
7 82
7 87
7 89
7 97
7 98
7 99
7 100
7 104
7 106
7 116
7 117
7 124
7 125
7 126
7 129
7 130
7 131
7 137
7 139
7 144
7 153
7 158
7 186
7 189
7 210
7 214
7 216
7 226
7 228
7 231
7 232
7 235
7 237
7 239
7 240
7 251
7 263
7 272
7 285
7 288
7 295
8 40
8 41
8 42
8 43
8 44
8 45
8 46
8 47
8 48
8 49
8 53
8 55
8 56
8 59
8 63
8 64
8 67
8 69
8 71
8 72
8 76
8 77
8 78
8 80
8 83
8 88
8 90
8 93
8 97
8 99
8 110
8 121
8 123
8 124
8 125
8 128
8 132
8 137
8 141
8 144
8 145
8 147
8 156
8 170
8 179
8 183
8 192
8 193
8 198
8 199
8 202
8 220
8 224
8 226
8 227
8 233
8 239
8 245
8 253
8 257
8 259
8 266
8 268
8 276
8 281
8 292
9 40
9 41
9 42
9 43
9 44
9 45
9 46
9 47
9 48
9 49
9 50
9 51
9 52
9 55
9 56
9 57
9 58
9 59
9 60
9 61
9 62
9 63
9 67
9 68
9 69
9 71
9 74
9 77
9 79
9 81
9 86
9 87
9 88
9 89
9 95
9 105
9 112
9 115
9 116
9 119
9 121
9 122
9 127
9 130
9 132
9 136
9 143
9 155
9 157
9 158
9 169
9 171
9 173
9 174
9 177
9 184
9 185
9 186
9 188
9 189
9 194
9 195
9 204
9 208
9 214
9 217
9 219
9 231
9 240
9 246
9 254
9 259
9 260
9 272
9 273
9 286
9 291
10 40
10 41
10 42
10 43
10 44
10 45
10 46
10 48
10 50
10 51
10 52
10 53
10 54
10 56
10 57
10 58
10 68
10 69
10 72
10 73
10 75
10 78
10 79
10 80
10 83
10 84
10 86
10 94
10 97
10 100
10 104
10 105
10 106
10 107
10 113
10 116
10 120
10 121
10 130
10 134
10 137
10 141
10 156
10 160
10 172
10 175
10 178
10 215
10 225
10 226
10 228
10 237
10 255
10 261
10 263
10 282
10 284
10 291
10 295
11 40
11 41
11 42
11 44
11 45
11 46
11 47
11 48
11 50
11 51
11 52
11 54
11 56
11 59
11 60
11 61
11 63
11 66
11 70
11 74
11 76
11 83
11 85
11 91
11 92
11 95
11 98
11 99
11 100
11 101
11 103
11 106
11 111
11 115
11 121
11 122
11 126
11 129
11 136
11 149
11 154
11 157
11 160
11 161
11 178
11 187
11 188
11 192
11 235
11 244
11 259
11 266
11 282
11 285
11 288
11 294
11 297
12 40
12 41
12 42
12 43
12 44
12 45
12 46
12 48
12 49
12 51
12 52
12 53
12 54
12 55
12 56
12 57
12 58
12 59
12 62
12 63
12 64
12 65
12 68
12 69
12 74
12 75
12 76
12 77
12 78
12 81
12 83
12 85
12 86
12 89
12 91
12 97
12 100
12 107
12 114
12 116
12 121
12 123
12 131
12 132
12 133
12 136
12 138
12 140
12 145
12 147
12 154
12 157
12 159
12 171
12 191
12 210
12 214
12 221
12 232
12 277
12 279
12 280
12 284
12 288
12 293
13 41
13 42
13 43
13 44
13 45
13 46
13 47
13 48
13 49
13 52
13 53
13 54
13 56
13 57
13 58
13 59
13 60
13 61
13 64
13 69
13 71
13 75
13 79
13 80
13 87
13 88
13 92
13 93
13 95
13 100
13 109
13 112
13 127
13 134
13 139
13 140
13 146
13 152
13 155
13 156
13 160
13 163
13 165
13 168
13 169
13 177
13 183
13 186
13 192
13 200
13 203
13 204
13 206
13 209
13 210
13 234
13 238
13 239
13 241
13 247
13 256
13 257
13 272
13 279
13 283
13 285
13 296
14 40
14 41
14 42
14 43
14 44
14 45
14 46
14 47
14 51
14 52
14 55
14 56
14 57
14 58
14 60
14 64
14 66
14 68
14 72
14 76
14 77
14 80
14 85
14 90
14 93
14 94
14 98
14 106
14 112
14 115
14 139
14 154
14 155
14 173
14 183
14 186
14 191
14 203
14 207
14 221
14 222
14 224
14 226
14 232
14 256
14 288
14 297
15 40
15 41
15 42
15 43
15 44
15 45
15 47
15 48
15 49
15 50
15 51
15 52
15 53
15 54
15 55
15 56
15 57
15 58
15 60
15 62
15 64
15 66
15 71
15 73
15 74
15 77
15 82
15 84
15 92
15 94
15 99
15 112
15 121
15 124
15 129
15 130
15 134
15 137
15 141
15 142
15 143
15 147
15 152
15 162
15 164
15 174
15 175
15 181
15 190
15 197
15 202
15 226
15 248
15 253
15 257
15 268
15 270
15 281
15 297
16 40
16 47
16 48
16 50
16 54
16 56
16 57
16 60
16 63
16 67
16 70
16 72
16 84
16 86
16 99
16 113
16 115
16 117
16 118
16 120
16 121
16 123
16 134
16 147
16 184
16 240
16 251
16 261
16 276
17 40
17 41
17 42
17 43
17 44
17 45
17 46
17 47
17 48
17 49
17 51
17 53
17 55
17 58
17 59
17 61
17 62
17 70
17 71
17 75
17 80
17 82
17 86
17 93
17 95
17 98
17 99
17 101
17 102
17 103
17 104
17 105
17 109
17 111
17 113
17 116
17 120
17 122
17 124
17 125
17 126
17 128
17 134
17 138
17 149
17 152
17 155
17 160
17 161
17 164
17 167
17 174
17 178
17 187
17 198
17 200
17 201
17 203
17 206
17 210
17 212
17 218
17 234
17 250
17 253
17 261
17 262
17 270
17 277
17 279
17 289
17 291
17 293
18 40
18 41
18 42
18 43
18 44
18 46
18 47
18 49
18 50
18 53
18 54
18 60
18 64
18 65
18 67
18 68
18 72
18 73
18 78
18 80
18 81
18 85
18 87
18 90
18 91
18 93
18 99
18 102
18 109
18 114
18 115
18 118
18 119
18 140
18 142
18 157
18 159
18 168
18 172
18 176
18 177
18 182
18 185
18 204
18 209
18 211
18 232
18 240
18 258
18 260
18 272
18 274
18 296
18 297
19 40
19 41
19 43
19 44
19 46
19 47
19 48
19 50
19 51
19 56
19 60
19 63
19 64
19 69
19 73
19 75
19 76
19 88
19 89
19 92
19 122
19 125
19 126
19 129
19 133
19 136
19 138
19 139
19 145
19 157
19 158
19 161
19 172
19 181
19 183
19 185
19 190
19 234
19 236
19 263
19 264
19 269
19 273
19 284
19 286
19 297
19 299
20 40
20 41
20 42
20 43
20 44
20 45
20 47
20 48
20 49
20 50
20 51
20 52
20 53
20 54
20 55
20 57
20 58
20 59
20 60
20 62
20 65
20 66
20 68
20 70
20 71
20 72
20 77
20 79
20 80
20 83
20 88
20 89
20 91
20 93
20 96
20 101
20 102
20 104
20 107
20 111
20 125
20 127
20 128
20 132
20 135
20 136
20 140
20 144
20 146
20 147
20 148
20 149
20 151
20 153
20 170
20 175
20 184
20 185
20 187
20 199
20 203
20 208
20 210
20 215
20 219
20 221
20 233
20 234
20 243
20 246
20 253
20 256
20 259
20 264
20 268
20 277
20 279
20 293
20 294
21 40
21 41
21 42
21 43
21 44
21 45
21 47
21 48
21 49
21 50
21 51
21 52
21 53
21 54
21 55
21 57
21 59
21 61
21 64
21 65
21 66
21 67
21 69
21 70
21 71
21 73
21 76
21 78
21 83
21 85
21 87
21 89
21 90
21 91
21 92
21 94
21 99
21 101
21 103
21 110
21 111
21 115
21 118
21 119
21 126
21 127
21 129
21 135
21 136
21 140
21 145
21 148
21 156
21 159
21 164
21 165
21 166
21 170
21 188
21 190
21 191
21 200
21 206
21 208
21 211
21 215
21 218
21 220
21 229
21 232
21 239
21 264
21 272
21 273
21 284
21 291
22 40
22 41
22 42
22 43
22 44
22 45
22 46
22 47
22 48
22 49
22 50
22 51
22 52
22 53
22 54
22 61
22 62
22 63
22 67
22 69
22 72
22 76
22 80
22 81
22 82
22 85
22 87
22 88
22 91
22 95
22 99
22 101
22 107
22 108
22 111
22 112
22 117
22 120
22 123
22 128
22 141
22 143
22 145
22 160
22 161
22 163
22 169
22 174
22 176
22 180
22 190
22 192
22 199
22 217
22 219
22 223
22 232
22 238
22 243
22 244
22 245
22 246
22 247
22 253
22 268
22 270
22 273
22 281
22 286
22 299
23 40
23 41
23 42
23 43
23 45
23 46
23 47
23 48
23 49
23 50
23 52
23 54
23 56
23 59
23 60
23 61
23 62
23 63
23 64
23 65
23 67
23 70
23 72
23 74
23 77
23 82
23 84
23 94
23 95
23 97
23 99
23 101
23 102
23 103
23 110
23 116
23 118
23 119
23 120
23 128
23 144
23 150
23 151
23 156
23 158
23 160
23 164
23 167
23 169
23 178
23 180
23 181
23 186
23 192
23 203
23 217
23 229
23 258
23 267
23 268
23 274
23 276
23 283
24 40
24 41
24 42
24 43
24 44
24 45
24 48
24 49
24 50
24 51
24 52
24 53
24 55
24 56
24 61
24 64
24 65
24 66
24 67
24 68
24 69
24 87
24 90
24 92
24 108
24 117
24 125
24 128
24 133
24 145
24 149
24 151
24 154
24 165
24 168
24 171
24 172
24 178
24 182
24 184
24 185
24 191
24 203
24 211
24 231
24 241
24 243
24 268
24 275
24 286
24 287
24 288
25 40
25 41
25 42
25 43
25 44
25 45
25 46
25 47
25 48
25 49
25 50
25 51
25 53
25 55
25 56
25 58
25 59
25 60
25 61
25 62
25 65
25 66
25 67
25 70
25 72
25 84
25 85
25 87
25 89
25 94
25 100
25 103
25 112
25 113
25 114
25 115
25 116
25 127
25 135
25 144
25 145
25 148
25 153
25 157
25 159
25 161
25 163
25 165
25 167
25 175
25 189
25 190
25 205
25 207
25 208
25 214
25 222
25 223
25 229
25 230
25 235
25 242
25 243
25 247
25 249
25 251
25 253
25 257
25 265
25 272
25 277
25 278
25 283
25 296
25 298
25 299
26 40
26 41
26 42
26 43
26 44
26 45
26 48
26 49
26 51
26 52
26 53
26 54
26 56
26 58
26 59
26 61
26 66
26 68
26 69
26 75
26 76
26 81
26 82
26 83
26 84
26 85
26 86
26 88
26 90
26 91
26 92
26 94
26 95
26 96
26 98
26 100
26 104
26 105
26 106
26 109
26 112
26 113
26 119
26 121
26 123
26 129
26 131
26 142
26 143
26 145
26 149
26 152
26 154
26 158
26 159
26 165
26 168
26 171
26 173
26 178
26 181
26 183
26 185
26 188
26 191
26 197
26 198
26 208
26 215
26 216
26 217
26 218
26 222
26 223
26 225
26 228
26 229
26 237
26 240
26 245
26 251
26 259
26 260
26 268
26 287
27 40
27 42
27 43
27 44
27 45
27 46
27 47
27 48
27 49
27 50
27 51
27 53
27 55
27 57
27 58
27 60
27 61
27 62
27 66
27 81
27 85
27 88
27 98
27 124
27 126
27 128
27 134
27 137
27 147
27 154
27 161
27 175
27 183
27 202
27 213
27 223
27 236
27 254
27 268
27 271
28 40
28 41
28 42
28 43
28 44
28 45
28 46
28 47
28 51
28 52
28 54
28 56
28 57
28 60
28 61
28 65
28 67
28 69
28 73
28 80
28 81
28 90
28 91
28 96
28 117
28 118
28 119
28 127
28 129
28 137
28 138
28 139
28 145
28 149
28 151
28 156
28 157
28 159
28 160
28 176
28 182
28 194
28 195
28 196
28 197
28 201
28 202
28 205
28 221
28 226
28 227
28 232
28 242
28 244
28 252
28 253
28 287
28 291
29 40
29 41
29 42
29 43
29 44
29 45
29 46
29 47
29 48
29 49
29 52
29 53
29 54
29 56
29 58
29 59
29 60
29 62
29 64
29 65
29 67
29 68
29 70
29 72
29 73
29 75
29 76
29 77
29 78
29 81
29 85
29 86
29 88
29 89
29 91
29 95
29 99
29 102
29 109
29 113
29 115
29 116
29 120
29 123
29 124
29 130
29 133
29 134
29 143
29 144
29 145
29 146
29 147
29 149
29 155
29 156
29 163
29 174
29 175
29 191
29 194
29 196
29 201
29 204
29 217
29 218
29 220
29 228
29 231
29 232
29 239
29 244
29 262
29 267
29 269
29 275
29 281
29 286
29 297
29 298
30 40
30 41
30 42
30 43
30 44
30 45
30 46
30 48
30 49
30 50
30 51
30 52
30 55
30 57
30 58
30 59
30 61
30 62
30 64
30 70
30 71
30 73
30 75
30 76
30 85
30 87
30 90
30 91
30 97
30 104
30 107
30 109
30 120
30 121
30 134
30 137
30 139
30 142
30 143
30 144
30 152
30 156
30 161
30 162
30 184
30 196
30 212
30 214
30 219
30 239
30 241
30 242
30 254
30 259
30 280
30 288
30 290
30 293
30 294
30 295
31 40
31 41
31 42
31 43
31 44
31 46
31 47
31 49
31 51
31 52
31 53
31 54
31 55
31 64
31 66
31 68
31 70
31 73
31 74
31 77
31 82
31 97
31 98
31 102
31 103
31 112
31 116
31 117
31 124
31 127
31 129
31 130
31 144
31 155
31 161
31 162
31 174
31 211
31 214
31 219
31 233
31 248
31 249
31 250
31 259
31 282
31 287
31 297
32 40
32 41
32 42
32 43
32 44
32 45
32 46
32 47
32 49
32 50
32 52
32 53
32 55
32 59
32 60
32 70
32 71
32 72
32 73
32 75
32 76
32 80
32 84
32 90
32 102
32 106
32 112
32 117
32 119
32 122
32 124
32 132
32 134
32 146
32 151
32 171
32 194
32 208
32 212
32 214
32 215
32 220
32 223
32 235
32 236
32 242
32 246
32 269
32 272
32 277
32 294
33 40
33 41
33 42
33 43
33 44
33 46
33 47
33 48
33 49
33 50
33 51
33 52
33 55
33 58
33 60
33 62
33 63
33 66
33 69
33 70
33 72
33 74
33 76
33 78
33 79
33 81
33 82
33 83
33 87
33 88
33 90
33 92
33 94
33 100
33 101
33 102
33 104
33 106
33 110
33 115
33 119
33 121
33 127
33 140
33 141
33 142
33 144
33 145
33 147
33 149
33 150
33 154
33 156
33 159
33 167
33 170
33 173
33 174
33 176
33 180
33 201
33 210
33 215
33 216
33 218
33 223
33 226
33 227
33 229
33 230
33 241
33 252
33 260
33 261
33 266
33 279
33 284
33 297
34 40
34 41
34 42
34 44
34 45
34 46
34 47
34 48
34 50
34 51
34 52
34 53
34 54
34 55
34 56
34 57
34 58
34 61
34 67
34 68
34 69
34 75
34 76
34 79
34 80
34 82
34 84
34 86
34 89
34 90
34 95
34 97
34 98
34 100
34 101
34 105
34 107
34 116
34 117
34 119
34 120
34 121
34 123
34 131
34 132
34 133
34 140
34 153
34 162
34 165
34 172
34 179
34 180
34 181
34 184
34 194
34 197
34 199
34 214
34 228
34 230
34 231
34 239
34 242
34 244
34 247
34 251
34 257
34 258
34 265
34 268
34 271
34 284
35 40
35 41
35 42
35 43
35 44
35 45
35 46
35 49
35 50
35 53
35 54
35 55
35 56
35 64
35 70
35 88
35 93
35 98
35 99
35 102
35 105
35 107
35 108
35 110
35 111
35 117
35 120
35 122
35 142
35 143
35 148
35 149
35 150
35 151
35 164
35 169
35 178
35 181
35 185
35 186
35 225
35 234
35 244
35 249
35 251
35 258
35 274
35 278
35 279
36 40
36 41
36 42
36 43
36 45
36 46
36 48
36 49
36 51
36 52
36 55
36 57
36 58
36 59
36 60
36 61
36 64
36 65
36 66
36 68
36 72
36 73
36 76
36 77
36 84
36 87
36 90
36 92
36 93
36 94
36 103
36 105
36 106
36 107
36 108
36 109
36 112
36 117
36 119
36 120
36 121
36 122
36 124
36 125
36 128
36 131
36 137
36 145
36 155
36 157
36 159
36 161
36 163
36 164
36 177
36 181
36 185
36 190
36 200
36 203
36 204
36 205
36 207
36 208
36 215
36 216
36 225
36 228
36 236
36 253
36 262
36 264
36 275
36 276
36 283
36 286
36 288
36 292
37 40
37 41
37 42
37 43
37 44
37 45
37 46
37 47
37 49
37 50
37 51
37 52
37 53
37 56
37 59
37 61
37 65
37 66
37 67
37 68
37 69
37 71
37 79
37 80
37 82
37 84
37 85
37 88
37 90
37 91
37 92
37 101
37 107
37 112
37 115
37 116
37 119
37 122
37 133
37 138
37 148
37 160
37 169
37 179
37 181
37 208
37 212
37 217
37 220
37 227
37 234
37 235
37 244
37 249
37 253
37 283
38 40
38 41
38 42
38 45
38 47
38 48
38 50
38 54
38 56
38 63
38 73
38 77
38 79
38 81
38 84
38 86
38 102
38 105
38 108
38 114
38 115
38 131
38 151
38 165
38 167
38 184
38 190
38 216
38 217
38 222
38 223
38 233
38 257
38 261
38 269
39 40
39 41
39 42
39 43
39 45
39 46
39 47
39 48
39 49
39 50
39 51
39 52
39 53
39 54
39 55
39 56
39 57
39 58
39 59
39 66
39 77
39 78
39 79
39 80
39 82
39 84
39 88
39 92
39 93
39 101
39 104
39 105
39 107
39 112
39 114
39 115
39 119
39 130
39 134
39 135
39 147
39 155
39 160
39 163
39 186
39 204
39 210
39 214
39 224
39 235
39 251
39 258
39 280
39 292
40 41
40 42
40 43
40 44
40 45
40 46
40 47
40 48
40 49
40 50
40 51
40 52
40 53
40 54
40 55
40 56
40 57
40 58
40 59
40 60
40 61
40 62
40 63
40 64
40 65
40 66
40 67
40 68
40 69
40 70
40 71
40 72
40 73
40 74
40 75
40 77
40 78
40 79
40 80
40 81
40 82
40 85
40 86
40 88
40 89
40 90
40 91
40 92
40 93
40 94
40 95
40 96
40 97
40 99
40 100
40 102
40 104
40 105
40 106
40 107
40 108
40 110
40 111
40 114
40 116
40 117
40 118
40 120
40 123
40 126
40 128
40 129
40 131
40 132
40 133
40 134
40 138
40 139
40 140
40 144
40 149
40 150
40 153
40 154
40 156
40 160
40 162
40 164
40 167
40 168
40 169
40 170
40 172
40 175
40 176
40 177
40 187
40 190
40 192
40 194
40 195
40 198
40 202
40 204
40 206
40 207
40 208
40 209
40 210
40 211
40 212
40 213
40 214
40 217
40 220
40 225
40 226
40 229
40 231
40 235
40 236
40 237
40 238
40 243
40 248
40 251
40 254
40 259
40 260
40 264
40 266
40 269
40 272
40 273
40 277
40 280
40 282
40 283
40 285
40 288
40 289
40 292
40 294
40 296
40 298
41 42
41 43
41 44
41 45
41 46
41 47
41 48
41 49
41 50
41 51
41 52
41 53
41 54
41 55
41 56
41 57
41 58
41 59
41 60
41 61
41 62
41 63
41 64
41 65
41 66
41 67
41 68
41 69
41 70
41 71
41 74
41 75
41 77
41 78
41 79
41 82
41 84
41 86
41 87
41 89
41 90
41 91
41 93
41 94
41 95
41 99
41 102
41 103
41 104
41 105
41 106
41 107
41 109
41 110
41 112
41 114
41 116
41 117
41 119
41 121
41 123
41 125
41 126
41 127
41 129
41 132
41 133
41 136
41 137
41 138
41 140
41 141
41 142
41 146
41 150
41 154
41 157
41 161
41 166
41 168
41 170
41 173
41 177
41 179
41 183
41 184
41 185
41 186
41 192
41 195
41 196
41 197
41 199
41 207
41 208
41 209
41 211
41 213
41 216
41 221
41 223
41 225
41 228
41 231
41 234
41 241
41 242
41 247
41 248
41 249
41 254
41 255
41 257
41 260
41 262
41 264
41 265
41 266
41 267
41 268
41 270
41 273
41 278
41 284
41 287
41 293
41 298
42 43
42 44
42 45
42 46
42 47
42 48
42 49
42 50
42 51
42 52
42 53
42 54
42 55
42 56
42 57
42 58
42 59
42 60
42 61
42 62
42 63
42 64
42 65
42 66
42 67
42 68
42 70
42 71
42 72
42 73
42 75
42 76
42 77
42 78
42 79
42 80
42 81
42 83
42 85
42 86
42 88
42 90
42 91
42 92
42 93
42 97
42 99
42 100
42 101
42 103
42 105
42 107
42 108
42 109
42 110
42 112
42 113
42 114
42 115
42 117
42 118
42 120
42 122
42 124
42 126
42 129
42 130
42 136
42 138
42 140
42 142
42 143
42 144
42 145
42 147
42 148
42 149
42 151
42 152
42 153
42 155
42 158
42 159
42 160
42 164
42 167
42 168
42 169
42 171
42 174
42 175
42 176
42 177
42 182
42 183
42 189
42 190
42 193
42 194
42 195
42 196
42 202
42 206
42 208
42 213
42 215
42 216
42 217
42 219
42 220
42 226
42 228
42 229
42 231
42 233
42 234
42 236
42 237
42 238
42 239
42 240
42 247
42 255
42 260
42 262
42 269
42 272
42 278
42 281
42 282
42 285
42 287
42 292
42 295
42 298
42 299
43 44
43 45
43 46
43 47
43 48
43 49
43 50
43 51
43 52
43 54
43 55
43 56
43 57
43 58
43 60
43 61
43 62
43 63
43 64
43 65
43 67
43 68
43 69
43 70
43 71
43 73
43 74
43 75
43 79
43 80
43 81
43 82
43 84
43 85
43 86
43 87
43 88
43 89
43 92
43 94
43 95
43 97
43 99
43 100
43 103
43 104
43 105
43 107
43 108
43 109
43 114
43 115
43 117
43 119
43 120
43 123
43 124
43 125
43 126
43 128
43 130
43 132
43 133
43 137
43 138
43 142
43 145
43 146
43 148
43 149
43 150
43 151
43 153
43 154
43 155
43 156
43 157
43 158
43 163
43 164
43 166
43 167
43 169
43 171
43 175
43 179
43 181
43 186
43 187
43 189
43 191
43 193
43 195
43 198
43 203
43 205
43 207
43 208
43 211
43 214
43 217
43 219
43 221
43 227
43 228
43 229
43 230
43 232
43 239
43 240
43 243
43 245
43 246
43 255
43 256
43 257
43 258
43 261
43 262
43 267
43 269
43 271
43 278
43 285
43 286
43 292
43 298
44 45
44 46
44 47
44 48
44 49
44 50
44 51
44 52
44 53
44 54
44 55
44 57
44 58
44 59
44 60
44 61
44 62
44 63
44 64
44 65
44 66
44 68
44 69
44 70
44 71
44 72
44 73
44 75
44 77
44 79
44 80
44 81
44 82
44 83
44 84
44 85
44 86
44 87
44 88
44 89
44 92
44 95
44 98
44 101
44 102
44 105
44 109
44 114
44 118
44 120
44 122
44 126
44 128
44 129
44 131
44 132
44 133
44 134
44 135
44 136
44 139
44 140
44 141
44 143
44 145
44 148
44 149
44 150
44 153
44 154
44 155
44 158
44 161
44 162
44 164
44 165
44 170
44 172
44 175
44 176
44 177
44 180
44 182
44 183
44 185
44 186
44 187
44 190
44 191
44 192
44 196
44 197
44 199
44 200
44 201
44 203
44 204
44 207
44 210
44 213
44 215
44 219
44 225
44 229
44 235
44 237
44 238
44 240
44 242
44 245
44 255
44 257
44 263
44 267
44 268
44 276
44 279
44 280
44 282
44 285
44 287
44 292
44 296
45 46
45 47
45 48
45 49
45 50
45 51
45 52
45 53
45 54
45 55
45 56
45 57
45 58
45 59
45 60
45 61
45 62
45 63
45 64
45 65
45 66
45 67
45 68
45 69
45 70
45 74
45 75
45 76
45 78
45 79
45 82
45 83
45 84
45 85
45 87
45 91
45 94
45 95
45 96
45 98
45 99
45 104
45 106
45 107
45 109
45 112
45 118
45 121
45 123
45 124
45 125
45 127
45 128
45 133
45 135
45 138
45 139
45 140
45 141
45 142
45 144
45 146
45 148
45 154
45 155
45 156
45 158
45 159
45 160
45 161
45 162
45 167
45 170
45 172
45 176
45 180
45 181
45 184
45 186
45 187
45 188
45 190
45 196
45 198
45 201
45 204
45 209
45 210
45 212
45 213
45 218
45 220
45 223
45 230
45 231
45 236
45 242
45 245
45 246
45 249
45 268
45 270
45 274
45 279
45 282
45 284
45 290
45 291
45 297
46 47
46 48
46 49
46 50
46 51
46 52
46 53
46 54
46 55
46 56
46 57
46 58
46 59
46 60
46 61
46 62
46 63
46 64
46 65
46 66
46 67
46 68
46 69
46 70
46 71
46 72
46 73
46 74
46 75
46 76
46 77
46 79
46 80
46 81
46 82
46 83
46 84
46 86
46 88
46 89
46 90
46 93
46 94
46 95
46 97
46 98
46 101
46 102
46 103
46 105
46 107
46 108
46 109
46 110
46 111
46 112
46 113
46 114
46 115
46 118
46 119
46 123
46 128
46 129
46 130
46 133
46 135
46 136
46 137
46 140
46 141
46 142
46 143
46 144
46 145
46 146
46 147
46 148
46 150
46 151
46 158
46 160
46 161
46 162
46 163
46 166
46 168
46 171
46 174
46 175
46 177
46 179
46 180
46 181
46 188
46 189
46 191
46 196
46 198
46 199
46 200
46 208
46 210
46 212
46 215
46 220
46 223
46 228
46 235
46 250
46 255
46 270
46 272
46 273
46 275
46 276
46 278
46 279
46 280
46 282
46 285
46 290
46 291
46 293
46 296
46 297
47 48
47 49
47 50
47 51
47 52
47 53
47 54
47 55
47 56
47 57
47 58
47 59
47 61
47 63
47 64
47 65
47 67
47 69
47 70
47 73
47 74
47 75
47 78
47 79
47 81
47 83
47 84
47 85
47 87
47 89
47 90
47 91
47 92
47 93
47 95
47 96
47 97
47 98
47 102
47 103
47 104
47 105
47 108
47 109
47 110
47 113
47 115
47 116
47 118
47 119
47 122
47 124
47 125
47 127
47 131
47 132
47 137
47 138
47 139
47 142
47 144
47 146
47 147
47 149
47 155
47 158
47 162
47 167
47 171
47 173
47 176
47 178
47 179
47 180
47 183
47 184
47 185
47 189
47 192
47 193
47 194
47 195
47 196
47 199
47 200
47 202
47 206
47 208
47 210
47 212
47 213
47 218
47 225
47 229
47 232
47 233
47 237
47 238
47 239
47 240
47 241
47 242
47 244
47 245
47 246
47 248
47 257
47 261
47 262
47 263
47 268
47 269
47 270
47 273
47 274
47 275
47 279
47 282
47 291
47 292
48 49
48 50
48 51
48 52
48 53
48 54
48 55
48 56
48 57
48 58
48 60
48 61
48 62
48 63
48 64
48 65
48 66
48 67
48 68
48 69
48 71
48 72
48 73
48 74
48 75
48 76
48 77
48 78
48 79
48 80
48 82
48 85
48 86
48 87
48 88
48 89
48 90
48 91
48 92
48 93
48 96
48 97
48 98
48 100
48 101
48 102
48 104
48 106
48 108
48 109
48 110
48 111
48 114
48 115
48 116
48 117
48 118
48 119
48 124
48 126
48 127
48 128
48 129
48 130
48 133
48 135
48 139
48 140
48 143
48 144
48 148
48 149
48 150
48 159
48 161
48 162
48 163
48 166
48 168
48 171
48 172
48 174
48 175
48 176
48 180
48 184
48 185
48 187
48 188
48 189
48 190
48 191
48 192
48 193
48 194
48 196
48 197
48 199
48 200
48 202
48 203
48 206
48 211
48 217
48 218
48 227
48 228
48 232
48 242
48 248
48 249
48 251
48 252
48 256
48 257
48 259
48 264
48 271
48 275
48 278
48 279
48 281
48 285
48 292
48 294
48 295
49 50
49 51
49 52
49 53
49 54
49 55
49 56
49 57
49 58
49 59
49 60
49 62
49 63
49 64
49 65
49 66
49 67
49 68
49 69
49 70
49 71
49 72
49 74
49 75
49 76
49 77
49 78
49 80
49 81
49 85
49 88
49 89
49 93
49 96
49 97
49 99
49 100
49 107
49 108
49 109
49 115
49 119
49 120
49 121
49 122
49 123
49 124
49 125
49 128
49 130
49 131
49 132
49 133
49 134
49 138
49 141
49 142
49 147
49 150
49 154
49 157
49 165
49 168
49 170
49 171
49 172
49 173
49 176
49 177
49 179
49 180
49 188
49 190
49 191
49 192
49 193
49 194
49 201
49 203
49 210
49 211
49 216
49 218
49 219
49 221
49 227
49 228
49 237
49 243
49 244
49 245
49 246
49 249
49 254
49 256
49 262
49 263
49 264
49 270
49 271
49 274
49 279
49 280
49 284
49 285
49 291
49 293
49 297
49 299
50 51
50 52
50 53
50 54
50 55
50 56
50 57
50 58
50 59
50 60
50 62
50 63
50 64
50 65
50 66
50 67
50 68
50 71
50 73
50 75
50 76
50 78
50 79
50 80
50 81
50 84
50 87
50 88
50 89
50 90
50 91
50 92
50 93
50 94
50 95
50 96
50 97
50 98
50 100
50 101
50 102
50 103
50 104
50 107
50 108
50 110
50 112
50 114
50 115
50 117
50 118
50 120
50 122
50 124
50 129
50 131
50 136
50 137
50 138
50 139
50 140
50 141
50 143
50 145
50 146
50 147
50 150
50 151
50 153
50 156
50 158
50 162
50 170
50 172
50 174
50 176
50 180
50 181
50 182
50 185
50 187
50 197
50 198
50 201
50 203
50 207
50 218
50 219
50 221
50 223
50 225
50 229
50 230
50 231
50 232
50 233
50 235
50 237
50 242
50 243
50 247
50 250
50 252
50 254
50 259
50 261
50 264
50 268
50 269
50 277
50 279
50 282
50 287
50 292
50 295
50 296
51 52
51 53
51 54
51 55
51 56
51 57
51 58
51 59
51 60
51 62
51 63
51 64
51 66
51 67
51 68
51 69
51 70
51 71
51 72
51 73
51 74
51 75
51 76
51 78
51 81
51 82
51 84
51 85
51 86
51 87
51 88
51 89
51 90
51 91
51 92
51 94
51 95
51 96
51 97
51 98
51 99
51 101
51 102
51 108
51 109
51 110
51 112
51 113
51 114
51 116
51 117
51 118
51 119
51 120
51 124
51 128
51 129
51 132
51 133
51 134
51 138
51 139
51 143
51 145
51 147
51 149
51 150
51 151
51 153
51 154
51 155
51 156
51 157
51 158
51 161
51 163
51 164
51 167
51 168
51 169
51 170
51 175
51 177
51 178
51 179
51 180
51 183
51 190
51 192
51 193
51 199
51 200
51 201
51 206
51 213
51 214
51 216
51 219
51 226
51 227
51 229
51 234
51 236
51 239
51 242
51 247
51 252
51 258
51 260
51 261
51 265
51 266
51 270
51 272
51 274
51 279
51 281
51 283
51 286
51 288
51 291
52 53
52 54
52 55
52 56
52 57
52 58
52 60
52 61
52 62
52 63
52 64
52 65
52 66
52 67
52 68
52 69
52 70
52 71
52 72
52 73
52 74
52 78
52 80
52 82
52 83
52 85
52 87
52 88
52 91
52 92
52 94
52 95
52 97
52 98
52 99
52 101
52 103
52 105
52 106
52 107
52 108
52 110
52 111
52 112
52 113
52 114
52 116
52 117
52 119
52 122
52 125
52 127
52 128
52 130
52 131
52 133
52 134
52 136
52 137
52 138
52 143
52 148
52 149
52 151
52 152
52 157
52 160
52 163
52 166
52 167
52 168
52 174
52 176
52 181
52 182
52 184
52 185
52 188
52 189
52 192
52 200
52 202
52 203
52 206
52 209
52 210
52 217
52 218
52 220
52 224
52 227
52 229
52 231
52 234
52 235
52 237
52 241
52 243
52 247
52 248
52 250
52 254
52 255
52 256
52 257
52 259
52 260
52 262
52 266
52 270
52 272
52 276
52 279
52 280
52 281
52 283
52 287
52 289
52 290
52 292
53 54
53 56
53 57
53 58
53 59
53 60
53 62
53 63
53 64
53 65
53 66
53 67
53 68
53 69
53 71
53 72
53 73
53 74
53 75
53 76
53 77
53 79
53 80
53 81
53 86
53 87
53 88
53 89
53 90
53 91
53 92
53 94
53 96
53 97
53 100
53 101
53 103
53 104
53 106
53 107
53 108
53 109
53 110
53 116
53 118
53 119
53 120
53 122
53 123
53 124
53 127
53 128
53 129
53 131
53 133
53 134
53 137
53 141
53 146
53 147
53 148
53 151
53 152
53 153
53 155
53 156
53 158
53 160
53 164
53 165
53 168
53 169
53 170
53 179
53 182
53 183
53 190
53 193
53 196
53 198
53 201
53 204
53 208
53 211
53 212
53 219
53 220
53 222
53 225
53 226
53 229
53 230
53 231
53 233
53 234
53 238
53 239
53 242
53 247
53 248
53 249
53 251
53 254
53 265
53 274
53 276
53 280
53 283
53 285
54 55
54 56
54 57
54 58
54 59
54 60
54 61
54 62
54 63
54 66
54 67
54 68
54 69
54 70
54 71
54 72
54 74
54 75
54 76
54 77
54 78
54 79
54 82
54 83
54 85
54 86
54 88
54 89
54 92
54 93
54 96
54 99
54 100
54 102
54 103
54 106
54 107
54 110
54 111
54 114
54 118
54 122
54 123
54 128
54 131
54 132
54 136
54 137
54 140
54 151
54 152
54 154
54 160
54 161
54 166
54 169
54 171
54 172
54 188
54 189
54 191
54 192
54 193
54 195
54 196
54 200
54 203
54 204
54 206
54 208
54 215
54 223
54 227
54 229
54 238
54 243
54 251
54 255
54 257
54 260
54 262
54 266
54 270
54 271
54 282
54 284
54 285
54 287
54 290
54 296
55 56
55 57
55 58
55 59
55 60
55 61
55 62
55 63
55 64
55 65
55 66
55 68
55 69
55 70
55 71
55 72
55 73
55 74
55 75
55 76
55 77
55 79
55 80
55 81
55 83
55 84
55 85
55 87
55 88
55 91
55 92
55 93
55 94
55 95
55 96
55 97
55 99
55 101
55 102
55 103
55 106
55 108
55 109
55 111
55 112
55 113
55 117
55 118
55 119
55 122
55 124
55 125
55 126
55 127
55 128
55 131
55 134
55 138
55 151
55 153
55 159
55 160
55 162
55 163
55 164
55 167
55 169
55 171
55 176
55 177
55 179
55 181
55 182
55 185
55 186
55 188
55 189
55 194
55 198
55 201
55 202
55 213
55 216
55 223
55 227
55 228
55 232
55 233
55 236
55 237
55 246
55 249
55 250
55 252
55 253
55 255
55 256
55 258
55 259
55 260
55 266
55 278
55 284
55 287
55 290
55 292
55 293
55 295
56 57
56 58
56 59
56 60
56 62
56 63
56 65
56 66
56 67
56 68
56 72
56 73
56 74
56 75
56 77
56 78
56 79
56 82
56 86
56 87
56 90
56 93
56 94
56 98
56 100
56 103
56 104
56 109
56 112
56 113
56 114
56 120
56 121
56 123
56 127
56 128
56 130
56 136
56 142
56 145
56 146
56 147
56 148
56 149
56 154
56 155
56 158
56 166
56 167
56 169
56 172
56 187
56 190
56 191
56 193
56 195
56 200
56 202
56 203
56 204
56 205
56 206
56 208
56 211
56 215
56 217
56 221
56 222
56 224
56 229
56 234
56 236
56 238
56 240
56 241
56 245
56 247
56 253
56 258
56 261
56 263
56 265
56 268
56 269
56 270
56 272
56 273
56 277
56 284
56 287
56 289
56 291
56 294
56 296
57 58
57 60
57 61
57 62
57 63
57 64
57 65
57 68
57 69
57 70
57 71
57 72
57 77
57 78
57 79
57 80
57 81
57 86
57 89
57 91
57 93
57 94
57 95
57 101
57 103
57 105
57 120
57 126
57 129
57 130
57 131
57 134
57 135
57 142
57 143
57 144
57 145
57 147
57 149
57 152
57 160
57 162
57 167
57 168
57 173
57 174
57 178
57 183
57 188
57 197
57 200
57 209
57 220
57 224
57 226
57 231
57 233
57 235
57 237
57 251
57 255
57 256
57 258
57 264
57 271
57 279
57 282
57 287
57 297
58 59
58 60
58 61
58 62
58 63
58 64
58 65
58 66
58 67
58 68
58 69
58 70
58 71
58 72
58 73
58 74
58 75
58 77
58 78
58 81
58 82
58 83
58 84
58 86
58 88
58 89
58 92
58 93
58 94
58 97
58 99
58 100
58 101
58 104
58 106
58 109
58 110
58 111
58 112
58 115
58 117
58 120
58 121
58 122
58 125
58 127
58 131
58 132
58 133
58 143
58 144
58 154
58 157
58 161
58 165
58 166
58 169
58 170
58 174
58 180
58 182
58 200
58 205
58 206
58 212
58 216
58 218
58 221
58 224
58 227
58 230
58 236
58 244
58 250
58 263
58 266
58 268
58 273
58 276
58 277
58 278
58 282
58 290
58 293
58 294
58 295
58 297
59 60
59 61
59 62
59 63
59 64
59 65
59 66
59 67
59 68
59 70
59 71
59 72
59 73
59 74
59 75
59 77
59 79
59 83
59 84
59 85
59 86
59 88
59 90
59 91
59 94
59 95
59 97
59 98
59 104
59 106
59 107
59 108
59 109
59 110
59 112
59 113
59 116
59 118
59 119
59 120
59 123
59 124
59 126
59 127
59 129
59 131
59 133
59 136
59 139
59 141
59 142
59 159
59 161
59 162
59 166
59 169
59 171
59 172
59 173
59 175
59 177
59 179
59 184
59 188
59 189
59 195
59 201
59 212
59 213
59 214
59 215
59 227
59 232
59 241
59 242
59 243
59 244
59 246
59 250
59 252
59 256
59 257
59 259
59 261
59 264
59 267
59 268
59 273
59 280
59 286
59 287
59 293
59 296
59 298
60 61
60 62
60 63
60 65
60 66
60 67
60 69
60 71
60 73
60 79
60 81
60 83
60 85
60 86
60 87
60 89
60 92
60 94
60 95
60 99
60 105
60 108
60 109
60 111
60 114
60 117
60 121
60 122
60 125
60 126
60 128
60 129
60 133
60 134
60 135
60 137
60 146
60 147
60 150
60 151
60 152
60 158
60 159
60 163
60 165
60 167
60 170
60 172
60 173
60 176
60 177
60 183
60 187
60 195
60 199
60 204
60 205
60 208
60 214
60 219
60 231
60 233
60 235
60 240
60 244
60 256
60 259
60 263
60 264
60 270
60 271
60 275
60 279
60 283
60 285
60 295
60 296
60 297
61 62
61 63
61 64
61 65
61 67
61 68
61 69
61 70
61 71
61 72
61 75
61 78
61 80
61 81
61 82
61 83
61 85
61 87
61 89
61 90
61 91
61 93
61 96
61 98
61 99
61 101
61 102
61 106
61 110
61 116
61 117
61 124
61 125
61 126
61 127
61 129
61 131
61 133
61 134
61 135
61 139
61 141
61 145
61 149
61 150
61 153
61 157
61 165
61 166
61 169
61 172
61 173
61 175
61 182
61 183
61 186
61 190
61 193
61 197
61 200
61 201
61 209
61 210
61 211
61 226
61 238
61 239
61 246
61 251
61 255
61 259
61 264
61 280
61 281
61 289
61 290
61 291
62 63
62 64
62 65
62 66
62 67
62 68
62 69
62 70
62 71
62 74
62 75
62 76
62 77
62 78
62 80
62 81
62 82
62 83
62 84
62 86
62 87
62 89
62 90
62 96
62 97
62 98
62 100
62 101
62 102
62 104
62 106
62 107
62 109
62 110
62 111
62 112
62 113
62 116
62 117
62 118
62 119
62 120
62 121
62 122
62 126
62 127
62 130
62 132
62 133
62 134
62 135
62 136
62 137
62 138
62 140
62 141
62 143
62 144
62 151
62 155
62 156
62 157
62 161
62 162
62 163
62 164
62 166
62 168
62 169
62 170
62 171
62 173
62 174
62 178
62 180
62 185
62 186
62 190
62 192
62 194
62 200
62 201
62 206
62 209
62 212
62 213
62 222
62 226
62 229
62 239
62 243
62 252
62 255
62 262
62 269
62 271
62 274
62 280
62 281
62 283
62 288
62 290
62 293
62 295
63 64
63 65
63 67
63 70
63 71
63 72
63 73
63 74
63 76
63 78
63 79
63 82
63 83
63 84
63 85
63 88
63 89
63 90
63 93
63 96
63 100
63 109
63 110
63 114
63 115
63 116
63 119
63 120
63 123
63 142
63 143
63 144
63 145
63 146
63 147
63 154
63 156
63 157
63 158
63 159
63 160
63 163
63 165
63 166
63 169
63 170
63 172
63 174
63 175
63 176
63 177
63 179
63 180
63 181
63 182
63 185
63 190
63 195
63 200
63 205
63 210
63 217
63 222
63 229
63 233
63 236
63 241
63 246
63 248
63 259
63 260
63 264
63 269
63 270
63 277
63 281
63 284
63 289
63 293
64 65
64 66
64 68
64 69
64 70
64 71
64 72
64 74
64 75
64 76
64 79
64 80
64 82
64 83
64 84
64 86
64 89
64 90
64 92
64 93
64 94
64 97
64 101
64 102
64 105
64 107
64 108
64 113
64 115
64 117
64 118
64 120
64 122
64 123
64 126
64 127
64 130
64 131
64 132
64 136
64 140
64 142
64 145
64 147
64 148
64 162
64 164
64 165
64 168
64 170
64 171
64 173
64 175
64 178
64 180
64 181
64 182
64 185
64 190
64 193
64 195
64 199
64 215
64 219
64 221
64 222
64 235
64 237
64 238
64 244
64 245
64 247
64 265
64 266
64 268
64 278
64 297
64 299
65 66
65 67
65 68
65 70
65 71
65 72
65 73
65 74
65 75
65 78
65 80
65 83
65 84
65 85
65 86
65 88
65 89
65 91
65 93
65 95
65 96
65 98
65 99
65 101
65 102
65 103
65 104
65 105
65 107
65 110
65 111
65 112
65 113
65 114
65 116
65 118
65 120
65 121
65 123
65 125
65 127
65 128
65 130
65 133
65 135
65 139
65 142
65 148
65 158
65 159
65 161
65 164
65 166
65 168
65 176
65 178
65 180
65 181
65 186
65 188
65 194
65 198
65 201
65 202
65 206
65 207
65 208
65 209
65 211
65 212
65 213
65 214
65 216
65 218
65 220
65 221
65 222
65 226
65 227
65 232
65 237
65 248
65 249
65 252
65 253
65 262
65 264
65 265
65 267
65 269
65 270
65 272
65 275
65 276
65 277
65 292
65 297
66 67
66 68
66 69
66 71
66 72
66 73
66 74
66 75
66 76
66 77
66 78
66 79
66 80
66 83
66 85
66 86
66 88
66 90
66 96
66 99
66 101
66 102
66 105
66 110
66 111
66 113
66 114
66 115
66 119
66 121
66 122
66 125
66 127
66 128
66 129
66 131
66 137
66 138
66 140
66 141
66 143
66 145
66 147
66 148
66 149
66 151
66 154
66 157
66 158
66 161
66 162
66 164
66 165
66 167
66 173
66 174
66 179
66 181
66 184
66 186
66 187
66 192
66 196
66 197
66 198
66 200
66 201
66 203
66 208
66 209
66 210
66 212
66 215
66 218
66 222
66 223
66 224
66 225
66 226
66 230
66 236
66 239
66 241
66 242
66 250
66 251
66 252
66 257
66 261
66 264
66 265
66 268
66 271
66 273
66 286
66 298
67 68
67 69
67 72
67 73
67 74
67 75
67 76
67 77
67 78
67 80
67 81
67 83
67 84
67 85
67 87
67 88
67 92
67 94
67 95
67 96
67 97
67 100
67 110
67 111
67 113
67 114
67 125
67 126
67 130
67 131
67 132
67 134
67 136
67 138
67 139
67 140
67 142
67 143
67 144
67 146
67 147
67 149
67 152
67 154
67 156
67 159
67 161
67 166
67 170
67 172
67 174
67 175
67 177
67 183
67 185
67 190
67 193
67 198
67 199
67 200
67 203
67 204
67 205
67 213
67 214
67 219
67 222
67 229
67 236
67 244
67 245
67 246
67 250
67 264
67 268
67 271
67 275
67 279
67 280
67 281
67 288
67 290
67 291
67 294
68 69
68 71
68 72
68 74
68 75
68 76
68 78
68 79
68 81
68 82
68 83
68 87
68 88
68 90
68 91
68 93
68 94
68 97
68 98
68 102
68 103
68 106
68 107
68 110
68 111
68 112
68 113
68 118
68 119
68 121
68 123
68 124
68 125
68 126
68 127
68 131
68 134
68 135
68 136
68 139
68 140
68 141
68 142
68 144
68 145
68 149
68 153
68 154
68 156
68 160
68 161
68 162
68 165
68 168
68 173
68 180
68 186
68 187
68 189
68 190
68 195
68 196
68 213
68 215
68 218
68 223
68 224
68 232
68 234
68 237
68 243
68 244
68 248
68 256
68 267
68 275
68 285
68 292
68 299
69 70
69 71
69 72
69 74
69 76
69 77
69 79
69 80
69 81
69 83
69 84
69 93
69 94
69 95
69 96
69 101
69 102
69 103
69 104
69 105
69 106
69 110
69 111
69 114
69 118
69 125
69 126
69 128
69 131
69 132
69 134
69 135
69 139
69 143
69 145
69 154
69 162
69 163
69 168
69 182
69 184
69 190
69 191
69 192
69 204
69 206
69 209
69 217
69 219
69 222
69 224
69 227
69 232
69 233
69 234
69 236
69 239
69 252
69 254
69 261
69 264
69 273
69 281
69 282
69 294
69 295
70 71
70 73
70 75
70 76
70 77
70 79
70 80
70 82
70 84
70 86
70 89
70 90
70 92
70 93
70 96
70 97
70 98
70 99
70 100
70 102
70 103
70 104
70 105
70 106
70 108
70 109
70 111
70 114
70 119
70 120
70 121
70 122
70 125
70 128
70 129
70 130
70 132
70 134
70 135
70 136
70 137
70 141
70 142
70 147
70 152
70 153
70 154
70 161
70 162
70 173
70 179
70 180
70 187
70 189
70 191
70 192
70 196
70 198
70 204
70 209
70 211
70 214
70 220
70 222
70 224
70 225
70 230
70 232
70 234
70 235
70 237
70 239
70 242
70 249
70 256
70 261
70 262
70 267
70 268
70 276
70 280
70 283
70 288
70 295
70 298
71 72
71 73
71 74
71 75
71 76
71 77
71 80
71 83
71 84
71 88
71 90
71 91
71 95
71 97
71 99
71 100
71 101
71 102
71 113
71 114
71 116
71 118
71 119
71 130
71 133
71 137
71 140
71 143
71 146
71 153
71 156
71 166
71 170
71 172
71 182
71 183
71 185
71 187
71 192
71 197
71 202
71 203
71 213
71 229
71 231
71 245
71 246
71 247
71 249
71 250
71 255
71 257
71 259
71 265
71 266
71 268
71 269
71 275
71 276
71 278
71 286
71 288
71 293
72 73
72 74
72 77
72 78
72 79
72 82
72 83
72 84
72 85
72 86
72 87
72 88
72 89
72 91
72 92
72 93
72 95
72 96
72 97
72 99
72 100
72 101
72 103
72 104
72 105
72 106
72 109
72 111
72 113
72 118
72 119
72 120
72 122
72 123
72 125
72 126
72 127
72 131
72 133
72 135
72 136
72 148
72 152
72 154
72 166
72 167
72 168
72 171
72 174
72 176
72 186
72 188
72 198
72 202
72 205
72 209
72 210
72 216
72 217
72 218
72 231
72 233
72 241
72 244
72 245
72 249
72 255
72 257
72 258
72 269
72 272
72 275
72 276
72 285
72 288
72 293
72 297
72 299
73 74
73 78
73 80
73 81
73 82
73 88
73 89
73 90
73 92
73 93
73 94
73 96
73 97
73 98
73 101
73 104
73 106
73 107
73 110
73 111
73 113
73 115
73 116
73 119
73 122
73 124
73 125
73 135
73 136
73 137
73 146
73 148
73 149
73 151
73 152
73 156
73 161
73 164
73 167
73 173
73 174
73 176
73 177
73 178
73 184
73 185
73 187
73 193
73 197
73 198
73 200
73 205
73 206
73 212
73 231
73 241
73 245
73 263
73 271
73 277
73 278
73 297
73 299
74 75
74 77
74 78
74 80
74 82
74 83
74 84
74 85
74 87
74 88
74 92
74 93
74 95
74 96
74 97
74 98
74 100
74 103
74 105
74 109
74 111
74 116
74 118
74 123
74 124
74 125
74 128
74 129
74 131
74 136
74 140
74 147
74 149
74 150
74 152
74 155
74 157
74 158
74 163
74 165
74 172
74 178
74 179
74 183
74 186
74 188
74 191
74 195
74 200
74 207
74 209
74 212
74 216
74 218
74 219
74 228
74 232
74 234
74 236
74 237
74 238
74 241
74 243
74 247
74 248
74 250
74 267
74 268
74 276
74 279
74 287
74 290
74 291
74 298
74 299
75 76
75 77
75 78
75 79
75 80
75 81
75 82
75 83
75 85
75 87
75 88
75 89
75 90
75 94
75 95
75 98
75 101
75 104
75 105
75 107
75 108
75 109
75 111
75 114
75 115
75 117
75 118
75 119
75 120
75 121
75 122
75 125
75 126
75 130
75 138
75 139
75 142
75 148
75 150
75 151
75 152
75 157
75 162
75 163
75 167
75 168
75 170
75 171
75 174
75 175
75 176
75 177
75 184
75 187
75 188
75 189
75 193
75 196
75 199
75 207
75 216
75 219
75 221
75 223
75 225
75 229
75 232
75 246
75 247
75 248
75 252
75 253
75 254
75 255
75 261
75 268
75 279
75 280
75 287
75 288
75 293
75 296
75 297
76 77
76 78
76 79
76 81
76 82
76 84
76 85
76 86
76 88
76 90
76 91
76 92
76 102
76 103
76 104
76 107
76 109
76 112
76 113
76 114
76 117
76 118
76 124
76 125
76 126
76 128
76 129
76 132
76 139
76 146
76 148
76 151
76 158
76 159
76 166
76 167
76 169
76 176
76 178
76 179
76 180
76 182
76 183
76 185
76 187
76 193
76 194
76 197
76 199
76 201
76 209
76 210
76 211
76 212
76 214
76 219
76 220
76 221
76 222
76 227
76 229
76 233
76 237
76 239
76 240
76 241
76 244
76 245
76 247
76 258
76 259
76 271
76 272
76 275
76 277
76 283
76 289
76 290
76 296
76 297
76 299
77 78
77 82
77 87
77 89
77 92
77 94
77 96
77 98
77 102
77 103
77 105
77 107
77 108
77 112
77 115
77 117
77 118
77 124
77 131
77 132
77 136
77 140
77 146
77 150
77 154
77 156
77 157
77 158
77 161
77 171
77 173
77 187
77 193
77 195
77 198
77 199
77 206
77 212
77 223
77 224
77 226
77 244
77 262
77 265
77 268
77 269
77 270
77 271
77 280
77 290
77 291
77 294
77 296
77 299
78 79
78 87
78 91
78 95
78 96
78 97
78 98
78 101
78 105
78 106
78 111
78 114
78 116
78 117
78 118
78 121
78 125
78 128
78 131
78 136
78 142
78 145
78 146
78 147
78 150
78 163
78 164
78 171
78 174
78 176
78 177
78 178
78 192
78 196
78 197
78 204
78 207
78 209
78 211
78 218
78 221
78 223
78 224
78 235
78 238
78 248
78 250
78 256
78 265
78 277
78 287
78 298
79 82
79 83
79 86
79 87
79 91
79 96
79 97
79 98
79 100
79 104
79 105
79 106
79 107
79 117
79 123
79 124
79 125
79 127
79 137
79 138
79 141
79 146
79 150
79 158
79 162
79 164
79 166
79 170
79 174
79 175
79 179
79 182
79 186
79 187
79 188
79 192
79 196
79 207
79 210
79 211
79 224
79 225
79 236
79 238
79 241
79 255
79 261
79 275
79 285
79 297
79 298
80 81
80 82
80 83
80 86
80 95
80 97
80 98
80 102
80 105
80 108
80 110
80 118
80 119
80 122
80 123
80 124
80 126
80 128
80 129
80 131
80 133
80 137
80 138
80 141
80 143
80 144
80 147
80 148
80 149
80 150
80 159
80 160
80 168
80 174
80 178
80 182
80 183
80 187
80 192
80 195
80 199
80 201
80 203
80 218
80 224
80 254
80 276
80 277
80 279
80 280
80 281
80 282
80 287
80 290
81 82
81 84
81 86
81 87
81 90
81 91
81 92
81 93
81 94
81 96
81 97
81 99
81 102
81 103
81 104
81 105
81 108
81 110
81 111
81 112
81 116
81 119
81 136
81 139
81 151
81 153
81 163
81 174
81 178
81 179
81 186
81 193
81 196
81 201
81 203
81 204
81 205
81 209
81 210
81 218
81 220
81 221
81 227
81 246
81 252
81 263
81 265
81 270
81 281
81 285
81 286
81 294
81 298
82 83
82 85
82 86
82 89
82 91
82 92
82 93
82 96
82 100
82 101
82 108
82 111
82 113
82 114
82 127
82 130
82 132
82 134
82 136
82 139
82 142
82 147
82 152
82 155
82 156
82 157
82 158
82 165
82 166
82 167
82 168
82 173
82 174
82 177
82 181
82 188
82 194
82 198
82 209
82 212
82 217
82 231
82 232
82 259
82 260
82 290
83 84
83 93
83 96
83 97
83 100
83 102
83 103
83 104
83 105
83 106
83 115
83 122
83 128
83 136
83 137
83 139
83 141
83 152
83 154
83 155
83 161
83 178
83 183
83 190
83 195
83 198
83 202
83 207
83 214
83 216
83 232
83 234
83 236
83 237
83 242
83 243
83 244
83 246
83 264
83 276
83 281
83 285
83 287
83 294
83 297
83 299
84 85
84 86
84 91
84 93
84 94
84 96
84 100
84 103
84 104
84 107
84 115
84 119
84 124
84 130
84 131
84 133
84 134
84 136
84 142
84 145
84 146
84 159
84 161
84 164
84 179
84 180
84 183
84 187
84 188
84 190
84 191
84 192
84 193
84 198
84 199
84 205
84 223
84 226
84 229
84 230
84 233
84 235
84 236
84 238
84 240
84 244
84 249
84 251
84 253
84 254
84 259
84 266
84 267
84 270
84 289
84 294
85 87
85 92
85 99
85 101
85 102
85 108
85 112
85 117
85 118
85 121
85 123
85 126
85 130
85 132
85 142
85 144
85 146
85 147
85 148
85 149
85 151
85 166
85 173
85 175
85 181
85 182
85 184
85 193
85 195
85 196
85 198
85 207
85 212
85 230
85 231
85 244
85 251
85 252
85 257
85 260
85 266
85 270
85 273
86 87
86 89
86 90
86 94
86 98
86 99
86 102
86 103
86 106
86 108
86 115
86 117
86 123
86 126
86 128
86 131
86 137
86 139
86 142
86 143
86 144
86 146
86 149
86 157
86 159
86 162
86 165
86 167
86 169
86 172
86 174
86 178
86 183
86 184
86 187
86 189
86 196
86 197
86 199
86 200
86 202
86 208
86 214
86 216
86 219
86 221
86 224
86 227
86 228
86 233
86 239
86 244
86 246
86 258
86 265
86 267
86 274
86 275
86 276
86 277
86 278
86 279
86 283
86 284
86 297
86 299
87 90
87 91
87 93
87 96
87 98
87 100
87 105
87 117
87 122
87 124
87 126
87 127
87 128
87 138
87 141
87 143
87 144
87 148
87 150
87 153
87 154
87 159
87 162
87 171
87 175
87 179
87 180
87 186
87 190
87 193
87 199
87 201
87 204
87 205
87 208
87 211
87 213
87 215
87 219
87 220
87 221
87 225
87 234
87 235
87 237
87 238
87 242
87 248
87 251
87 252
87 253
87 255
87 259
87 270
87 281
87 285
87 288
87 289
88 89
88 92
88 95
88 96
88 98
88 99
88 101
88 109
88 111
88 114
88 115
88 117
88 118
88 121
88 122
88 123
88 125
88 126
88 129
88 132
88 135
88 138
88 140
88 145
88 150
88 156
88 162
88 165
88 176
88 183
88 194
88 197
88 198
88 201
88 202
88 203
88 205
88 206
88 207
88 211
88 213
88 220
88 221
88 222
88 226
88 233
88 235
88 240
88 241
88 248
88 258
88 260
88 263
88 268
88 272
88 273
88 274
88 286
88 298
89 95
89 100
89 101
89 105
89 106
89 109
89 110
89 114
89 115
89 118
89 121
89 123
89 127
89 132
89 135
89 139
89 143
89 146
89 149
89 150
89 152
89 156
89 157
89 159
89 160
89 164
89 177
89 185
89 197
89 205
89 207
89 208
89 216
89 217
89 221
89 223
89 224
89 231
89 237
89 239
89 244
89 246
89 248
89 254
89 261
89 265
89 267
89 268
89 270
89 279
89 289
89 293
90 93
90 95
90 96
90 106
90 111
90 112
90 119
90 122
90 123
90 126
90 132
90 133
90 134
90 135
90 136
90 139
90 140
90 143
90 148
90 151
90 153
90 158
90 165
90 166
90 169
90 171
90 172
90 174
90 175
90 178
90 182
90 186
90 188
90 189
90 211
90 213
90 234
90 239
90 243
90 247
90 248
90 249
90 255
90 259
90 265
90 276
90 285
90 287
90 288
90 289
90 290
90 292
90 299
91 94
91 96
91 101
91 104
91 106
91 108
91 109
91 111
91 113
91 117
91 118
91 125
91 128
91 130
91 132
91 135
91 137
91 138
91 141
91 145
91 146
91 155
91 159
91 171
91 178
91 180
91 184
91 191
91 196
91 202
91 204
91 211
91 215
91 226
91 228
91 235
91 236
91 237
91 240
91 245
91 258
91 261
91 265
91 271
91 275
91 277
91 292
92 94
92 99
92 100
92 103
92 104
92 107
92 108
92 109
92 110
92 111
92 113
92 115
92 119
92 120
92 125
92 127
92 132
92 138
92 140
92 141
92 148
92 149
92 154
92 158
92 160
92 174
92 181
92 186
92 190
92 205
92 220
92 223
92 231
92 232
92 240
92 243
92 245
92 247
92 248
92 250
92 251
92 259
92 269
92 274
92 277
92 280
92 289
92 296
92 298
93 95
93 96
93 98
93 103
93 104
93 107
93 108
93 109
93 111
93 116
93 120
93 131
93 133
93 139
93 142
93 147
93 148
93 158
93 162
93 165
93 168
93 185
93 191
93 205
93 211
93 218
93 219
93 221
93 240
93 253
93 259
93 260
93 269
93 277
93 283
93 292
93 294
94 96
94 98
94 99
94 103
94 104
94 105
94 106
94 107
94 110
94 113
94 114
94 121
94 122
94 128
94 129
94 138
94 140
94 146
94 157
94 158
94 163
94 166
94 169
94 170
94 182
94 183
94 185
94 190
94 202
94 203
94 204
94 216
94 217
94 220
94 222
94 223
94 227
94 238
94 239
94 249
94 251
94 258
94 259
94 276
94 286
94 289
94 290
94 293
94 294
94 295
95 98
95 104
95 107
95 108
95 110
95 113
95 116
95 117
95 118
95 121
95 124
95 125
95 127
95 130
95 137
95 139
95 145
95 173
95 175
95 176
95 199
95 204
95 205
95 207
95 215
95 221
95 228
95 230
95 236
95 237
95 238
95 240
95 245
95 250
95 252
95 257
95 263
95 278
95 280
95 283
95 293
96 97
96 99
96 101
96 108
96 113
96 126
96 128
96 129
96 135
96 142
96 143
96 144
96 147
96 153
96 156
96 161
96 166
96 174
96 179
96 182
96 186
96 189
96 191
96 202
96 203
96 207
96 212
96 214
96 215
96 221
96 242
96 249
96 254
96 259
96 261
96 269
96 273
96 274
96 276
96 284
96 291
96 293
96 296
97 99
97 108
97 109
97 113
97 115
97 116
97 117
97 125
97 143
97 149
97 150
97 152
97 155
97 157
97 206
97 207
97 223
97 228
97 248
97 249
97 252
97 260
97 261
97 263
97 266
97 267
97 273
97 296
97 297
98 100
98 106
98 107
98 111
98 113
98 116
98 120
98 126
98 128
98 129
98 130
98 133
98 141
98 142
98 150
98 152
98 163
98 167
98 168
98 169
98 170
98 171
98 172
98 182
98 183
98 186
98 189
98 192
98 201
98 202
98 204
98 208
98 209
98 217
98 220
98 224
98 228
98 236
98 237
98 249
98 262
98 263
98 266
98 269
98 277
98 281
98 283
99 100
99 102
99 103
99 106
99 110
99 121
99 122
99 124
99 132
99 135
99 136
99 138
99 139
99 141
99 158
99 160
99 164
99 165
99 169
99 172
99 173
99 176
99 178
99 186
99 188
99 195
99 196
99 203
99 221
99 222
99 226
99 230
99 237
99 239
99 243
99 252
99 256
99 272
99 278
99 281
99 282
99 286
99 289
99 294
100 103
100 112
100 113
100 115
100 116
100 122
100 129
100 134
100 135
100 142
100 148
100 151
100 152
100 153
100 155
100 167
100 170
100 171
100 172
100 173
100 181
100 186
100 192
100 193
100 194
100 195
100 197
100 202
100 206
100 209
100 215
100 233
100 241
100 243
100 252
100 253
100 276
100 279
100 280
100 290
100 296
101 111
101 112
101 115
101 116
101 123
101 129
101 135
101 151
101 156
101 169
101 170
101 184
101 213
101 217
101 219
101 226
101 227
101 228
101 252
101 262
101 263
101 265
101 268
102 103
102 107
102 110
102 115
102 116
102 127
102 129
102 130
102 137
102 146
102 153
102 155
102 159
102 166
102 168
102 169
102 171
102 172
102 174
102 177
102 182
102 183
102 184
102 185
102 186
102 200
102 204
102 209
102 214
102 221
102 226
102 240
102 242
102 252
102 264
102 270
102 272
102 273
102 281
102 289
102 295
102 298
103 104
103 105
103 106
103 110
103 112
103 114
103 124
103 130
103 140
103 141
103 143
103 144
103 147
103 148
103 150
103 156
103 157
103 159
103 163
103 166
103 169
103 175
103 182
103 188
103 193
103 195
103 196
103 201
103 211
103 215
103 216
103 219
103 231
103 233
103 234
103 237
103 238
103 240
103 241
103 245
103 248
103 250
103 254
103 264
103 272
103 277
103 280
103 282
103 285
103 287
103 292
103 298
103 299
104 105
104 106
104 109
104 113
104 117
104 120
104 123
104 126
104 127
104 132
104 133
104 135
104 136
104 137
104 138
104 163
104 165
104 170
104 173
104 177
104 182
104 184
104 186
104 189
104 191
104 193
104 194
104 198
104 206
104 210
104 215
104 216
104 227
104 230
104 241
104 242
104 249
104 254
104 259
104 268
104 271
104 274
104 275
104 289
104 290
104 291
104 297
105 106
105 107
105 110
105 111
105 112
105 116
105 118
105 120
105 124
105 133
105 138
105 139
105 140
105 141
105 144
105 150
105 155
105 161
105 162
105 165
105 166
105 170
105 178
105 179
105 183
105 186
105 188
105 191
105 193
105 205
105 209
105 211
105 219
105 230
105 233
105 235
105 236
105 242
105 255
105 261
105 263
105 264
105 271
105 275
105 277
105 283
105 285
105 289
105 290
105 295
106 108
106 111
106 113
106 119
106 121
106 131
106 132
106 133
106 135
106 137
106 139
106 140
106 141
106 142
106 153
106 161
106 162
106 165
106 167
106 173
106 186
106 187
106 189
106 191
106 197
106 203
106 207
106 216
106 221
106 225
106 227
106 244
106 246
106 254
106 267
106 272
106 275
106 284
106 299
107 110
107 111
107 120
107 126
107 130
107 132
107 133
107 141
107 142
107 145
107 149
107 151
107 152
107 156
107 160
107 164
107 166
107 169
107 170
107 171
107 178
107 180
107 182
107 184
107 198
107 199
107 205
107 218
107 219
107 220
107 223
107 224
107 230
107 237
107 247
107 249
107 252
107 255
107 256
107 257
107 260
107 270
107 274
107 275
107 284
107 298
108 112
108 114
108 116
108 120
108 122
108 123
108 128
108 133
108 134
108 142
108 152
108 153
108 158
108 159
108 160
108 170
108 172
108 177
108 188
108 200
108 214
108 220
108 222
108 223
108 234
108 245
108 246
108 267
108 274
108 288
108 292
109 115
109 122
109 124
109 129
109 137
109 138
109 145
109 151
109 155
109 171
109 172
109 173
109 184
109 187
109 193
109 198
109 200
109 202
109 207
109 210
109 213
109 219
109 221
109 225
109 228
109 229
109 238
109 239
109 244
109 246
109 248
109 250
109 257
109 258
109 262
109 267
109 280
109 290
109 292
109 293
109 297
110 113
110 114
110 123
110 124
110 132
110 137
110 138
110 141
110 159
110 164
110 166
110 167
110 169
110 173
110 181
110 182
110 187
110 188
110 189
110 190
110 206
110 213
110 214
110 215
110 226
110 235
110 238
110 239
110 242
110 243
110 248
110 251
110 263
110 269
110 271
110 277
110 280
110 281
110 282
110 285
110 288
110 290
110 291
110 294
111 112
111 118
111 130
111 141
111 143
111 145
111 146
111 147
111 148
111 149
111 150
111 152
111 154
111 155
111 160
111 165
111 166
111 171
111 173
111 177
111 179
111 180
111 190
111 193
111 200
111 205
111 206
111 212
111 213
111 214
111 221
111 222
111 225
111 229
111 230
111 239
111 242
111 247
111 263
111 264
111 272
111 275
111 284
111 291
112 113
112 114
112 117
112 121
112 123
112 124
112 130
112 131
112 132
112 136
112 138
112 141
112 148
112 150
112 174
112 177
112 178
112 188
112 190
112 198
112 208
112 212
112 218
112 225
112 232
112 241
112 243
112 244
112 245
112 249
112 251
112 255
112 266
112 273
112 291
113 123
113 125
113 128
113 135
113 139
113 144
113 152
113 153
113 172
113 174
113 191
113 201
113 214
113 215
113 218
113 220
113 229
113 238
113 248
113 255
113 262
114 116
114 118
114 122
114 125
114 130
114 134
114 135
114 137
114 138
114 143
114 149
114 150
114 152
114 157
114 159
114 160
114 176
114 184
114 185
114 190
114 192
114 194
114 196
114 208
114 220
114 224
114 225
114 228
114 229
114 242
114 247
114 251
114 255
114 262
114 264
114 271
114 272
114 283
114 285
115 116
115 130
115 131
115 147
115 151
115 153
115 155
115 157
115 158
115 159
115 160
115 165
115 167
115 183
115 186
115 194
115 198
115 214
115 225
115 228
115 233
115 239
115 242
115 243
115 246
115 253
115 254
115 257
115 271
115 272
115 278
115 280
115 285
115 294
115 295
115 296
115 298
116 120
116 121
116 122
116 123
116 129
116 146
116 151
116 153
116 159
116 163
116 164
116 165
116 177
116 178
116 183
116 184
116 189
116 194
116 196
116 198
116 201
116 206
116 207
116 211
116 223
116 225
116 232
116 243
116 253
116 256
116 257
116 266
116 282
116 285
116 286
116 294
117 120
117 126
117 127
117 133
117 135
117 136
117 151
117 154
117 155
117 161
117 168
117 174
117 177
117 178
117 181
117 184
117 189
117 193
117 194
117 196
117 201
117 218
117 221
117 227
117 230
117 232
117 236
117 238
117 239
117 240
117 245
117 247
117 248
117 250
117 257
117 258
117 259
117 262
117 266
117 267
117 270
117 276
117 278
117 295
118 121
118 127
118 130
118 148
118 149
118 152
118 155
118 156
118 171
118 177
118 186
118 189
118 193
118 196
118 197
118 199
118 200
118 202
118 204
118 205
118 215
118 219
118 222
118 223
118 236
118 238
118 239
118 249
118 272
118 276
118 279
118 290
119 121
119 122
119 129
119 134
119 137
119 149
119 154
119 161
119 165
119 168
119 175
119 182
119 191
119 195
119 198
119 199
119 202
119 203
119 209
119 216
119 220
119 222
119 235
119 242
119 247
119 254
119 261
119 262
119 263
119 275
119 281
119 287
120 124
120 127
120 129
120 133
120 134
120 139
120 144
120 147
120 149
120 153
120 156
120 157
120 158
120 159
120 164
120 166
120 168
120 169
120 182
120 183
120 187
120 196
120 199
120 200
120 210
120 213
120 216
120 232
120 234
120 246
120 252
120 259
120 260
120 261
120 264
120 277
120 279
120 281
120 296
120 299
121 137
121 145
121 146
121 151
121 160
121 163
121 166
121 167
121 176
121 179
121 182
121 191
121 201
121 213
121 220
121 225
121 229
121 234
121 236
121 238
121 240
121 246
121 268
121 271
121 287
121 290
121 299
122 125
122 131
122 132
122 134
122 136
122 160
122 173
122 188
122 194
122 202
122 203
122 208
122 209
122 210
122 211
122 234
122 258
122 264
122 269
122 272
122 296
123 124
123 140
123 143
123 154
123 157
123 167
123 169
123 174
123 179
123 180
123 181
123 187
123 192
123 197
123 202
123 222
123 224
123 231
123 234
123 237
123 243
123 245
123 248
123 252
123 267
123 272
123 276
123 293
123 296
123 299
124 130
124 141
124 145
124 152
124 158
124 160
124 163
124 176
124 181
124 196
124 205
124 211
124 214
124 216
124 218
124 250
124 265
124 270
124 289
124 293
125 131
125 135
125 146
125 157
125 159
125 168
125 169
125 170
125 171
125 194
125 207
125 215
125 217
125 222
125 240
125 246
125 270
125 278
125 285
125 290
125 293
125 295
126 133
126 152
126 155
126 157
126 163
126 165
126 176
126 179
126 189
126 207
126 208
126 219
126 231
126 232
126 235
126 238
126 260
126 265
126 266
126 270
126 281
126 298
126 299
127 130
127 134
127 139
127 144
127 146
127 150
127 152
127 160
127 162
127 165
127 171
127 186
127 195
127 196
127 198
127 199
127 212
127 217
127 227
127 230
127 244
127 258
127 266
127 271
127 285
127 287
128 131
128 134
128 151
128 158
128 159
128 162
128 170
128 172
128 175
128 179
128 181
128 183
128 184
128 187
128 194
128 195
128 202
128 204
128 213
128 218
128 221
128 222
128 223
128 226
128 237
128 241
128 244
128 260
128 290
128 292
129 132
129 133
129 135
129 136
129 141
129 143
129 144
129 148
129 149
129 151
129 153
129 160
129 178
129 179
129 184
129 200
129 201
129 204
129 209
129 212
129 215
129 227
129 235
129 246
129 249
129 250
129 254
129 259
129 265
129 271
129 282
129 283
129 285
129 288
129 291
129 292
129 293
130 134
130 137
130 141
130 155
130 156
130 170
130 171
130 172
130 175
130 177
130 182
130 195
130 199
130 203
130 214
130 215
130 216
130 222
130 225
130 231
130 232
130 239
130 241
130 242
130 252
130 266
130 268
130 278
130 282
130 292
130 297
131 136
131 137
131 146
131 151
131 152
131 153
131 163
131 166
131 167
131 171
131 177
131 179
131 184
131 189
131 194
131 214
131 217
131 225
131 228
131 236
131 237
131 240
131 251
131 253
131 258
131 262
131 263
131 268
131 273
131 274
131 278
131 283
131 292
132 138
132 139
132 143
132 154
132 155
132 156
132 160
132 177
132 185
132 188
132 195
132 197
132 204
132 206
132 210
132 227
132 241
132 248
132 251
132 252
132 258
132 271
132 272
132 273
132 280
132 281
132 290
132 297
132 299
133 134
133 135
133 140
133 144
133 150
133 153
133 156
133 159
133 163
133 164
133 171
133 180
133 184
133 187
133 209
133 210
133 211
133 213
133 224
133 231
133 241
133 249
133 250
133 253
133 255
133 261
133 263
133 269
133 271
133 279
133 294
134 140
134 142
134 143
134 153
134 173
134 179
134 180
134 189
134 192
134 197
134 203
134 205
134 229
134 230
134 237
134 260
134 261
134 266
134 275
134 278
134 283
134 287
134 293
135 138
135 144
135 145
135 146
135 147
135 148
135 154
135 156
135 157
135 162
135 170
135 175
135 179
135 181
135 185
135 190
135 197
135 207
135 209
135 211
135 212
135 220
135 238
135 240
135 255
135 262
135 270
135 276
135 277
135 286
135 291
136 146
136 148
136 160
136 167
136 173
136 175
136 186
136 189
136 191
136 192
136 194
136 197
136 215
136 217
136 221
136 224
136 231
136 232
136 234
136 238
136 248
136 259
136 260
136 263
136 276
136 287
136 294
136 295
136 296
136 298
136 299
137 150
137 160
137 166
137 170
137 193
137 208
137 210
137 227
137 246
137 256
137 267
137 288
138 144
138 152
138 154
138 163
138 168
138 178
138 197
138 200
138 202
138 211
138 237
138 246
138 257
138 292
138 297
139 140
139 141
139 142
139 148
139 150
139 152
139 158
139 164
139 188
139 189
139 192
139 194
139 196
139 198
139 204
139 207
139 209
139 218
139 220
139 222
139 232
139 236
139 251
139 253
139 255
139 257
139 271
139 282
139 292
139 295
139 298
140 142
140 143
140 145
140 146
140 148
140 152
140 153
140 158
140 160
140 173
140 186
140 211
140 213
140 218
140 225
140 226
140 227
140 232
140 233
140 237
140 240
140 241
140 242
140 245
140 247
140 258
140 262
140 278
140 279
140 284
140 287
140 295
141 143
141 144
141 150
141 165
141 168
141 180
141 181
141 185
141 201
141 203
141 208
141 217
141 219
141 228
141 255
141 262
141 267
141 274
141 278
141 279
141 283
141 293
142 144
142 146
142 147
142 150
142 151
142 154
142 155
142 156
142 163
142 165
142 166
142 178
142 185
142 186
142 190
142 191
142 195
142 199
142 205
142 208
142 214
142 217
142 220
142 222
142 235
142 254
142 255
142 258
142 264
142 270
142 277
142 286
143 153
143 155
143 157
143 162
143 163
143 164
143 166
143 173
143 184
143 194
143 198
143 217
143 226
143 243
143 245
143 249
143 250
143 252
143 258
143 263
143 273
143 276
143 282
143 299
144 147
144 148
144 149
144 152
144 155
144 158
144 159
144 191
144 192
144 193
144 212
144 249
144 258
144 262
144 279
144 280
144 281
144 295
145 146
145 148
145 153
145 157
145 160
145 164
145 165
145 170
145 176
145 179
145 189
145 193
145 200
145 211
145 213
145 217
145 218
145 225
145 226
145 229
145 231
145 240
145 244
145 246
145 260
145 262
145 263
145 265
145 266
145 267
145 272
145 276
145 282
145 289
145 294
146 163
146 172
146 175
146 180
146 185
146 193
146 197
146 207
146 238
146 240
146 241
146 252
146 253
146 254
146 255
146 261
146 269
146 274
146 281
146 282
146 283
146 293
146 294
147 163
147 173
147 174
147 176
147 178
147 179
147 181
147 184
147 187
147 188
147 191
147 199
147 201
147 203
147 205
147 220
147 231
147 232
147 234
147 236
147 248
147 249
147 252
147 257
147 260
147 266
147 268
147 286
147 290
147 293
147 294
147 298
148 153
148 167
148 170
148 175
148 177
148 178
148 180
148 185
148 189
148 195
148 199
148 205
148 221
148 225
148 254
148 261
148 276
148 277
148 287
148 294
149 150
149 166
149 169
149 171
149 174
149 175
149 181
149 189
149 197
149 205
149 210
149 216
149 217
149 220
149 224
149 243
149 245
149 261
149 263
149 265
149 267
149 271
149 284
149 291
150 159
150 162
150 164
150 183
150 187
150 199
150 200
150 204
150 208
150 224
150 227
150 228
150 244
150 249
150 253
150 265
150 268
150 271
150 283
150 285
150 298
151 153
151 154
151 155
151 161
151 162
151 163
151 164
151 165
151 168
151 172
151 179
151 197
151 200
151 203
151 208
151 212
151 224
151 225
151 247
151 251
151 261
151 262
151 263
151 271
151 284
151 292
152 154
152 164
152 172
152 177
152 181
152 185
152 210
152 224
152 226
152 227
152 231
152 238
152 245
152 254
152 262
152 263
152 282
152 289
152 295
153 158
153 161
153 172
153 191
153 199
153 209
153 217
153 220
153 223
153 226
153 228
153 230
153 235
153 236
153 244
153 247
153 248
153 251
153 252
153 255
153 256
153 260
153 263
153 265
153 267
153 283
153 286
153 289
154 163
154 164
154 169
154 173
154 190
154 215
154 219
154 224
154 234
154 256
154 257
154 267
154 277
154 291
154 293
155 164
155 165
155 168
155 182
155 191
155 194
155 198
155 202
155 220
155 226
155 227
155 234
155 241
155 248
155 257
155 263
155 265
155 280
155 289
155 296
156 159
156 161
156 167
156 177
156 180
156 188
156 197
156 199
156 201
156 205
156 207
156 208
156 213
156 217
156 224
156 233
156 237
156 246
156 250
156 252
156 256
156 280
156 298
157 161
157 164
157 167
157 169
157 175
157 176
157 182
157 183
157 185
157 195
157 196
157 197
157 204
157 205
157 206
157 207
157 209
157 212
157 220
157 221
157 225
157 238
157 241
157 260
157 273
157 278
157 285
157 289
157 291
157 294
157 296
158 162
158 166
158 167
158 176
158 180
158 185
158 192
158 193
158 194
158 202
158 206
158 213
158 214
158 225
158 234
158 241
158 250
158 256
158 267
158 273
158 274
158 280
158 283
158 287
158 293
159 166
159 176
159 178
159 184
159 191
159 194
159 209
159 215
159 216
159 228
159 232
159 250
159 252
159 257
159 261
159 292
159 298
159 299
160 165
160 176
160 179
160 186
160 194
160 201
160 213
160 216
160 240
160 245
160 247
160 251
160 275
160 285
160 286
160 288
160 299
161 164
161 169
161 175
161 184
161 217
161 228
161 234
161 239
161 246
161 247
161 249
161 261
161 266
161 270
162 164
162 168
162 172
162 173
162 176
162 177
162 189
162 200
162 202
162 207
162 210
162 233
162 247
162 254
162 263
162 274
162 279
162 288
162 298
162 299
163 167
163 170
163 172
163 177
163 179
163 180
163 182
163 207
163 221
163 224
163 230
163 238
163 245
163 293
163 299
164 167
164 168
164 176
164 190
164 191
164 196
164 197
164 200
164 208
164 209
164 235
164 241
164 259
164 266
164 274
164 294
164 296
165 168
165 176
165 181
165 202
165 206
165 207
165 209
165 211
165 216
165 227
165 237
165 238
165 252
165 262
165 284
165 296
165 299
166 181
166 182
166 189
166 193
166 194
166 212
166 216
166 232
166 235
166 243
166 249
166 257
166 267
166 271
166 276
166 282
166 289
166 290
166 297
167 171
167 182
167 185
167 188
167 191
167 193
167 198
167 199
167 200
167 201
167 203
167 214
167 225
167 226
167 228
167 252
167 254
167 275
168 178
168 187
168 188
168 195
168 196
168 199
168 202
168 210
168 213
168 224
168 225
168 228
168 241
168 244
168 256
168 258
168 273
168 284
168 287
169 187
169 188
169 217
169 227
169 232
169 247
169 250
169 254
169 280
169 283
170 171
170 173
170 175
170 178
170 184
170 189
170 195
170 206
170 212
170 214
170 227
170 233
170 257
170 258
170 288
171 180
171 189
171 205
171 207
171 212
171 216
171 219
171 228
171 236
171 240
171 253
171 293
171 295
172 175
172 176
172 191
172 192
172 206
172 208
172 213
172 238
172 251
172 254
172 255
172 261
172 266
172 269
172 272
172 274
172 286
172 295
173 177
173 179
173 183
173 188
173 192
173 199
173 211
173 213
173 224
173 245
173 247
173 249
173 254
173 272
173 289
173 292
173 296
174 180
174 184
174 191
174 194
174 210
174 229
174 233
174 245
174 247
174 257
174 258
174 276
174 286
174 294
175 178
175 181
175 190
175 203
175 218
175 229
175 234
175 240
175 241
175 249
175 254
175 260
175 262
175 267
175 274
175 281
175 294
176 181
176 188
176 199
176 207
176 211
176 217
176 224
176 232
176 235
176 283
176 284
177 180
177 187
177 201
177 203
177 219
177 239
177 242
177 243
177 262
177 264
177 272
177 294
177 295
177 298
178 187
178 195
178 201
178 205
178 206
178 212
178 230
178 239
178 256
178 270
178 274
178 277
178 278
178 288
178 292
178 295
179 196
179 202
179 230
179 250
179 255
179 259
179 275
179 286
180 181
180 183
180 185
180 197
180 202
180 219
180 231
180 260
180 274
180 289
180 291
181 195
181 197
181 201
181 209
181 213
181 214
181 219
181 222
181 241
181 258
181 264
181 270
182 216
182 233
182 236
182 237
182 242
182 254
182 281
182 297
183 184
183 193
183 199
183 204
183 210
183 214
183 219
183 232
183 244
183 247
183 289
183 290
183 291
183 299
184 191
184 210
184 219
184 222
184 224
184 227
184 236
184 239
184 243
184 251
184 259
184 265
184 266
184 269
184 274
184 277
184 278
184 286
184 296
184 298
185 187
185 194
185 195
185 205
185 218
185 223
185 243
185 253
185 256
185 261
185 263
185 275
185 282
186 192
186 195
186 203
186 208
186 223
186 225
186 226
186 233
186 241
186 250
186 253
186 259
186 265
186 277
186 291
186 294
187 189
187 190
187 195
187 198
187 200
187 201
187 204
187 212
187 213
187 215
187 229
187 230
187 235
187 239
187 270
187 272
187 273
187 277
187 296
188 205
188 214
188 218
188 227
188 230
188 239
188 252
188 258
188 260
188 272
188 284
189 195
189 197
189 204
189 208
189 235
189 252
189 266
189 276
189 284
189 295
190 191
190 198
190 200
190 203
190 205
190 206
190 236
190 256
190 261
190 265
190 267
190 269
190 279
190 282
190 289
191 192
191 198
191 206
191 207
191 212
191 213
191 216
191 223
191 230
191 234
191 250
191 251
191 260
191 261
191 264
191 266
191 267
191 291
192 194
192 197
192 204
192 216
192 223
192 241
192 251
192 257
192 290
193 196
193 216
193 220
193 221
193 231
193 262
193 282
193 290
193 293
194 199
194 211
194 229
194 240
194 276
194 280
194 281
194 284
194 287
194 288
194 289
194 292
194 296
195 200
195 204
195 207
195 222
195 223
195 225
195 227
195 230
195 241
195 242
195 243
195 246
195 256
195 280
195 282
195 291
196 201
196 206
196 208
196 220
196 225
196 228
196 249
196 269
196 270
197 203
197 205
197 210
197 215
197 220
197 221
197 225
197 238
197 251
197 256
197 264
198 204
198 217
198 224
198 234
198 240
198 245
198 256
198 259
198 275
198 277
198 279
198 281
198 284
199 202
199 230
199 242
199 243
199 244
199 246
199 256
199 261
199 269
199 278
199 279
199 294
199 299
200 206
200 207
200 211
200 214
200 215
200 218
200 225
200 228
200 230
200 247
200 250
200 273
200 274
200 278
200 284
200 288
200 291
201 204
201 206
201 219
201 221
201 235
201 240
201 250
201 263
201 264
201 284
202 206
202 209
202 218
202 255
202 261
202 277
202 287
202 288
202 297
203 206
203 209
203 218
203 230
203 264
204 210
204 218
204 222
204 224
204 227
204 230
204 231
204 236
204 238
204 245
204 255
204 257
204 258
204 259
204 275
204 283
204 286
204 293
204 296
204 298
205 212
205 231
205 246
205 255
205 261
205 264
205 269
205 284
206 210
206 212
206 213
206 216
206 217
206 219
206 221
206 222
206 233
206 234
206 242
206 252
206 254
206 257
206 283
206 286
206 293
206 298
207 217
207 220
207 225
207 237
207 246
207 253
207 262
207 265
207 271
207 276
207 280
207 287
208 209
208 213
208 239
208 240
208 256
208 263
208 269
208 271
208 296
209 212
209 218
209 222
209 233
209 234
209 242
209 243
209 253
209 260
209 263
209 267
209 269
209 278
209 279
209 293
210 233
210 236
210 243
210 250
210 270
210 274
210 275
211 212
211 215
211 223
211 235
211 251
211 253
211 280
211 297
212 224
212 228
212 242
212 243
212 248
212 252
212 262
212 273
212 288
213 214
213 226
213 247
213 275
213 295
214 221
214 223
214 224
214 229
214 256
214 258
214 269
214 276
214 288
214 289
215 223
215 245
215 247
215 250
215 266
215 278
215 291
216 229
216 256
216 260
216 267
216 268
216 271
216 272
216 285
216 297
217 222
217 226
217 229
217 236
217 237
217 251
217 254
217 260
217 280
217 286
217 295
218 222
218 231
218 234
218 240
218 245
218 248
218 253
218 254
218 268
218 270
218 281
218 287
218 290
218 292
219 226
219 228
219 245
219 253
219 256
219 257
219 265
219 270
219 278
219 280
219 285
220 238
220 243
220 245
220 246
220 252
220 273
220 275
220 291
220 294
221 226
221 228
221 233
221 235
221 255
221 257
221 271
221 277
222 230
222 233
222 238
222 258
222 265
223 227
223 263
223 266
223 271
223 278
223 288
223 296
224 231
224 233
224 250
224 256
224 274
224 283
224 286
224 294
225 228
225 230
225 241
225 255
225 273
225 282
225 286
225 295
226 230
226 239
226 249
226 253
226 270
226 273
226 284
226 286
226 287
226 290
226 297
226 298
227 233
227 237
227 244
227 248
227 251
227 272
227 275
228 230
228 250
228 255
228 261
228 263
228 291
228 295
228 298
229 264
229 277
229 292
230 242
230 253
230 268
230 274
230 294
231 239
231 251
231 286
232 233
232 234
232 249
232 267
232 274
232 282
232 293
233 265
233 267
233 281
233 294
234 242
234 247
234 251
234 265
234 271
234 273
234 288
234 293
235 247
235 249
235 275
235 277
235 297
236 248
236 258
236 278
236 283
236 284
237 285
238 243
238 249
238 255
238 267
238 289
238 290
239 254
239 256
239 262
239 278
240 244
240 250
240 273
240 282
241 244
241 248
241 250
241 254
241 264
241 266
241 269
241 273
241 288
242 244
242 246
242 276
242 289
242 291
242 292
243 244
243 245
243 253
243 259
243 265
243 278
243 279
243 285
243 295
244 269
244 275
244 291
245 246
245 267
245 286
245 299
246 256
246 258
246 269
246 276
246 277
246 281
247 251
247 253
247 258
247 262
247 283
247 295
248 254
248 256
248 264
248 273
248 279
248 281
249 253
249 269
249 270
249 276
249 281
249 289
250 266
250 267
250 274
250 276
250 278
250 282
251 257
251 262
251 268
251 289
251 296
252 274
252 275
252 299
253 299
254 272
254 274
254 289
254 297
255 260
255 282
255 286
255 287
255 294
256 283
256 295
257 260
257 263
257 271
258 283
258 289
258 295
259 266
259 281
259 284
259 299
260 273
260 286
261 274
261 282
261 285
261 287
262 264
262 266
262 268
262 269
262 272
262 288
262 290
262 295
263 266
263 269
263 281
264 286
264 296
265 288
265 290
265 291
266 274
266 298
268 278
268 280
269 283
270 271
271 274
272 288
273 275
273 283
273 286
273 298
274 282
274 287
275 288
275 292
276 284
276 289
277 291
278 282
278 288
278 289
278 292
278 299
280 299
281 298
282 284
283 284
283 285
283 287
285 286
285 292
285 299
286 290
286 292
289 296
289 297
290 292
290 296
297 299
