0 1 2
0 2 37
0 3 51
0 4 50
0 5 50
0 6 1
0 7 14
0 8 32
0 9 15
0 10 2
0 11 22
0 12 88
0 13 42
0 14 14
0 15 25
0 16 14
0 17 9
0 18 40
0 19 35
0 20 50
0 21 17
0 22 32
0 23 88
0 24 38
0 25 96
0 26 74
0 27 4
0 28 97
0 29 70
0 30 71
0 31 58
0 32 14
0 33 90
0 34 14
0 35 67
0 36 96
0 37 55
0 38 56
0 39 71
0 40 95
0 41 39
0 42 63
0 43 70
0 44 57
0 45 83
0 46 64
0 48 47
0 49 77
0 50 95
0 51 38
0 52 81
0 53 84
0 54 99
0 55 11
0 56 17
0 59 8
0 61 53
0 62 7
0 64 95
0 65 50
0 66 65
0 67 21
0 69 87
0 70 93
0 73 98
0 74 99
0 75 19
0 76 67
0 77 25
0 78 59
0 81 88
0 87 80
0 88 91
0 89 5
0 90 76
0 97 59
0 100 35
0 101 8
0 103 47
0 104 17
0 108 62
0 109 44
0 113 50
0 115 60
0 116 48
0 117 15
0 118 44
0 119 90
0 120 88
0 124 98
0 125 19
0 126 93
0 127 69
0 130 40
0 131 71
0 133 29
0 134 93
0 135 32
0 136 4
0 138 99
0 139 65
0 140 5
0 142 64
0 144 18
0 146 47
0 150 28
0 153 6
0 154 41
0 159 4
0 163 68
0 164 17
0 165 24
0 166 80
0 168 18
0 172 17
0 174 13
0 177 14
0 180 8
0 184 36
0 185 64
0 186 49
0 192 88
0 198 70
1 34 36
1 35 81
1 37 4
1 38 27
1 39 78
1 40 91
1 41 48
1 42 3
1 43 8
1 44 38
1 45 91
1 47 20
1 48 81
1 49 35
1 50 1
1 51 45
1 53 22
1 56 50
1 57 73
1 59 42
1 60 32
1 61 22
1 62 55
1 63 22
1 64 4
1 65 24
1 66 82
1 67 73
1 68 52
1 69 42
1 70 52
1 72 59
1 73 84
1 75 50
1 76 1
1 77 44
1 81 34
1 84 74
1 85 58
1 90 56
1 92 14
1 101 31
1 103 15
1 104 98
1 105 6
1 123 23
1 125 56
1 129 14
1 132 97
1 133 62
1 135 72
1 137 50
1 138 57
1 140 19
1 142 79
1 143 11
1 146 100
1 149 54
1 150 4
1 159 29
1 160 29
1 163 11
1 164 70
1 165 50
1 169 15
1 177 64
1 178 82
1 188 4
2 34 3
2 35 51
2 36 84
2 37 9
2 40 36
2 41 80
2 42 60
2 43 76
2 44 1
2 45 27
2 46 82
2 48 11
2 49 94
2 50 92
2 51 16
2 52 52
2 54 99
2 56 14
2 62 91
2 68 12
2 69 7
2 72 85
2 75 74
2 79 55
2 81 46
2 88 27
2 94 77
2 96 58
2 102 73
2 103 32
2 105 81
2 108 80
2 111 37
2 112 50
2 116 93
2 124 97
2 139 55
2 144 53
2 145 5
2 148 91
2 155 89
2 158 25
2 163 57
2 165 53
2 166 2
2 167 51
2 170 58
2 189 82
2 192 85
2 195 8
2 198 8
3 34 84
3 35 78
3 36 81
3 39 76
3 41 41
3 42 82
3 45 4
3 46 74
3 47 77
3 50 4
3 52 68
3 55 80
3 58 92
3 61 58
3 64 57
3 65 49
3 68 97
3 71 12
3 73 31
3 74 96
3 75 34
3 79 30
3 80 74
3 86 17
3 98 71
3 103 27
3 107 73
3 108 31
3 114 90
3 132 8
3 134 72
3 142 29
3 156 69
3 165 97
3 176 85
4 34 98
4 35 65
4 36 27
4 37 31
4 38 4
4 39 83
4 40 98
4 41 25
4 42 69
4 43 71
4 44 63
4 48 54
4 49 15
4 50 39
4 51 41
4 52 18
4 53 44
4 54 89
4 56 34
4 58 9
4 60 21
4 61 81
4 62 46
4 64 69
4 66 79
4 67 47
4 68 75
4 70 67
4 72 60
4 74 29
4 76 51
4 79 87
4 80 80
4 82 18
4 84 49
4 85 58
4 87 1
4 88 47
4 89 44
4 92 68
4 94 3
4 99 48
4 108 52
4 109 96
4 114 92
4 117 86
4 121 56
4 127 90
4 129 36
4 136 3
4 141 96
4 143 16
4 146 54
4 147 48
4 151 21
4 155 74
4 159 22
4 166 36
4 168 52
4 173 57
4 174 14
4 175 5
4 178 74
4 180 65
4 182 96
4 183 69
4 187 74
5 34 40
5 35 3
5 36 14
5 37 93
5 38 42
5 39 31
5 40 74
5 41 82
5 43 59
5 45 33
5 46 89
5 47 45
5 52 58
5 55 92
5 57 18
5 59 84
5 64 60
5 65 79
5 72 6
5 74 35
5 76 75
5 78 67
5 80 21
5 81 17
5 83 91
5 87 5
5 96 48
5 98 94
5 99 45
5 100 95
5 102 14
5 103 45
5 106 81
5 109 2
5 113 92
5 119 34
5 120 70
5 128 30
5 129 67
5 133 62
5 136 71
5 141 97
5 142 75
5 144 35
5 148 72
5 150 69
5 160 15
5 165 18
5 175 67
5 177 80
5 186 92
5 189 99
5 191 4
5 192 31
5 195 19
6 34 50
6 35 77
6 36 71
6 37 5
6 38 4
6 39 28
6 40 56
6 41 86
6 43 46
6 45 37
6 46 87
6 47 90
6 48 1
6 49 29
6 50 9
6 51 39
6 55 52
6 56 11
6 57 28
6 60 82
6 61 49
6 62 94
6 63 18
6 67 19
6 68 93
6 69 32
6 72 60
6 82 68
6 89 77
6 90 8
6 94 17
6 95 4
6 96 17
6 108 33
6 109 58
6 116 39
6 118 34
6 122 55
6 124 81
6 127 56
6 128 71
6 131 34
6 137 21
6 145 43
6 146 73
6 154 26
6 161 41
6 165 21
6 173 8
6 182 78
6 185 83
6 187 14
6 190 12
6 193 46
7 34 28
7 35 13
7 36 26
7 37 82
7 38 10
7 39 85
7 40 84
7 41 12
7 42 43
7 43 73
7 44 94
7 46 93
7 48 22
7 52 39
7 53 66
7 56 78
7 58 20
7 60 93
7 61 21
7 64 1
7 66 98
7 67 28
7 68 17
7 69 4
7 71 69
7 75 20
7 77 78
7 80 2
7 82 68
7 90 5
7 98 27
7 101 65
7 107 35
7 108 29
7 111 83
7 116 85
7 117 6
7 118 34
7 119 41
7 123 93
7 126 65
7 130 14
7 131 97
7 132 55
7 134 19
7 136 30
7 138 82
7 139 81
7 143 18
7 152 34
7 157 58
7 159 13
7 161 18
7 162 46
7 163 22
7 169 25
7 179 54
7 182 75
7 194 13
8 34 74
8 35 70
8 36 2
8 37 68
8 39 1
8 40 36
8 41 92
8 42 68
8 43 33
8 44 10
8 45 30
8 46 13
8 47 28
8 48 99
8 50 25
8 51 53
8 53 78
8 54 27
8 55 27
8 56 71
8 60 72
8 67 90
8 74 68
8 75 81
8 76 56
8 77 14
8 79 69
8 83 32
8 84 18
8 86 81
8 88 47
8 93 93
8 96 50
8 97 76
8 100 3
8 101 15
8 105 22
8 107 93
8 114 94
8 117 9
8 119 66
8 121 82
8 123 98
8 127 92
8 129 37
8 130 62
8 131 77
8 145 60
8 151 60
8 155 32
8 162 61
8 163 3
8 164 12
8 166 16
8 171 23
8 176 55
8 181 8
8 190 75
8 191 51
8 197 47
9 34 35
9 35 4
9 36 20
9 37 83
9 38 38
9 39 44
9 41 53
9 42 34
9 45 72
9 46 98
9 47 59
9 49 4
9 55 64
9 58 6
9 59 61
9 60 97
9 63 38
9 67 85
9 69 33
9 76 60
9 79 57
9 81 46
9 83 75
9 84 55
9 92 92
9 93 50
9 95 83
9 102 95
9 104 56
9 105 47
9 108 83
9 109 16
9 110 3
9 119 8
9 124 80
9 125 36
9 129 20
9 131 77
9 135 69
9 137 35
9 142 83
9 143 30
9 147 32
9 148 10
9 149 40
9 154 27
9 155 99
9 156 63
9 157 26
9 166 68
9 181 76
9 189 94
10 34 41
10 35 68
10 36 32
10 38 81
10 39 78
10 40 46
10 42 45
10 43 54
10 44 72
10 45 6
10 46 23
10 47 14
10 48 83
10 50 62
10 51 72
10 52 59
10 53 50
10 54 6
10 55 80
10 56 17
10 59 92
10 60 2
10 62 79
10 63 7
10 65 30
10 68 17
10 70 72
10 74 66
10 79 62
10 80 99
10 90 85
10 98 58
10 99 41
10 102 10
10 103 46
10 105 35
10 130 10
10 131 50
10 133 22
10 140 68
10 141 53
10 143 49
10 153 53
10 165 85
10 173 72
10 191 98
10 195 29
11 34 22
11 35 12
11 36 46
11 37 19
11 38 40
11 39 44
11 40 34
11 41 19
11 43 71
11 46 13
11 48 91
11 51 73
11 52 7
11 54 92
11 58 26
11 59 7
11 61 11
11 62 5
11 64 18
11 67 29
11 70 91
11 72 58
11 81 85
11 85 94
11 87 14
11 100 59
11 113 38
11 120 68
11 124 15
11 137 65
11 138 26
11 139 95
11 148 75
11 150 86
11 152 58
11 153 37
11 156 59
11 157 83
11 159 25
11 162 27
11 163 38
11 165 99
11 168 29
11 178 40
11 197 5
12 34 56
12 35 90
12 36 65
12 37 45
12 39 32
12 41 2
12 42 88
12 44 50
12 45 99
12 46 44
12 49 57
12 50 24
12 52 23
12 54 53
12 55 29
12 57 99
12 60 82
12 62 68
12 63 57
12 65 97
12 69 55
12 71 25
12 72 15
12 78 71
12 80 75
12 87 73
12 92 16
12 95 51
12 97 19
12 100 24
12 103 59
12 111 51
12 145 62
12 147 89
12 152 19
12 156 92
12 157 94
12 170 23
12 176 71
12 191 53
12 192 81
12 196 12
13 34 79
13 35 10
13 36 53
13 37 29
13 39 64
13 40 97
13 41 2
13 42 5
13 44 59
13 47 41
13 48 61
13 49 87
13 51 67
13 52 17
13 56 21
13 57 95
13 58 33
13 60 86
13 61 98
13 68 99
13 71 28
13 81 20
13 82 70
13 89 95
13 92 27
13 93 80
13 106 58
13 121 36
13 135 88
13 136 50
13 138 82
13 143 23
13 149 3
13 153 79
13 166 43
13 170 35
13 173 40
13 179 23
13 182 91
13 185 73
13 197 4
14 34 20
14 35 46
14 36 66
14 37 99
14 38 40
14 39 4
14 40 89
14 43 68
14 44 93
14 47 74
14 58 53
14 59 11
14 62 61
14 66 27
14 72 100
14 83 48
14 88 53
14 95 21
14 96 11
14 98 94
14 123 73
14 128 72
14 130 95
14 141 11
14 149 19
14 153 88
14 167 61
14 184 29
14 190 1
14 195 41
14 199 75
15 34 62
15 35 22
15 36 50
15 37 2
15 38 54
15 39 74
15 40 95
15 41 91
15 42 39
15 43 61
15 44 53
15 45 17
15 46 20
15 49 54
15 53 4
15 57 96
15 58 53
15 60 33
15 64 10
15 69 65
15 71 68
15 74 56
15 77 24
15 80 98
15 84 51
15 86 13
15 93 82
15 94 49
15 105 70
15 106 56
15 116 43
15 122 24
15 123 69
15 125 71
15 134 33
15 139 100
15 148 91
15 172 93
15 174 32
16 34 1
16 35 62
16 36 44
16 37 45
16 38 1
16 39 6
16 40 93
16 42 41
16 43 74
16 44 59
16 47 21
16 48 48
16 49 28
16 50 94
16 51 92
16 54 13
16 55 65
16 56 76
16 57 32
16 58 63
16 59 84
16 60 36
16 63 29
16 64 56
16 66 76
16 67 13
16 69 80
16 71 60
16 73 84
16 74 14
16 77 2
16 81 59
16 83 28
16 84 84
16 87 42
16 88 41
16 95 4
16 96 6
16 100 77
16 108 23
16 109 28
16 113 57
16 134 58
16 136 62
16 142 61
16 158 95
16 172 65
16 178 90
16 185 40
16 188 30
16 190 64
16 198 12
17 34 36
17 36 83
17 37 100
17 38 53
17 39 25
17 40 97
17 41 100
17 42 7
17 43 80
17 44 36
17 45 41
17 48 75
17 49 20
17 52 57
17 54 13
17 55 82
17 56 78
17 57 75
17 59 51
17 67 36
17 75 79
17 78 39
17 86 21
17 89 23
17 93 5
17 97 81
17 103 11
17 104 44
17 116 58
17 118 85
17 119 89
17 122 95
17 130 46
17 148 35
17 149 10
17 151 37
17 155 15
17 156 48
17 158 26
17 177 75
17 188 27
17 191 2
18 35 3
18 36 43
18 37 21
18 38 81
18 39 73
18 40 15
18 43 69
18 44 76
18 45 12
18 46 35
18 51 75
18 54 5
18 56 57
18 63 73
18 79 19
18 86 86
18 91 5
18 95 98
18 99 79
18 105 16
18 110 39
18 111 60
18 114 97
18 122 28
18 131 97
18 132 89
18 142 70
18 144 10
18 154 90
18 170 19
18 176 51
18 183 8
18 185 2
18 189 30
18 193 82
18 199 96
19 34 23
19 35 37
19 36 51
19 37 57
19 38 34
19 39 40
19 40 91
19 41 99
19 42 33
19 43 72
19 44 80
19 45 85
19 46 24
19 47 13
19 48 2
19 49 94
19 56 35
19 57 28
19 59 43
19 60 69
19 64 92
19 67 30
19 71 17
19 72 65
19 73 13
19 75 4
19 77 75
19 82 40
19 83 74
19 84 96
19 85 22
19 88 15
19 92 66
19 95 37
19 98 67
19 99 94
19 104 2
19 107 1
19 109 31
19 110 84
19 111 2
19 121 84
19 124 32
19 132 79
19 134 33
19 138 89
19 139 74
19 140 38
19 146 19
19 156 30
19 162 17
19 163 53
19 164 25
19 167 30
19 169 93
19 176 25
19 181 98
19 183 7
19 184 90
19 189 36
19 190 62
19 192 16
19 196 1
20 34 76
20 35 59
20 36 68
20 37 80
20 38 87
20 39 63
20 40 48
20 41 93
20 42 25
20 43 9
20 47 77
20 48 5
20 49 20
20 50 78
20 51 39
20 56 82
20 60 63
20 61 17
20 62 64
20 64 1
20 67 49
20 70 100
20 76 64
20 83 56
20 84 22
20 96 91
20 102 49
20 119 30
20 123 32
20 124 35
20 128 17
20 138 88
20 147 7
20 148 68
20 154 21
20 157 31
20 158 41
20 160 60
20 170 67
20 172 1
20 193 27
20 197 17
21 34 88
21 35 53
21 36 7
21 37 89
21 38 81
21 39 38
21 40 47
21 41 5
21 42 32
21 43 3
21 44 15
21 45 30
21 46 60
21 47 39
21 50 58
21 51 31
21 52 69
21 53 7
21 55 86
21 56 33
21 58 47
21 59 39
21 60 95
21 62 40
21 63 99
21 65 1
21 68 12
21 70 48
21 72 55
21 73 38
21 74 60
21 75 27
21 78 2
21 79 4
21 80 15
21 82 17
21 89 75
21 90 71
21 91 38
21 93 44
21 97 82
21 98 82
21 99 100
21 101 84
21 108 59
21 112 46
21 113 3
21 114 100
21 117 16
21 124 3
21 125 67
21 126 27
21 131 77
21 135 12
21 136 1
21 139 87
21 143 64
21 147 72
21 164 54
21 169 79
21 186 14
22 34 19
22 35 9
22 37 60
22 38 96
22 40 91
22 42 96
22 43 90
22 44 32
22 47 39
22 49 40
22 51 75
22 54 12
22 55 74
22 62 25
22 63 33
22 71 33
22 75 36
22 76 70
22 80 15
22 82 43
22 83 35
22 89 63
22 97 46
22 101 66
22 102 33
22 106 54
22 108 55
22 113 54
22 119 33
22 122 1
22 125 9
22 128 64
22 133 57
22 134 70
22 142 53
22 143 99
22 148 81
22 166 47
22 181 86
22 182 69
22 191 38
22 192 43
22 197 33
22 199 22
23 34 75
23 36 15
23 37 87
23 38 10
23 40 51
23 41 23
23 42 16
23 44 42
23 45 27
23 46 6
23 53 78
23 55 1
23 57 24
23 61 78
23 62 96
23 65 90
23 84 50
23 85 30
23 86 54
23 88 41
23 89 74
23 95 93
23 97 6
23 110 40
23 113 30
23 117 50
23 118 87
23 121 7
23 125 43
23 126 51
23 132 97
23 135 72
23 143 7
23 146 29
23 162 1
23 171 47
23 176 2
23 180 7
23 183 97
23 193 61
24 34 75
24 35 71
24 36 90
24 38 3
24 39 100
24 40 48
24 41 37
24 46 9
24 47 1
24 54 99
24 58 90
24 61 44
24 62 58
24 65 50
24 67 81
24 76 50
24 79 36
24 86 94
24 94 33
24 95 65
24 97 74
24 98 73
24 100 27
24 102 60
24 110 57
24 116 53
24 120 45
24 121 82
24 131 16
24 141 84
24 142 65
24 165 60
24 177 85
25 34 52
25 35 4
25 36 42
25 37 33
25 38 52
25 39 7
25 40 6
25 41 38
25 42 27
25 44 5
25 45 81
25 47 6
25 48 94
25 49 76
25 51 2
25 52 67
25 53 2
25 55 63
25 57 94
25 60 31
25 66 85
25 68 20
25 73 50
25 74 12
25 76 95
25 80 62
25 81 26
25 85 58
25 88 32
25 89 85
25 90 95
25 96 89
25 98 34
25 99 93
25 101 98
25 104 19
25 110 15
25 112 43
25 113 61
25 114 17
25 118 61
25 134 54
25 135 17
25 138 35
25 146 21
25 148 2
25 149 41
25 157 14
25 158 51
25 165 28
25 167 34
25 175 70
25 181 68
25 186 44
25 194 95
25 195 65
25 196 86
25 198 65
26 34 18
26 35 68
26 36 51
26 37 41
26 38 100
26 39 95
26 43 47
26 45 59
26 49 87
26 50 70
26 53 9
26 57 9
26 58 70
26 59 28
26 66 16
26 77 81
26 79 92
26 81 18
26 84 41
26 86 20
26 87 42
26 94 6
26 99 10
26 103 44
26 105 8
26 107 12
26 108 62
26 115 45
26 116 54
26 117 17
26 121 35
26 133 64
26 135 97
26 144 86
26 149 45
26 150 51
26 152 69
26 156 30
26 164 24
26 172 43
26 194 51
27 34 35
27 35 94
27 36 28
27 37 41
27 38 28
27 39 55
27 40 82
27 42 30
27 44 13
27 45 33
27 46 9
27 48 40
27 50 13
27 51 26
27 53 31
27 54 78
27 55 37
27 57 51
27 60 4
27 63 95
27 68 93
27 70 58
27 78 48
27 81 72
27 85 47
27 87 47
27 88 5
27 96 26
27 102 61
27 109 32
27 112 40
27 118 23
27 124 69
27 141 7
27 144 44
27 152 71
27 161 54
27 164 53
27 173 32
27 178 25
27 194 33
27 198 10
27 199 29
28 34 38
28 35 61
28 36 67
28 37 34
28 38 35
28 47 86
28 50 42
28 55 20
28 56 47
28 58 31
28 61 44
28 66 36
28 69 42
28 70 43
28 75 38
28 91 9
28 100 37
28 104 95
28 107 70
28 114 13
28 135 76
28 137 4
28 140 34
28 151 61
28 177 78
28 183 57
28 186 50
29 34 67
29 35 46
29 36 87
29 37 92
29 38 57
29 40 56
29 41 40
29 43 66
29 45 39
29 46 23
29 47 42
29 48 35
29 49 31
29 50 48
29 53 56
29 54 62
29 55 65
29 56 74
29 58 40
29 60 85
29 61 41
29 62 71
29 64 21
29 65 62
29 66 83
29 67 49
29 70 1
29 71 42
29 72 93
29 73 79
29 81 14
29 82 49
29 83 82
29 85 18
29 87 31
29 89 26
29 90 71
29 93 25
29 94 97
29 97 82
29 98 18
29 99 100
29 101 13
29 102 81
29 106 6
29 110 72
29 113 97
29 115 61
29 116 77
29 120 39
29 122 76
29 124 71
29 125 60
29 129 55
29 130 72
29 133 34
29 134 64
29 135 9
29 138 28
29 140 21
29 145 25
29 150 99
29 151 55
29 153 35
29 155 84
29 157 73
29 161 21
29 166 48
29 170 2
29 174 59
29 175 100
29 177 29
29 183 87
29 184 65
29 198 65
30 34 9
30 35 27
30 36 65
30 37 74
30 38 87
30 39 6
30 40 90
30 41 1
30 42 60
30 43 62
30 44 15
30 45 9
30 46 85
30 47 64
30 48 43
30 50 88
30 52 55
30 53 20
30 54 69
30 55 7
30 57 58
30 58 93
30 62 83
30 63 22
30 64 67
30 68 12
30 72 96
30 73 45
30 74 26
30 75 36
30 76 63
30 77 62
30 78 62
30 80 55
30 82 70
30 83 72
30 84 23
30 87 28
30 89 8
30 90 21
30 92 3
30 93 49
30 94 47
30 95 70
30 96 59
30 102 52
30 107 4
30 109 29
30 111 54
30 112 73
30 114 59
30 116 89
30 117 8
30 126 22
30 135 90
30 136 75
30 140 11
30 147 22
30 150 21
30 151 94
30 157 36
30 165 12
30 168 63
30 169 42
30 175 35
30 187 4
30 197 55
31 34 67
31 35 56
31 36 37
31 38 30
31 39 59
31 40 37
31 41 26
31 42 90
31 44 18
31 45 35
31 46 95
31 47 90
31 48 23
31 49 97
31 51 30
31 52 78
31 53 49
31 56 46
31 57 69
31 58 95
31 70 11
31 75 22
31 76 87
31 85 93
31 92 69
31 102 79
31 107 91
31 121 62
31 122 22
31 124 86
31 126 34
31 128 35
31 131 30
31 139 14
31 144 16
31 163 2
31 166 80
31 173 38
31 184 52
31 186 44
31 193 72
32 34 73
32 35 76
32 37 18
32 38 67
32 39 42
32 41 60
32 42 47
32 43 80
32 48 88
32 49 12
32 50 27
32 52 87
32 56 53
32 64 43
32 65 9
32 67 87
32 68 22
32 70 39
32 71 21
32 73 60
32 77 38
32 82 51
32 83 75
32 84 31
32 85 53
32 86 28
32 93 37
32 114 56
32 115 41
32 116 85
32 127 94
32 133 31
32 140 56
32 165 5
32 188 24
32 192 82
33 34 15
33 35 56
33 36 81
33 37 86
33 38 9
33 41 35
33 42 25
33 43 51
33 44 93
33 45 35
33 47 15
33 48 100
33 49 62
33 51 15
33 52 49
33 53 75
33 60 11
33 61 9
33 63 71
33 64 43
33 65 83
33 66 30
33 67 90
33 68 39
33 70 23
33 73 73
33 75 40
33 78 76
33 84 9
33 86 82
33 87 90
33 94 65
33 97 10
33 103 78
33 106 91
33 107 18
33 110 6
33 114 14
33 128 40
33 134 64
33 135 39
33 137 49
33 155 52
33 164 41
33 165 47
33 172 45
33 179 81
33 183 10
33 198 77
34 35 17
34 36 70
34 37 95
34 38 91
34 39 11
34 40 5
34 41 77
34 42 59
34 43 58
34 44 45
34 45 70
34 46 97
34 47 23
34 48 13
34 49 81
34 50 22
34 51 83
34 52 48
34 53 14
34 54 9
34 55 57
34 56 36
34 57 68
34 58 31
34 59 70
34 60 78
34 61 77
34 62 55
34 63 42
34 65 4
34 66 88
34 68 66
34 69 89
34 70 78
34 71 25
34 72 94
34 73 100
34 74 82
34 76 6
34 78 69
34 79 88
34 80 19
34 81 63
34 82 92
34 83 75
34 84 15
34 86 86
34 87 90
34 89 87
34 91 52
34 92 43
34 93 80
34 95 81
34 96 39
34 97 67
34 98 81
34 100 4
34 101 58
34 107 71
34 108 42
34 109 75
34 110 39
34 114 60
34 115 93
34 116 14
34 117 87
34 118 78
34 119 53
34 120 20
34 122 28
34 123 84
34 125 54
34 126 7
34 127 69
34 129 16
34 131 63
34 132 73
34 134 61
34 137 36
34 138 77
34 140 35
34 142 27
34 145 43
34 148 83
34 150 100
34 151 31
34 155 32
34 160 91
34 162 43
34 163 33
34 166 61
34 167 25
34 178 50
34 179 78
34 183 21
34 184 12
34 185 9
34 187 76
34 189 69
34 190 53
34 191 33
34 193 66
34 194 39
34 195 43
34 197 44
35 36 39
35 37 68
35 38 92
35 39 39
35 40 65
35 41 58
35 42 28
35 43 26
35 44 15
35 45 75
35 46 3
35 47 7
35 49 63
35 50 90
35 51 41
35 52 5
35 53 71
35 55 35
35 56 28
35 57 49
35 58 81
35 59 90
35 60 93
35 62 77
35 64 69
35 66 42
35 67 46
35 69 99
35 72 55
35 75 97
35 78 19
35 79 50
35 83 17
35 84 99
35 85 7
35 89 2
35 90 70
35 94 72
35 97 29
35 100 52
35 101 98
35 104 97
35 105 75
35 107 2
35 108 68
35 110 25
35 112 67
35 114 9
35 117 61
35 118 74
35 119 12
35 121 58
35 125 97
35 126 18
35 128 53
35 130 88
35 131 68
35 132 88
35 134 61
35 136 77
35 137 52
35 142 26
35 147 28
35 148 79
35 149 61
35 155 47
35 156 71
35 158 43
35 159 38
35 160 69
35 161 71
35 162 90
35 166 14
35 167 84
35 171 71
35 172 80
35 174 78
35 178 13
35 179 99
35 180 85
35 182 74
35 187 46
35 189 95
35 194 10
35 195 25
35 197 97
36 37 85
36 38 44
36 39 70
36 40 15
36 41 89
36 42 49
36 43 8
36 44 81
36 45 56
36 46 34
36 47 20
36 48 58
36 49 22
36 50 2
36 51 26
36 53 2
36 54 10
36 55 50
36 56 13
36 57 21
36 58 74
36 59 88
36 60 58
36 61 62
36 62 88
36 63 62
36 64 3
36 65 55
36 66 55
36 69 34
36 70 81
36 71 35
36 72 61
36 73 87
36 75 24
36 76 75
36 77 2
36 78 75
36 80 74
36 82 60
36 83 81
36 85 3
36 86 7
36 88 80
36 91 46
36 97 70
36 98 30
36 99 87
36 101 48
36 103 65
36 104 77
36 108 28
36 109 57
36 111 93
36 114 39
36 115 48
36 116 71
36 118 21
36 119 60
36 121 98
36 122 88
36 126 77
36 131 18
36 133 37
36 138 46
36 139 7
36 140 63
36 141 86
36 142 34
36 143 89
36 146 59
36 147 25
36 150 8
36 151 88
36 152 10
36 154 41
36 156 48
36 162 30
36 165 55
36 172 16
36 174 99
36 179 50
36 182 67
36 185 25
36 189 69
36 195 94
36 197 62
36 199 43
37 38 100
37 39 25
37 40 86
37 41 59
37 42 98
37 43 43
37 44 81
37 45 41
37 46 58
37 47 14
37 48 79
37 50 88
37 51 59
37 52 29
37 53 40
37 54 9
37 55 25
37 56 70
37 58 61
37 59 91
37 61 11
37 62 79
37 63 77
37 64 84
37 65 36
37 66 17
37 67 99
37 68 61
37 69 36
37 70 16
37 72 85
37 75 95
37 76 73
37 78 70
37 79 20
37 80 28
37 83 5
37 86 84
37 88 34
37 91 16
37 93 79
37 96 53
37 97 64
37 100 35
37 101 48
37 102 51
37 105 46
37 106 44
37 109 56
37 111 78
37 112 2
37 114 4
37 115 90
37 117 69
37 121 42
37 123 34
37 124 24
37 126 8
37 127 15
37 129 88
37 130 100
37 131 23
37 132 41
37 133 4
37 136 62
37 140 84
37 142 19
37 143 37
37 148 5
37 150 65
37 154 32
37 157 54
37 158 37
37 160 18
37 162 72
37 163 44
37 165 2
37 166 33
37 170 93
37 172 1
37 173 63
37 175 29
37 176 13
37 189 35
37 194 91
37 196 20
37 198 11
37 199 3
38 39 74
38 40 81
38 41 83
38 42 77
38 43 70
38 44 31
38 45 20
38 46 12
38 48 34
38 49 47
38 50 10
38 51 93
38 52 53
38 53 24
38 54 47
38 55 81
38 56 75
38 57 80
38 59 43
38 62 22
38 63 60
38 64 50
38 65 23
38 66 10
38 69 21
38 71 27
38 72 11
38 74 74
38 75 17
38 76 82
38 81 3
38 82 42
38 91 39
38 92 38
38 94 100
38 100 97
38 103 85
38 105 28
38 106 94
38 113 76
38 121 43
38 122 82
38 125 92
38 126 27
38 127 63
38 129 6
38 130 15
38 133 92
38 137 39
38 142 33
38 147 35
38 148 62
38 158 11
38 159 84
38 163 13
38 168 71
38 170 67
38 178 51
38 184 52
38 193 90
38 196 21
39 40 10
39 41 2
39 42 53
39 43 45
39 44 12
39 45 85
39 46 26
39 47 97
39 48 82
39 49 54
39 50 31
39 51 87
39 53 34
39 54 86
39 56 9
39 57 25
39 58 34
39 59 97
39 61 52
39 63 56
39 64 15
39 65 62
39 66 32
39 69 97
39 75 60
39 78 32
39 80 18
39 81 98
39 82 37
39 83 66
39 85 29
39 86 84
39 87 34
39 88 82
39 89 85
39 90 25
39 91 86
39 92 20
39 94 48
39 95 31
39 96 38
39 98 47
39 99 27
39 101 16
39 102 89
39 103 18
39 104 3
39 105 37
39 106 39
39 109 90
39 111 64
39 112 10
39 114 56
39 115 68
39 116 68
39 118 64
39 122 17
39 123 79
39 125 12
39 127 2
39 128 84
39 130 38
39 132 63
39 133 78
39 136 77
39 137 59
39 142 33
39 143 44
39 147 18
39 151 93
39 153 6
39 156 6
39 157 22
39 159 18
39 162 86
39 163 11
39 167 57
39 168 72
39 169 98
39 172 71
39 174 29
39 177 87
39 181 47
39 182 88
39 184 100
39 186 75
39 188 59
39 191 13
39 193 1
39 195 51
39 197 14
40 41 44
40 42 87
40 43 19
40 44 9
40 45 52
40 46 71
40 47 74
40 48 56
40 49 47
40 50 55
40 51 93
40 52 49
40 53 91
40 54 83
40 55 63
40 56 18
40 57 45
40 59 46
40 60 20
40 61 51
40 62 72
40 63 57
40 64 78
40 65 97
40 66 51
40 67 37
40 70 75
40 71 22
40 72 82
40 73 46
40 74 76
40 76 43
40 78 87
40 79 62
40 80 52
40 85 47
40 86 39
40 87 56
40 89 99
40 91 24
40 93 92
40 96 68
40 97 90
40 99 38
40 100 85
40 101 14
40 103 10
40 106 85
40 107 41
40 109 15
40 112 22
40 114 7
40 115 4
40 116 85
40 117 52
40 119 68
40 120 73
40 121 48
40 129 32
40 130 65
40 135 44
40 139 97
40 142 30
40 145 68
40 151 49
40 154 75
40 155 26
40 157 12
40 159 31
40 160 64
40 166 71
40 169 92
40 171 94
40 174 53
40 175 9
40 181 72
40 186 69
40 190 97
40 199 55
41 42 96
41 43 18
41 44 32
41 46 80
41 47 60
41 48 65
41 49 97
41 50 50
41 51 98
41 52 58
41 53 91
41 54 14
41 55 48
41 57 82
41 58 48
41 59 68
41 60 67
41 61 92
41 62 100
41 65 35
41 66 66
41 67 58
41 68 9
41 69 9
41 71 100
41 72 19
41 73 27
41 75 26
41 76 55
41 78 29
41 79 35
41 80 34
41 81 76
41 82 34
41 83 21
41 84 19
41 87 73
41 88 33
41 93 50
41 98 92
41 100 47
41 101 64
41 102 15
41 103 72
41 104 69
41 105 60
41 113 36
41 114 22
41 120 78
41 121 92
41 122 17
41 126 87
41 128 72
41 135 66
41 136 48
41 137 100
41 140 21
41 143 60
41 144 9
41 148 4
41 149 9
41 155 40
41 160 66
41 166 71
41 168 40
41 170 64
41 171 61
41 178 29
41 180 27
41 183 22
41 185 36
41 189 27
41 191 34
41 193 92
41 199 72
42 43 48
42 44 12
42 45 83
42 46 35
42 47 23
42 48 20
42 49 48
42 50 21
42 51 40
42 52 87
42 53 63
42 54 85
42 55 37
42 56 2
42 57 98
42 58 51
42 59 48
42 60 25
42 64 45
42 65 98
42 68 29
42 69 10
42 70 88
42 74 84
42 76 59
42 77 54
42 82 5
42 85 2
42 87 70
42 89 52
42 102 39
42 104 46
42 105 45
42 106 10
42 107 43
42 108 7
42 109 41
42 112 3
42 114 88
42 116 83
42 118 81
42 119 24
42 125 10
42 127 96
42 130 3
42 131 33
42 132 63
42 133 31
42 135 28
42 136 15
42 138 61
42 148 36
42 150 83
42 152 40
42 154 72
42 155 69
42 156 37
42 158 9
42 164 64
42 168 20
42 173 84
42 175 24
42 177 53
42 188 10
42 193 27
43 44 36
43 45 96
43 46 89
43 47 19
43 48 47
43 49 21
43 50 73
43 51 33
43 52 4
43 53 4
43 54 32
43 55 68
43 56 78
43 57 19
43 58 96
43 60 84
43 61 30
43 62 14
43 63 22
43 64 94
43 65 73
43 66 66
43 68 27
43 69 42
43 70 79
43 71 14
43 72 75
43 73 54
43 74 75
43 75 45
43 76 53
43 78 86
43 81 33
43 83 45
43 84 20
43 86 7
43 88 40
43 89 72
43 90 53
43 91 60
43 92 42
43 93 55
43 94 30
43 97 21
43 98 70
43 99 50
43 108 78
43 110 82
43 111 75
43 112 63
43 114 92
43 118 75
43 119 14
43 120 68
43 122 7
43 123 29
43 126 52
43 128 73
43 132 36
43 134 99
43 137 58
43 139 51
43 140 18
43 141 35
43 143 95
43 145 1
43 146 19
43 148 2
43 149 88
43 151 11
43 155 4
43 161 38
43 164 57
43 167 58
43 168 61
43 171 56
43 172 87
43 175 86
43 179 14
43 183 35
43 184 18
43 185 66
43 187 19
43 190 40
43 191 33
43 192 35
43 193 22
43 194 17
43 195 32
43 196 91
43 198 45
43 199 57
44 45 65
44 46 9
44 47 7
44 49 96
44 50 80
44 51 80
44 52 15
44 53 55
44 54 26
44 57 56
44 58 16
44 60 97
44 63 90
44 64 24
44 65 36
44 67 84
44 68 44
44 69 97
44 71 69
44 72 49
44 73 16
44 74 97
44 76 67
44 77 22
44 78 21
44 80 23
44 82 30
44 85 28
44 86 51
44 89 87
44 91 13
44 94 9
44 95 33
44 96 55
44 97 38
44 104 1
44 106 84
44 111 12
44 112 48
44 119 34
44 120 100
44 121 98
44 122 53
44 134 90
44 136 31
44 138 69
44 141 49
44 149 97
44 150 71
44 153 91
44 158 15
44 159 98
44 160 85
44 163 66
44 164 11
44 176 89
44 177 53
44 181 74
44 188 79
44 191 94
44 192 45
44 193 95
44 199 44
45 46 19
45 47 92
45 48 19
45 50 42
45 52 21
45 54 68
45 56 66
45 57 72
45 58 31
45 59 1
45 60 95
45 62 24
45 63 40
45 64 26
45 65 26
45 66 3
45 67 19
45 69 13
45 72 43
45 73 89
45 74 14
45 75 42
45 78 91
45 79 22
45 80 86
45 84 77
45 85 86
45 87 40
45 89 100
45 90 66
45 91 30
45 92 81
45 93 28
45 95 79
45 97 10
45 99 74
45 100 1
45 101 94
45 102 81
45 104 1
45 105 31
45 107 1
45 109 77
45 110 56
45 111 12
45 113 41
45 117 48
45 123 6
45 125 11
45 127 19
45 133 12
45 134 44
45 135 92
45 138 16
45 139 24
45 140 44
45 141 80
45 142 96
45 145 62
45 146 91
45 147 54
45 153 14
45 155 4
45 156 55
45 158 25
45 159 67
45 160 23
45 161 60
45 162 79
45 165 100
45 170 53
45 175 34
45 181 8
45 184 13
45 187 28
45 188 80
45 191 73
45 194 60
45 195 73
46 47 6
46 48 25
46 49 49
46 50 17
46 51 46
46 52 42
46 53 52
46 54 24
46 55 40
46 56 52
46 57 50
46 59 9
46 61 76
46 62 44
46 63 91
46 64 36
46 65 32
46 68 99
46 69 19
46 70 46
46 71 56
46 73 47
46 76 19
46 79 97
46 86 33
46 88 40
46 91 74
46 94 15
46 95 24
46 96 21
46 97 61
46 99 84
46 100 67
46 104 82
46 105 36
46 106 29
46 109 45
46 110 55
46 112 16
46 113 91
46 117 50
46 121 71
46 122 34
46 123 96
46 124 84
46 125 25
46 126 6
46 129 100
46 130 23
46 131 11
46 132 91
46 133 64
46 134 69
46 138 3
46 139 21
46 141 73
46 144 24
46 151 2
46 152 79
46 156 39
46 158 2
46 159 69
46 163 44
46 165 4
46 169 79
46 177 15
46 179 36
46 181 28
46 186 2
47 48 18
47 49 73
47 50 46
47 51 10
47 52 9
47 53 79
47 54 71
47 55 34
47 56 80
47 57 93
47 58 63
47 59 19
47 60 66
47 62 93
47 63 59
47 65 44
47 66 42
47 67 64
47 68 7
47 69 63
47 71 81
47 74 93
47 76 95
47 77 93
47 78 60
47 79 70
47 80 70
47 83 55
47 85 43
47 87 21
47 88 53
47 89 91
47 90 73
47 92 69
47 95 17
47 99 10
47 101 67
47 102 47
47 107 54
47 109 82
47 110 26
47 112 93
47 113 89
47 117 35
47 118 100
47 125 81
47 126 37
47 130 65
47 132 28
47 133 57
47 136 53
47 138 59
47 139 76
47 145 92
47 146 78
47 149 14
47 153 34
47 154 17
47 155 50
47 157 1
47 161 1
47 166 14
47 167 20
47 169 73
47 172 42
47 183 14
47 186 27
47 192 55
47 196 81
47 199 9
48 49 59
48 50 91
48 52 88
48 53 93
48 54 60
48 55 8
48 57 85
48 58 74
48 59 22
48 61 16
48 62 79
48 63 28
48 65 51
48 66 93
48 67 29
48 69 33
48 71 4
48 75 55
48 77 65
48 80 37
48 81 25
48 82 75
48 84 97
48 89 48
48 93 9
48 95 72
48 96 83
48 97 23
48 98 38
48 100 55
48 102 99
48 104 64
48 106 62
48 107 76
48 111 89
48 113 95
48 115 60
48 116 10
48 117 47
48 120 19
48 122 1
48 124 33
48 126 71
48 129 87
48 130 43
48 131 30
48 132 43
48 133 53
48 134 62
48 135 13
48 136 25
48 137 64
48 140 79
48 159 99
48 160 53
48 162 21
48 164 90
48 166 58
48 172 70
48 176 91
48 183 16
48 187 16
48 193 71
48 194 56
48 195 76
49 51 67
49 52 59
49 53 1
49 54 99
49 61 53
49 62 28
49 63 22
49 65 53
49 66 13
49 67 88
49 68 72
49 70 3
49 73 65
49 74 50
49 77 20
49 83 38
49 85 18
49 88 76
49 89 33
49 92 61
49 94 77
49 98 41
49 99 99
49 100 75
49 101 98
49 103 30
49 106 7
49 108 65
49 110 17
49 115 6
49 117 83
49 120 49
49 122 6
49 125 30
49 126 40
49 128 40
49 129 15
49 138 82
49 139 23
49 142 79
49 146 77
49 150 45
49 152 15
49 153 47
49 158 85
49 159 80
49 161 53
49 163 46
49 164 66
49 169 39
49 170 87
49 171 1
49 173 69
49 178 89
49 182 86
49 183 23
49 188 9
49 193 25
49 198 2
49 199 23
50 51 32
50 52 92
50 53 78
50 54 28
50 56 47
50 57 5
50 59 5
50 60 97
50 61 93
50 64 69
50 67 9
50 68 13
50 71 38
50 72 46
50 73 40
50 75 22
50 77 68
50 79 44
50 80 85
50 82 35
50 83 90
50 84 46
50 86 3
50 87 31
50 88 89
50 89 58
50 91 32
50 92 84
50 93 84
50 96 50
50 97 33
50 99 55
50 101 39
50 112 74
50 117 5
50 118 12
50 121 73
50 123 72
50 130 100
50 133 99
50 139 86
50 140 14
50 152 80
50 153 5
50 154 55
50 156 99
50 157 15
50 170 19
50 174 58
50 180 40
50 189 29
50 197 63
50 198 73
51 52 41
51 55 84
51 57 98
51 58 55
51 59 29
51 60 50
51 61 37
51 62 86
51 63 15
51 64 100
51 66 91
51 70 2
51 71 58
51 72 76
51 73 42
51 74 53
51 76 68
51 77 2
51 82 65
51 84 72
51 85 86
51 91 65
51 92 24
51 93 11
51 95 90
51 96 25
51 101 23
51 103 88
51 105 16
51 107 23
51 112 92
51 115 75
51 119 63
51 120 29
51 123 99
51 127 9
51 129 87
51 138 98
51 140 22
51 142 15
51 143 66
51 153 26
51 155 85
51 156 99
51 157 85
51 160 35
51 162 71
51 167 78
51 169 64
51 171 62
51 173 70
51 174 87
51 176 25
51 178 26
51 179 45
51 184 15
51 196 81
52 53 81
52 54 70
52 55 2
52 58 15
52 59 88
52 61 58
52 62 67
52 63 71
52 64 54
52 65 88
52 66 81
52 68 74
52 70 97
52 76 60
52 78 65
52 81 86
52 82 33
52 87 6
52 89 84
52 92 59
52 93 32
52 94 57
52 98 21
52 100 50
52 103 54
52 110 87
52 114 30
52 116 68
52 117 85
52 118 54
52 120 20
52 126 29
52 132 6
52 133 9
52 136 18
52 144 1
52 146 78
52 162 85
52 167 56
52 175 32
52 176 45
52 177 49
52 182 92
52 184 44
52 190 14
52 191 79
52 192 97
52 195 27
52 198 42
53 54 24
53 55 45
53 56 6
53 57 43
53 58 85
53 59 4
53 61 99
53 63 94
53 64 30
53 66 54
53 67 62
53 68 70
53 69 40
53 70 68
53 71 64
53 74 39
53 76 12
53 77 15
53 79 17
53 80 25
53 81 28
53 82 17
53 83 4
53 86 99
53 87 7
53 89 70
53 90 72
53 92 74
53 94 73
53 98 71
53 100 73
53 102 4
53 105 34
53 106 51
53 108 66
53 110 90
53 112 11
53 113 42
53 115 50
53 118 53
53 123 95
53 125 26
53 126 48
53 127 83
53 129 32
53 130 59
53 131 100
53 132 66
53 136 31
53 141 35
53 143 32
53 144 57
53 145 87
53 146 13
53 156 99
53 157 18
53 166 41
53 167 90
53 169 6
53 170 91
53 175 36
53 176 26
53 180 49
53 182 12
53 190 83
53 192 41
53 195 8
53 197 73
53 198 74
54 58 57
54 59 26
54 61 76
54 65 39
54 66 20
54 68 18
54 70 75
54 72 2
54 74 86
54 75 25
54 76 39
54 77 39
54 78 52
54 79 39
54 83 58
54 89 5
54 91 62
54 92 34
54 93 90
54 95 67
54 97 21
54 99 59
54 102 11
54 104 9
54 105 26
54 106 87
54 107 29
54 108 30
54 109 44
54 110 74
54 113 88
54 118 58
54 125 74
54 127 51
54 128 67
54 131 70
54 133 40
54 137 67
54 138 19
54 141 67
54 144 68
54 149 93
54 152 36
54 153 5
54 154 55
54 156 56
54 157 92
54 160 12
54 161 67
54 167 89
54 171 57
54 174 96
54 175 30
54 185 47
54 194 80
54 195 53
55 57 14
55 60 19
55 61 13
55 63 16
55 64 98
55 65 8
55 66 53
55 67 7
55 71 34
55 72 96
55 77 57
55 78 15
55 82 2
55 83 12
55 84 32
55 85 66
55 87 51
55 92 74
55 101 2
55 106 16
55 109 40
55 115 39
55 119 18
55 123 8
55 129 73
55 138 62
55 141 66
55 144 55
55 146 92
55 147 91
55 152 60
55 157 99
55 160 83
55 173 61
55 175 64
55 176 96
55 180 82
55 187 69
55 188 14
56 58 45
56 59 46
56 60 10
56 61 60
56 66 9
56 67 58
56 68 4
56 70 5
56 72 10
56 73 32
56 75 97
56 80 28
56 83 45
56 85 68
56 88 67
56 91 27
56 94 26
56 97 35
56 99 52
56 100 2
56 104 65
56 105 82
56 106 56
56 108 93
56 110 23
56 114 78
56 117 26
56 119 10
56 120 61
56 121 91
56 126 56
56 128 59
56 133 57
56 134 26
56 136 89
56 145 19
56 147 24
56 159 100
56 160 22
56 161 38
56 163 34
56 172 16
56 185 37
56 189 63
56 193 30
57 59 21
57 60 42
57 61 12
57 69 1
57 70 27
57 71 51
57 72 45
57 74 72
57 78 95
57 80 8
57 82 5
57 86 76
57 90 71
57 93 5
57 94 49
57 98 95
57 103 66
57 107 49
57 111 21
57 113 19
57 120 57
57 125 38
57 126 78
57 128 52
57 133 90
57 136 67
57 137 48
57 139 37
57 140 67
57 142 43
57 144 96
57 149 86
57 152 35
57 155 14
57 156 50
57 165 63
57 172 18
57 173 2
57 176 72
58 59 59
58 63 23
58 66 54
58 69 82
58 71 21
58 74 18
58 77 31
58 79 78
58 81 61
58 82 57
58 83 70
58 86 12
58 88 64
58 91 14
58 94 22
58 102 12
58 103 39
58 104 83
58 105 11
58 107 91
58 110 5
58 112 97
58 125 35
58 132 18
58 138 65
58 140 90
58 144 65
58 146 19
58 149 32
58 153 61
58 155 17
58 158 47
58 162 83
58 165 38
58 166 94
58 167 6
58 180 40
58 183 50
58 196 76
58 199 10
59 62 24
59 63 60
59 65 18
59 66 60
59 67 14
59 69 13
59 70 11
59 71 98
59 75 34
59 76 55
59 77 6
59 78 97
59 80 92
59 81 26
59 82 6
59 85 13
59 90 6
59 91 14
59 93 25
59 100 28
59 102 61
59 103 14
59 104 44
59 112 90
59 115 54
59 117 73
59 120 81
59 121 76
59 124 82
59 125 24
59 127 87
59 129 44
59 130 73
59 131 39
59 134 11
59 135 70
59 137 10
59 138 4
59 145 52
59 147 44
59 153 65
59 158 73
59 159 89
59 162 21
59 169 12
59 170 13
59 171 63
59 172 27
59 179 80
59 181 60
59 184 82
59 185 72
59 192 90
59 193 35
59 194 37
59 195 20
59 198 80
59 199 84
60 61 22
60 62 36
60 63 87
60 68 48
60 69 99
60 70 84
60 73 36
60 74 59
60 75 92
60 83 59
60 84 24
60 85 42
60 88 70
60 90 94
60 91 67
60 93 69
60 96 66
60 99 23
60 102 50
60 106 100
60 110 54
60 111 56
60 117 89
60 120 38
60 123 13
60 126 99
60 132 25
60 133 41
60 134 1
60 139 92
60 143 99
60 147 74
60 148 61
60 154 17
60 157 82
60 167 94
60 170 5
60 174 41
60 181 21
60 189 19
60 190 80
60 191 55
61 63 35
61 64 42
61 65 71
61 66 40
61 67 28
61 69 55
61 70 19
61 72 87
61 73 96
61 74 35
61 75 77
61 76 81
61 77 79
61 78 92
61 79 16
61 80 19
61 82 6
61 84 83
61 85 15
61 87 91
61 88 56
61 90 64
61 91 20
61 93 83
61 94 87
61 95 67
61 99 45
61 101 26
61 102 9
61 105 56
61 106 100
61 107 36
61 109 13
61 111 93
61 113 37
61 115 86
61 116 14
61 117 20
61 122 41
61 128 89
61 131 25
61 137 26
61 144 5
61 146 14
61 147 69
61 148 69
61 152 100
61 153 61
61 154 13
61 155 94
61 157 34
61 161 92
61 163 57
61 164 89
61 167 24
61 168 24
61 169 25
61 170 77
61 172 15
61 175 27
61 176 60
61 177 61
61 179 16
61 181 14
61 185 26
61 188 32
61 191 48
61 192 96
61 195 55
61 196 47
61 197 20
61 199 71
62 64 73
62 65 37
62 77 36
62 79 97
62 82 22
62 87 65
62 90 29
62 92 89
62 94 59
62 101 65
62 103 47
62 106 63
62 107 38
62 116 96
62 119 57
62 120 53
62 121 61
62 122 76
62 134 27
62 135 50
62 137 96
62 141 95
62 145 11
62 148 73
62 152 21
62 156 18
62 161 16
62 165 94
62 171 3
62 178 71
62 185 27
62 187 49
62 189 18
62 195 90
63 67 5
63 68 40
63 69 15
63 70 26
63 71 87
63 72 67
63 73 76
63 78 27
63 79 43
63 80 13
63 84 85
63 85 56
63 88 32
63 89 62
63 90 60
63 91 32
63 93 50
63 95 73
63 96 49
63 98 94
63 99 7
63 100 87
63 102 100
63 104 45
63 108 19
63 110 97
63 114 28
63 116 75
63 122 66
63 124 96
63 125 3
63 127 54
63 128 31
63 129 66
63 130 37
63 132 57
63 143 62
63 147 10
63 148 8
63 150 28
63 151 11
63 153 90
63 155 53
63 161 44
63 167 82
63 171 47
63 172 30
63 177 96
63 180 53
63 185 6
63 188 50
63 191 44
63 192 77
64 67 76
64 68 100
64 71 63
64 72 14
64 77 69
64 79 45
64 83 95
64 86 66
64 88 71
64 89 78
64 96 52
64 97 90
64 98 82
64 99 74
64 100 53
64 101 48
64 103 9
64 104 90
64 105 46
64 107 93
64 108 25
64 111 15
64 114 99
64 116 12
64 118 41
64 120 42
64 122 37
64 131 57
64 133 16
64 146 94
64 149 45
64 154 90
64 158 65
64 162 68
64 163 87
64 164 6
64 165 13
64 168 18
64 169 74
64 170 7
64 179 44
64 184 10
64 188 68
64 190 41
64 192 94
64 197 60
65 69 38
65 70 18
65 71 19
65 73 60
65 74 94
65 77 98
65 78 39
65 79 42
65 80 56
65 81 93
65 82 46
65 83 2
65 85 30
65 86 69
65 96 92
65 97 24
65 98 92
65 100 3
65 106 14
65 115 66
65 122 24
65 124 82
65 128 19
65 132 39
65 135 29
65 138 68
65 141 40
65 144 10
65 146 82
65 149 89
65 159 6
65 161 10
65 166 63
65 168 18
65 173 57
65 177 42
65 180 42
65 187 15
65 188 26
65 189 66
65 194 47
66 68 41
66 69 5
66 71 58
66 75 96
66 76 32
66 79 79
66 80 77
66 81 71
66 82 65
66 84 64
66 85 10
66 86 16
66 88 99
66 95 32
66 98 54
66 107 87
66 110 39
66 111 88
66 113 55
66 114 44
66 116 11
66 118 1
66 120 34
66 124 93
66 127 46
66 128 76
66 131 53
66 133 99
66 137 65
66 151 80
66 154 35
66 161 47
66 163 1
66 167 27
66 169 30
66 175 39
66 183 56
66 184 69
66 185 76
66 189 89
66 198 44
67 68 81
67 73 98
67 74 40
67 75 37
67 85 65
67 86 33
67 89 39
67 90 28
67 93 58
67 96 97
67 99 39
67 100 87
67 105 67
67 106 2
67 108 92
67 113 46
67 118 33
67 122 50
67 123 50
67 132 8
67 136 84
67 137 70
67 141 77
67 147 37
67 148 93
67 153 89
67 158 75
67 160 36
67 163 54
67 169 4
67 170 74
67 173 49
67 174 38
67 175 41
67 179 88
67 183 3
67 189 78
67 196 14
68 70 93
68 71 88
68 72 39
68 73 95
68 74 5
68 78 31
68 80 52
68 81 2
68 87 43
68 88 58
68 89 99
68 90 45
68 92 56
68 94 91
68 95 78
68 105 97
68 106 32
68 107 32
68 108 75
68 109 88
68 111 11
68 114 79
68 117 39
68 119 56
68 122 36
68 123 41
68 124 19
68 125 35
68 127 64
68 128 81
68 137 35
68 138 35
68 143 75
68 145 46
68 150 31
68 151 10
68 152 77
68 153 69
68 154 79
68 170 27
68 174 7
68 196 27
69 72 71
69 73 81
69 77 30
69 78 38
69 79 24
69 81 67
69 84 32
69 90 44
69 91 53
69 94 42
69 97 91
69 99 36
69 100 69
69 101 31
69 105 75
69 106 47
69 108 6
69 114 91
69 120 54
69 123 20
69 124 31
69 127 71
69 128 16
69 133 2
69 139 89
69 143 18
69 146 79
69 152 88
69 153 1
69 155 58
69 178 28
69 179 62
69 180 40
69 181 19
69 182 83
69 192 52
69 196 54
69 198 48
70 71 9
70 73 89
70 75 37
70 76 29
70 81 77
70 86 13
70 90 47
70 92 26
70 100 24
70 101 50
70 110 28
70 111 72
70 114 78
70 115 11
70 117 61
70 123 25
70 127 8
70 128 14
70 129 46
70 130 85
70 136 47
70 137 59
70 140 21
70 141 47
70 150 61
70 152 97
70 153 4
70 160 40
70 174 73
70 179 29
70 180 47
70 184 68
70 185 59
70 186 82
70 187 5
70 189 86
70 192 80
70 194 63
70 198 87
70 199 99
71 73 58
71 74 49
71 76 22
71 77 60
71 79 57
71 81 54
71 87 8
71 92 54
71 94 62
71 95 81
71 103 54
71 107 97
71 110 36
71 111 61
71 112 65
71 113 45
71 115 6
71 117 89
71 118 59
71 120 43
71 125 63
71 128 74
71 130 52
71 131 11
71 132 75
71 136 19
71 139 26
71 140 58
71 142 64
71 147 73
71 148 8
71 152 3
71 163 66
71 172 81
71 179 11
71 180 63
71 189 41
71 190 66
71 195 16
71 196 9
71 199 42
72 73 34
72 74 3
72 75 50
72 77 42
72 78 36
72 79 91
72 81 86
72 83 37
72 84 27
72 89 7
72 92 59
72 93 99
72 95 50
72 101 14
72 106 1
72 112 36
72 114 57
72 118 42
72 119 22
72 121 20
72 122 99
72 123 13
72 129 77
72 137 100
72 141 9
72 143 58
72 144 24
72 145 60
72 156 61
72 159 97
72 160 17
72 166 6
72 167 46
72 168 66
72 173 82
72 174 11
72 179 4
72 184 22
72 188 42
72 198 29
72 199 19
73 74 71
73 78 37
73 79 79
73 81 62
73 88 38
73 90 54
73 96 65
73 100 68
73 103 8
73 104 85
73 110 95
73 114 8
73 118 54
73 121 5
73 130 70
73 131 73
73 140 22
73 142 26
73 146 54
73 149 94
73 150 42
73 178 85
73 191 14
74 77 86
74 81 25
74 82 41
74 85 50
74 86 88
74 87 26
74 89 83
74 92 95
74 94 76
74 95 67
74 97 9
74 98 62
74 105 30
74 109 98
74 111 16
74 113 5
74 116 41
74 128 18
74 129 13
74 134 49
74 138 31
74 143 53
74 144 42
74 146 51
74 152 77
74 155 68
74 157 40
74 171 71
74 176 6
74 178 85
74 183 16
74 188 13
74 191 7
74 193 36
74 194 34
74 199 27
75 76 35
75 77 100
75 78 23
75 81 30
75 86 77
75 87 33
75 88 27
75 90 70
75 92 29
75 93 81
75 94 23
75 96 63
75 97 68
75 99 99
75 101 68
75 104 29
75 106 10
75 108 23
75 111 40
75 112 42
75 115 48
75 116 72
75 118 87
75 120 35
75 122 46
75 128 87
75 132 35
75 139 76
75 141 82
75 145 53
75 146 85
75 147 51
75 150 26
75 154 94
75 157 40
75 163 13
75 164 67
75 172 11
75 176 34
75 180 30
75 181 9
75 183 100
75 184 7
75 185 42
75 196 34
75 197 45
75 198 45
76 77 1
76 78 72
76 79 43
76 82 41
76 85 23
76 86 68
76 87 1
76 88 27
76 90 15
76 93 66
76 96 36
76 97 2
76 98 51
76 99 97
76 109 34
76 119 21
76 124 26
76 126 88
76 127 84
76 128 82
76 134 40
76 140 67
76 142 74
76 148 19
76 152 95
76 156 49
76 173 76
76 180 16
76 183 54
76 188 81
76 198 75
77 80 89
77 82 8
77 84 85
77 90 50
77 93 12
77 94 37
77 95 89
77 96 14
77 97 46
77 100 30
77 101 37
77 102 22
77 105 58
77 119 18
77 122 88
77 123 25
77 130 20
77 133 19
77 140 71
77 143 94
77 145 85
77 150 43
77 151 17
77 152 21
77 153 13
77 154 62
77 157 22
77 162 85
77 164 19
77 166 1
77 169 50
77 171 87
77 172 91
77 174 22
77 175 15
77 178 52
77 184 54
77 186 94
77 194 85
77 196 33
77 197 63
78 83 98
78 84 55
78 85 16
78 87 60
78 90 70
78 91 66
78 93 7
78 94 63
78 104 66
78 106 27
78 115 19
78 121 29
78 124 13
78 125 61
78 131 60
78 132 75
78 135 15
78 146 4
78 155 44
78 157 2
78 158 6
78 159 89
78 166 48
78 168 71
78 178 50
78 183 93
78 187 89
78 189 43
78 194 61
79 80 18
79 84 18
79 87 87
79 88 95
79 91 85
79 92 43
79 108 28
79 112 94
79 121 70
79 125 58
79 126 12
79 127 79
79 128 82
79 129 52
79 141 58
79 143 59
79 144 96
79 145 95
79 151 53
79 155 91
79 163 64
79 167 19
79 168 95
79 170 64
79 171 10
79 172 58
79 175 50
79 179 17
79 182 33
79 185 57
79 188 42
79 189 52
79 190 96
79 194 44
80 81 81
80 83 27
80 90 89
80 91 10
80 98 62
80 99 19
80 100 10
80 102 43
80 103 29
80 109 22
80 115 29
80 128 24
80 129 21
80 134 11
80 136 39
80 142 92
80 144 94
80 149 37
80 153 31
80 158 69
80 160 43
80 163 46
80 170 11
80 171 52
80 172 71
80 174 33
80 181 76
80 183 75
80 187 17
80 188 2
81 83 66
81 84 18
81 85 66
81 91 75
81 94 96
81 102 90
81 107 61
81 109 45
81 110 70
81 112 94
81 129 16
81 139 52
81 141 48
81 143 60
81 146 49
81 150 72
81 151 76
81 152 56
81 153 43
81 155 21
81 157 30
81 158 31
81 164 65
81 171 30
81 180 49
81 182 68
81 184 18
81 189 94
81 190 54
81 191 45
81 192 90
81 193 92
81 194 45
81 197 70
82 86 53
82 87 13
82 88 53
82 89 77
82 91 9
82 92 6
82 96 66
82 97 89
82 100 93
82 103 42
82 104 65
82 106 90
82 117 89
82 120 7
82 129 73
82 130 14
82 132 62
82 134 91
82 141 33
82 142 23
82 143 63
82 147 96
82 148 38
82 154 81
82 155 100
82 170 23
82 171 71
82 177 45
82 178 20
82 185 24
82 193 47
83 84 72
83 91 84
83 92 48
83 96 95
83 98 88
83 107 30
83 113 67
83 118 71
83 119 99
83 123 83
83 126 8
83 128 17
83 133 7
83 135 15
83 138 53
83 146 3
83 150 42
83 155 60
83 167 36
83 170 73
83 176 32
83 177 3
83 181 93
83 184 82
83 189 75
83 193 88
83 194 65
84 86 33
84 91 49
84 93 3
84 95 85
84 99 57
84 104 12
84 115 78
84 119 81
84 127 80
84 134 28
84 139 14
84 142 9
84 144 94
84 150 43
84 151 90
84 153 80
84 154 25
84 156 59
84 157 69
84 161 76
84 166 46
84 168 3
84 173 40
84 175 85
84 179 29
84 182 43
84 187 1
84 192 59
84 195 63
85 86 66
85 87 68
85 94 61
85 101 99
85 104 72
85 108 55
85 110 49
85 112 45
85 116 29
85 118 52
85 120 87
85 121 91
85 136 33
85 137 86
85 145 13
85 147 40
85 150 100
85 152 73
85 156 81
85 164 24
85 168 53
85 169 50
85 177 90
85 180 44
85 189 67
85 198 86
86 90 49
86 91 93
86 94 33
86 102 77
86 104 62
86 112 87
86 113 47
86 118 66
86 122 11
86 124 52
86 127 66
86 132 83
86 140 24
86 141 43
86 158 78
86 160 58
86 180 59
86 182 23
86 186 41
86 191 43
86 199 8
87 88 75
87 90 79
87 91 23
87 93 25
87 95 41
87 99 37
87 101 41
87 103 85
87 108 15
87 113 25
87 115 23
87 117 89
87 119 74
87 130 22
87 135 66
87 136 76
87 139 69
87 155 12
87 156 19
87 159 73
87 160 30
87 163 36
87 167 10
87 168 20
87 173 92
87 174 36
87 185 46
87 188 33
87 196 20
87 197 35
88 98 81
88 104 99
88 105 87
88 111 94
88 115 19
88 119 15
88 122 47
88 124 50
88 125 31
88 130 18
88 146 96
88 156 38
88 159 64
88 164 75
88 165 91
88 166 18
88 171 72
88 177 16
88 179 44
88 186 33
88 194 36
88 196 36
89 91 51
89 95 75
89 105 59
89 108 98
89 109 66
89 111 62
89 114 40
89 115 2
89 116 30
89 117 82
89 119 97
89 121 30
89 125 72
89 127 35
89 130 18
89 131 92
89 132 10
89 137 14
89 139 37
89 140 98
89 143 44
89 145 38
89 147 20
89 150 77
89 162 12
89 167 15
89 169 27
89 174 22
89 182 100
89 187 2
89 188 23
89 198 61
90 92 99
90 95 67
90 97 88
90 98 85
90 117 37
90 120 14
90 128 28
90 137 54
90 141 52
90 142 5
90 158 80
90 168 56
90 176 86
90 195 34
90 196 14
91 92 70
91 95 25
91 96 29
91 97 55
91 100 41
91 103 54
91 107 25
91 112 70
91 115 73
91 124 95
91 137 86
91 139 60
91 147 35
91 155 5
91 161 11
91 162 67
91 165 71
91 172 38
91 174 28
91 185 24
91 189 71
91 191 68
91 199 27
92 95 35
92 96 60
92 106 96
92 107 76
92 113 19
92 116 100
92 117 25
92 122 10
92 127 39
92 130 20
92 135 81
92 136 63
92 145 74
92 151 98
92 153 2
92 160 2
92 171 61
92 172 58
92 175 11
92 188 100
93 104 79
93 112 97
93 113 30
93 117 11
93 119 100
93 123 93
93 125 27
93 126 6
93 128 54
93 131 11
93 138 11
93 141 87
93 148 77
93 150 29
93 162 16
93 171 29
93 181 22
93 195 88
94 96 100
94 98 65
94 105 20
94 111 97
94 114 95
94 116 30
94 118 77
94 121 32
94 123 68
94 130 14
94 137 2
94 146 65
94 147 26
94 149 38
94 154 21
94 155 87
94 157 56
94 161 100
94 164 41
94 183 40
94 187 74
94 188 14
94 191 62
94 192 48
94 197 78
95 98 12
95 99 5
95 102 22
95 106 1
95 109 31
95 110 94
95 111 39
95 113 45
95 115 56
95 121 49
95 122 31
95 126 9
95 127 73
95 129 69
95 139 43
95 145 99
95 146 10
95 147 80
95 149 22
95 154 67
95 166 37
95 179 60
95 180 44
95 190 34
95 194 50
95 197 86
96 98 91
96 99 9
96 102 72
96 105 25
96 109 74
96 111 92
96 112 87
96 113 14
96 114 78
96 116 11
96 117 1
96 119 50
96 124 55
96 127 47
96 128 48
96 138 42
96 142 60
96 149 24
96 152 49
96 154 15
96 161 13
96 167 14
96 173 29
96 180 39
96 184 53
96 186 46
96 188 12
96 196 25
97 103 6
97 104 86
97 110 93
97 111 34
97 113 70
97 118 77
97 119 56
97 120 47
97 129 47
97 133 34
97 135 37
97 137 72
97 139 62
97 140 66
97 142 77
97 166 51
97 180 32
97 185 68
97 187 53
97 195 9
98 101 56
98 102 98
98 103 73
98 110 31
98 114 33
98 129 51
98 134 84
98 136 64
98 145 100
98 151 70
98 162 13
98 164 84
98 173 14
98 175 50
98 176 68
98 179 54
98 181 76
98 184 26
98 190 17
98 192 74
99 103 23
99 105 36
99 108 78
99 109 74
99 131 80
99 134 91
99 136 53
99 140 23
99 141 96
99 144 92
99 175 41
100 101 17
100 102 29
100 103 62
100 107 10
100 112 22
100 121 71
100 125 30
100 129 56
100 131 68
100 132 86
100 139 69
100 140 70
100 143 9
100 146 84
100 152 73
100 154 35
100 159 22
100 164 74
100 185 69
100 192 49
100 194 26
101 106 27
101 109 94
101 121 82
101 122 47
101 129 88
101 135 5
101 151 8
101 158 94
101 160 80
101 161 9
101 162 81
101 173 78
101 181 15
101 190 52
101 194 5
102 104 49
102 108 87
102 109 32
102 119 71
102 147 93
102 164 78
102 171 96
102 174 58
102 184 13
103 107 58
103 110 53
103 120 37
103 121 7
103 123 32
103 124 12
103 148 5
103 154 3
103 161 54
103 162 61
103 168 93
103 171 80
103 173 47
103 178 4
103 183 94
103 195 56
103 197 61
104 107 41
104 111 15
104 118 6
104 121 18
104 148 44
104 161 62
104 170 80
104 177 82
104 178 49
104 187 51
104 191 63
105 108 75
105 111 27
105 124 88
105 126 100
105 133 18
105 135 44
105 141 66
105 144 60
105 145 37
105 149 4
105 151 31
105 158 88
105 167 21
105 169 37
105 183 91
105 186 11
105 189 31
106 109 53
106 112 44
106 115 33
106 119 43
106 131 1
106 135 86
106 141 37
106 142 1
106 143 84
106 145 63
106 149 7
106 169 9
106 174 48
106 181 64
106 184 49
106 186 44
106 187 7
106 197 88
106 199 92
107 112 97
107 123 43
107 126 71
107 129 21
107 136 62
107 148 53
107 150 86
107 163 38
107 164 41
107 166 92
107 172 25
107 176 83
107 178 58
107 179 5
107 182 17
107 185 82
107 187 95
107 193 19
108 110 67
108 111 89
108 115 54
108 116 13
108 120 22
108 122 8
108 126 15
108 132 13
108 136 41
108 142 54
108 152 24
108 159 47
108 164 27
108 167 15
108 177 94
108 189 35
108 196 62
109 111 63
109 120 23
109 124 9
109 147 26
109 159 97
109 160 76
109 161 3
109 167 6
109 170 100
109 179 80
109 186 75
109 190 61
109 193 68
109 194 78
109 195 45
110 112 9
110 115 42
110 116 92
110 120 29
110 123 57
110 143 89
110 159 1
110 161 24
110 168 79
110 174 61
110 186 66
110 193 67
110 195 23
110 199 50
111 113 86
111 118 71
111 123 22
111 124 88
111 127 60
111 131 51
111 133 66
111 137 34
111 139 81
111 141 48
111 142 50
111 144 11
111 148 38
111 156 1
111 157 53
111 160 54
111 165 82
111 169 41
111 171 26
111 177 52
111 181 9
111 199 92
112 113 26
112 115 33
112 121 18
112 123 38
112 144 39
112 148 34
112 152 62
112 158 52
112 184 90
112 186 24
112 190 85
112 192 19
112 193 34
112 196 54
113 116 33
113 123 79
113 124 39
113 133 88
113 146 92
113 151 59
113 154 57
113 158 79
113 161 42
113 164 30
113 166 27
113 169 19
113 173 38
113 175 12
113 176 72
113 177 67
113 179 78
113 181 86
113 187 24
113 192 86
113 193 40
113 198 46
114 115 49
114 125 10
114 127 65
114 138 11
114 152 56
114 153 10
114 156 37
114 157 72
114 162 89
114 166 30
114 167 88
114 169 74
114 179 20
114 187 49
114 189 14
114 190 66
115 118 85
115 120 96
115 124 24
115 135 88
115 137 40
115 139 16
115 157 70
115 160 51
115 162 66
115 168 1
115 188 31
115 192 65
115 194 84
115 197 89
116 130 26
116 140 78
116 144 25
116 151 50
116 153 83
116 155 6
116 157 23
116 161 71
116 170 31
116 173 10
116 187 38
117 123 85
117 125 98
117 133 74
117 143 5
117 144 16
117 145 5
117 147 33
117 168 29
117 170 93
117 173 30
117 187 2
117 193 1
118 138 31
118 153 80
118 158 10
118 167 81
118 180 53
118 182 37
118 186 100
119 124 94
119 126 37
119 127 44
119 134 61
119 138 50
119 144 10
119 149 87
119 155 89
119 165 1
119 176 57
119 177 47
119 182 63
119 187 75
119 190 33
119 192 13
119 196 83
120 127 83
120 129 49
120 132 56
120 134 47
120 144 16
120 145 76
120 151 20
120 157 56
120 158 95
120 165 59
120 168 32
120 174 86
120 175 61
120 177 68
120 181 55
120 182 83
120 184 3
120 188 92
120 196 60
121 126 78
121 140 18
121 147 95
121 151 60
121 152 20
121 159 96
121 160 25
121 163 35
121 164 28
121 165 75
121 173 46
121 186 17
121 197 90
121 198 48
122 128 27
122 131 61
122 136 83
122 143 81
122 144 40
122 145 66
122 149 94
122 154 85
122 159 51
122 160 26
122 162 30
122 165 24
122 167 79
122 172 32
122 175 32
122 179 64
122 187 27
123 127 1
123 130 76
123 137 87
123 156 4
123 168 85
123 178 47
123 185 29
123 186 59
124 134 73
124 135 79
124 136 62
124 139 13
124 146 2
124 149 47
124 151 65
124 156 23
124 158 100
124 161 95
124 165 67
124 172 55
124 177 33
124 198 46
124 199 62
125 126 13
125 130 31
125 134 67
125 147 97
125 162 57
125 169 27
125 178 73
125 181 59
125 182 89
125 188 96
125 191 71
125 192 91
125 196 66
126 129 81
126 139 54
126 140 7
126 145 39
126 174 92
126 177 74
126 178 48
126 195 93
127 143 13
127 148 11
127 149 53
127 150 35
127 151 94
127 154 72
127 159 78
127 164 88
127 172 36
127 173 74
127 174 72
127 175 29
127 186 67
128 132 33
128 134 33
128 141 51
128 142 94
128 145 1
128 149 44
128 151 45
128 158 27
128 162 70
128 173 24
128 180 60
128 182 99
128 185 52
129 138 57
129 147 28
129 165 26
129 171 60
129 189 28
129 197 49
130 132 72
130 135 20
130 150 81
130 153 48
130 154 20
130 180 12
130 181 9
130 192 13
131 144 28
131 146 79
131 148 10
131 149 10
131 152 50
131 158 50
131 159 54
131 168 25
131 175 53
131 178 53
131 180 19
131 183 10
131 192 84
131 198 74
132 135 45
132 141 43
132 149 31
132 161 9
132 167 38
132 184 65
132 193 38
132 197 44
132 198 92
133 162 95
133 163 83
133 164 35
133 168 86
133 180 59
133 188 88
133 190 43
133 191 13
133 196 68
134 135 86
134 150 35
134 169 73
134 170 14
134 171 89
134 173 94
134 182 25
134 183 5
134 199 13
135 141 17
135 151 96
135 168 56
135 170 91
135 177 41
135 178 63
135 190 9
135 193 34
136 137 26
136 138 46
136 148 3
136 150 42
136 169 35
136 171 34
136 179 84
136 180 17
136 181 66
136 182 53
136 185 88
136 191 21
137 151 8
137 156 27
137 169 43
137 176 16
137 179 72
137 183 71
138 140 5
138 145 6
138 153 42
138 155 22
138 159 83
138 161 24
138 169 88
138 171 65
138 175 33
138 176 44
138 182 64
139 157 62
139 166 23
139 173 49
139 176 92
139 181 65
139 184 30
139 197 16
140 149 80
140 156 48
140 158 82
140 171 85
140 178 22
140 189 89
140 199 82
141 153 48
141 172 78
141 187 59
141 194 85
141 198 22
142 144 86
142 150 18
142 152 93
142 154 29
142 160 72
142 169 32
142 178 88
142 179 54
142 182 41
142 194 26
143 147 78
143 150 19
143 160 72
143 161 98
143 184 33
143 185 9
144 145 53
144 159 20
144 176 81
144 183 8
145 149 42
145 150 60
145 160 16
145 172 82
145 178 28
145 190 28
146 180 99
146 182 86
146 190 86
146 197 39
147 151 13
147 156 25
147 159 19
147 162 31
147 163 57
147 168 89
147 173 39
147 174 72
147 179 21
147 183 44
147 193 96
147 195 90
147 196 34
147 199 93
148 152 37
148 157 15
148 159 88
148 168 32
148 170 94
148 181 45
148 182 43
148 191 56
148 194 64
148 195 92
149 156 95
149 164 100
149 166 54
149 167 80
149 176 46
149 186 94
149 192 38
149 199 33
150 160 34
150 163 54
150 165 41
150 166 32
150 169 66
150 174 80
150 183 91
150 186 66
151 154 31
151 161 5
151 162 13
151 169 75
151 170 71
151 194 72
152 164 39
152 172 25
152 177 77
152 182 49
152 199 74
153 154 96
153 158 94
153 164 82
153 165 66
153 176 21
153 178 19
153 184 53
154 163 58
154 168 36
154 170 61
154 172 22
154 176 83
154 184 95
154 186 22
155 166 55
155 186 75
156 161 51
156 163 44
156 168 11
156 171 37
157 168 34
157 175 61
157 177 54
157 179 53
157 186 7
157 189 35
157 191 33
157 197 29
158 160 54
158 174 9
158 176 30
158 189 91
159 162 66
159 163 4
159 175 20
159 176 16
159 177 97
159 179 15
159 180 34
159 181 60
159 182 41
159 191 53
159 194 11
159 196 66
159 197 95
160 178 11
160 183 65
160 190 17
160 191 93
161 170 26
162 184 63
163 171 29
163 174 77
163 190 56
163 197 94
164 165 53
164 182 62
164 191 80
164 192 13
165 167 14
165 174 58
165 178 74
165 189 41
166 171 67
166 173 66
166 175 33
166 187 22
166 188 11
166 195 79
167 171 90
167 177 74
167 178 94
167 185 41
167 186 67
167 190 87
168 183 14
168 199 39
169 180 96
169 186 90
169 187 52
170 173 13
170 186 87
170 196 18
170 198 7
171 177 3
171 187 85
172 180 67
172 190 5
172 193 79
172 198 70
172 199 50
173 174 59
173 175 54
173 181 32
173 185 74
173 190 30
173 196 27
174 176 81
174 186 78
174 188 40
174 196 17
174 198 7
175 180 28
175 197 95
176 187 34
176 191 79
177 181 72
177 190 29
178 182 21
178 183 51
179 181 87
179 188 91
180 197 94
181 185 24
181 191 86
182 192 8
182 195 37
184 185 21
184 195 67
185 187 22
185 188 61
185 190 42
185 193 44
186 194 12
187 188 38
187 193 3
188 193 99
188 196 96
189 194 1
189 196 28
193 198 80
194 195 66
195 198 66
195 199 5
