198
148
188
161
158
139
162
134
130
158
143
134
189
100
189
195
105
113
111
123
164
172
172
104
194
102
107
143
186
100
109
159
169
172
162
110
139
157
171
190
157
154
121
117
111
174
186
146
159
173
116
186
128
194
200
123
137
174
198
165
191
118
100
129
187
123
197
191
160
140
125
136
173
107
169
115
166
180
199
162
186
111
118
137
120
197
112
156
143
181
147
166
106
171
186
113
105
188
167
152
111
111
133
174
193
155
163
169
172
141
182
174
113
105
189
174
114
144
177
141
125
138
145
192
153
106
110
153
122
178
168
175
137
171
180
172
189
102
193
125
148
113
105
141
126
174
187
118
126
147
161
106
105
100
197
119
149
137
174
152
101
136
171
188
136
133
186
147
118
182
119
116
111
154
126
145
150
139
143
185
108
192
197
126
170
163
119
137
146
104
134
131
100
178
106
130
168
186
159
167
