54474
54737
53832
59554
50291
58611
50134
54505
59192
51642
50010
52878
50557
57039
55038
56018
59229
58107
52002
58027
52678
53458
54352
59194
55452
51863
52409
58915
55871
56907
50718
50784
52972
55478
57580
59649
57208
59385
52247
52433
57763
54746
52358
55820
57269
52165
59678
52958
58077
52621
51694
56480
55357
52785
54592
51437
54891
58167
56313
52942
56078
52093
52926
59371
55119
52079
50121
55254
54908
55982
53291
51241
52006
52074
52020
53579
58423
59882
56955
52060
58142
57146
55176
59676
50165
55685
54750
53500
57259
52164
52168
58330
55863
59754
53714
56291
53507
52527
58460
56440
52581
52844
59185
57732
56644
50627
51831
52763
53787
57994
57305
59053
56313
51651
57498
58954
57459
53780
59369
58119
57760
55302
50604
59604
52762
54310
58566
53614
58307
55863
52243
57843
53504
58909
57236
55254
57025
57904
54859
51283
53601
54678
50584
59293
50602
51979
53123
57183
59548
57793
54796
55219
52470
58988
59571
53796
57860
51460
50985
58386
52821
50574
57540
55869
54160
57372
59173
56430
57839
58312
53824
51352
56504
50477
51962
56321
55897
58249
52998
52515
58175
52674
51841
52089
51330
51980
56719
58842
56389
50815
54936
54173
52600
54466
51850
59891
58762
58456
55258
53138
