156
105
126
186
142
102
102
128
122
171
152
155
177
196
125
129
142
122
160
146
100
200
146
106
108
193
148
175
122
152
138
178
118
181
184
122
196
165
114
109
106
190
183
102
153
143
191
108
185
129
157
151
115
200
191
141
126
183
101
182
145
128
169
195
181
172
164
142
119
115
130
192
149
122
147
186
158
155
170
171
189
110
130
112
131
185
159
100
121
132
165
142
119
101
142
159
105
104
114
140
112
138
193
144
187
114
155
195
146
135
169
122
110
178
171
162
149
159
120
138
121
183
171
193
178
124
196
176
125
186
195
100
134
174
155
115
108
185
114
194
119
179
189
116
154
129
139
137
115
193
147
133
188
114
199
190
174
165
143
133
162
198
154
173
118
135
107
150
198
181
119
197
174
108
126
141
112
167
172
147
149
170
148
125
185
199
136
161
180
110
165
189
156
111
112
198
195
111
161
174
172
127
165
121
115
101
139
158
167
171
106
200
109
123
198
185
138
190
140
188
117
144
130
148
157
180
185
180
138
103
196
111
167
111
168
142
137
132
111
162
168
136
109
199
110
187
133
153
200
163
176
122
199
164
196
161
121
177
154
141
102
148
187
132
111
178
136
132
117
108
188
117
106
143
119
101
200
178
178
142
174
145
177
184
192
127
103
135
117
130
161
143
181
153
128
132
118
126
144
193
130
142
187
129
177
108
191
194
170
124
179
188
101
128
187
188
104
191
146
113
183
116
104
197
152
200
118
170
112
107
160
121
170
169
177
102
186
156
179
186
179
157
162
197
142
108
186
158
178
132
126
101
182
191
124
182
177
129
109
158
116
166
130
193
142
157
153
177
173
179
115
161
154
144
192
144
102
138
130
136
164
140
115
190
143
120
129
182
136
174
193
157
170
175
174
116
191
144
112
111
