52610
59413
58290
57903
50032
57081
50032
52824
51523
55964
54850
54019
54917
53596
53202
56038
56878
57453
55500
55562
52204
51211
57727
57262
51087
57096
59511
54611
50275
53690
52587
51131
53866
54846
59161
59641
50530
57900
54512
50371
50253
58135
52495
58175
53232
54856
52484
58451
50981
58832
52878
58075
59582
57482
50800
56504
58986
57808
53899
50840
57383
51373
57488
58462
55387
56008
51850
50642
59301
51068
57040
55352
55014
59783
53930
53485
53066
55506
50795
51106
55684
52527
59547
59972
55335
57293
51409
58999
52041
57825
57017
51155
56193
59714
57459
58590
59812
50971
58051
52844
58803
58592
53711
59102
50108
59339
51954
52554
50435
53945
57975
56453
57661
57766
51569
59511
50715
51491
52763
52490
59227
50224
57449
55210
54456
52404
55729
58465
55986
58653
58018
59401
53409
51896
58064
51970
57995
58398
59087
55355
54993
57486
52365
53233
59711
59145
51435
57655
52108
54397
52158
58418
50575
55048
54156
52941
53123
56860
52029
55933
50186
50903
51157
59001
54215
59076
56712
55219
53389
52281
54279
51321
55783
58072
52445
52607
53191
55292
53618
59407
54310
56907
55100
56296
54204
57858
59894
52714
55230
58379
57910
53434
50838
57610
57154
59449
53475
58837
50044
57312
52214
51924
50777
55859
54733
50731
57374
58359
58693
55868
55552
52141
57363
56226
55750
58807
58815
58630
58447
53277
53273
58157
56127
54573
53693
57549
50811
58106
52856
51285
52965
51485
50779
57665
55206
58988
56679
51443
58985
59482
55628
50217
50741
56165
57884
54051
50713
59644
58561
55148
52659
56505
52211
52089
58542
50997
58764
57180
55908
54819
50626
58685
59940
57445
51349
56709
54309
59165
59296
50424
55713
51391
56745
51352
58945
51075
58533
54929
53179
50810
55379
56818
56675
59547
51029
54770
55976
55012
54978
56569
57386
56944
50472
55055
50079
59538
54544
58182
53202
54266
58501
57577
59096
56097
59566
53269
56424
57781
51692
56357
59066
59720
55921
54953
50327
52781
53935
59756
52763
55461
58535
52117
55730
57354
54230
51671
59122
50632
55517
56786
59527
51549
56482
54932
52091
56694
56199
53601
55927
51828
55167
54192
56544
57253
59339
55651
50556
52850
58230
54699
59879
57781
52456
57388
57149
52491
59981
54783
53928
59567
51728
57982
51601
51671
53242
58601
55714
51552
58524
56939
55948
52814
55274
59071
54936
54004
55256
57184
57190
53110
56678
53206
58707
57484
50872
51669
52600
54911
54906
54319
55748
59941
51890
57471
53526
59697
56331
54767
50885
53238
