53678
52080
56484
51225
55389
57441
57260
59473
51344
50265
51861
57984
50951
58760
59138
56750
55756
51815
55457
54198
52882
51096
59265
50226
56618
56770
53504
50191
59537
51119
58321
50430
52146
54216
57886
57529
50052
57775
51979
51018
56209
57984
50597
56328
54784
57528
53863
57323
55577
58584
59310
57616
57247
56548
57705
53714
54192
58295
57154
56299
51228
54847
51222
52964
55175
59616
58765
59295
53225
53664
59189
56994
52030
58992
51816
58244
55535
59114
51495
50073
57080
53132
56189
55107
51937
51518
56962
55372
53494
53196
50991
58550
50651
56426
58553
56168
52635
56563
56661
55312
55195
57210
58233
54466
56756
55478
50169
53177
53140
51242
56207
53504
55012
57125
53102
51022
52000
51504
50148
59046
50721
51879
58170
52934
52318
54599
55900
54130
50477
50585
51175
57034
54516
59805
57332
53439
57616
55888
51927
55820
50025
58212
56952
50599
57635
56923
53699
55813
56394
54073
53371
57600
58751
53498
51561
54198
55938
59994
56802
54090
55006
57215
54307
52045
53682
57029
55564
54777
50442
59544
55960
56793
52060
52560
59826
53391
59420
55689
55368
52804
54477
52399
55475
50758
59766
59723
56023
51121
55229
51765
51554
59886
51738
57422
51091
52945
54838
57012
55855
59439
