0 1 47

1 2 48

2 3 63

3 4 44

4 5 76

5 6 36

6 7 74

7 8 47

8 9 42

9 10 91

10 11 52

11 12 74

12 13 94

13 14 38

14 15 78

15 16 14

16 17 6

17 18 99

18 19 47

19 20 1

20 21 69

21 22 78

22 23 43

23 24 35

24 25 51

25 26 69

26 27 47

27 28 4

28 29 26

29 30 76

30 31 55

31 32 47

32 33 91

33 34 1

34 35 14

35 36 54

36 37 54

37 38 9

38 39 1

39 40 31

40 41 68

41 42 77

42 43 75

43 44 30

44 45 43

45 46 51

46 47 26

47 48 80

48 49 42

49 50 95

50 51 8

51 52 22

52 53 77

53 54 36

54 55 26

55 56 50

56 57 6

57 58 57

58 59 3

59 60 59

60 61 56

61 62 55

62 63 13

63 64 93

64 65 59

65 66 73

66 67 85

67 68 61

68 69 79

69 70 86

70 71 41

71 72 23

72 73 49

73 74 7

74 75 64

75 76 38

76 77 70

77 78 66

78 79 16

79 80 37

80 81 32

81 82 61

82 83 12

83 84 12

84 85 4

85 86 49

86 87 61

87 88 53

88 89 40

89 90 17

90 91 89

91 92 16

92 93 86

93 94 85

94 95 5

95 96 46

96 97 89

97 98 95

98 99 40

99 100 46

100 101 84

101 102 92

102 103 80

103 104 99

104 105 50

105 106 97

106 107 8

107 108 33

108 109 19

109 110 27

110 111 3

111 112 91

112 113 24

113 114 9

114 115 62

115 116 60

116 117 100

117 118 65

118 119 2

119 120 22

120 121 56

121 122 36

122 123 51

123 124 24

124 125 86

125 126 62

126 127 98

127 128 81

128 129 77

129 130 4

130 131 18

131 132 92

132 133 31

133 134 99

134 135 34

135 136 8

136 137 52

137 138 40

138 139 87

139 140 43

140 141 7

141 142 46

142 143 62

143 144 72

144 145 53

145 146 6

146 147 51

147 148 89

148 149 74

149 150 41

150 151 42

151 152 32

152 153 12

153 154 75

154 155 37

155 156 25

156 157 70

157 158 22

158 159 27

159 160 78

160 161 44

161 162 97

162 163 92

163 164 5

164 165 41

165 166 21

166 167 92

167 168 44

168 169 37

169 170 87

170 171 2

171 172 78

172 173 12

173 174 57

174 175 90

175 176 52

176 177 21

177 178 15

178 179 56

179 180 62

180 181 30

181 182 70

182 183 74

183 184 58

184 185 95

185 186 8

186 187 30

187 188 8

188 189 54

189 190 83

190 191 91

191 192 33

192 193 89

193 194 15

194 195 44

195 196 50

196 197 71

197 198 25

198 199 35

199 0 21

190 17 71

189 107 5

90 14 55

145 68 100

76 18 21

108 19 47

91 33 11

93 150 15

4 104 42

2 77 34

76 48 57

53 150 18

151 5 12

27 63 86

77 22 60

26 119 41

188 85 91

79 45 54

31 111 51

193 52 8

181 64 62

117 55 28

148 40 15

60 196 83

150 96 28

91 14 66

53 116 53

113 131 46

52 152 85

164 67 88

14 142 15

154 25 85

141 103 60

166 135 86

157 76 24

14 177 47

118 28 96

59 1 16

81 184 53

156 41 88

26 11 65

74 193 8

7 75 85

115 174 6

126 176 52

66 119 29

150 56 18

12 103 2

99 71 82

10 132 20

173 71 6

190 117 5

63 107 85

93 31 65

111 166 15

83 81 3

60 12 39

135 14 28

84 148 93

65 60 4

191 17 59

38 102 2

99 82 66

110 118 35

168 137 45

106 147 33

63 104 12

187 161 4

47 75 8

57 40 100

111 16 62

35 92 39

112 81 24

51 187 73

178 10 39

82 22 1

173 189 31

2 125 64

15 105 27

34 4 32

108 133 48

1 191 38

112 62 93

196 44 91

6 5 74

59 34 96

90 50 35

38 132 42

89 164 89

90 152 4

178 79 3

71 153 55

132 175 76

82 163 49

180 170 54

1 31 13

86 76 83

172 145 15

36 111 6

71 65 64

37 75 30

170 69 90

26 47 83

171 187 19

84 12 24

117 17 98

146 98 34

186 145 93

144 42 81

129 78 54

124 11 12

20 76 57

148 164 98

7 15 56

125 130 8

0 42 43

33 36 90

152 54 2

17 134 46

157 116 15

37 156 2

112 194 6

84 121 18

5 147 48

129 187 78

39 27 78

113 121 27

21 13 6

73 197 13

161 148 43

192 11 91

117 136 76

55 103 4

172 128 14

160 104 32

186 197 78

127 59 50

97 116 65

128 100 21

142 152 37

70 91 42

116 94 62

157 191 23

148 71 43

161 143 95

13 72 7

22 99 54

101 82 85

23 75 80

80 143 86

137 49 11

58 69 20

131 33 56

87 157 41

4 186 71

39 82 4

97 132 100

138 142 18

180 75 28

178 16 25

61 185 90

101 11 7

84 9 19

180 85 64

64 34 94

174 139 59

104 30 64

126 152 26

143 195 66

57 168 1

183 128 17

39 172 10

105 175 13

172 104 79

71 123 51

52 172 63

141 180 92

77 161 64

58 84 14

172 94 8

109 20 88

32 157 22

70 71 18

113 138 13

87 57 11

133 162 98

194 100 55

100 57 95

168 176 5

193 138 67

91 74 91

91 150 2

140 42 67

39 192 95

83 138 15

192 131 99

93 57 2

132 91 98

163 193 9

78 55 79

25 190 16

11 132 57

115 131 41

55 113 78

16 113 17

169 54 15

143 104 73

91 181 99

196 11 91

15 153 51

152 127 25

166 71 62

97 62 30

93 38 83

184 168 9

65 130 45

0 54 4

150 121 47

68 172 78

94 83 17

103 68 26

28 70 88

40 176 24

98 48 89

25 36 22

111 194 8

153 123 83

43 30 89

76 116 97

51 91 56

5 11 86

133 135 19

19 32 67

140 27 66

43 121 8

11 118 28

181 179 62

26 120 9

139 61 56

82 29 13

23 95 36

77 6 11

149 115 24

123 114 59

48 108 49

57 12 74

146 112 61

106 189 38

166 171 10

58 141 95

193 164 60

74 4 14

39 163 95

142 135 79

48 191 75

53 179 22

14 34 99

44 28 15

171 54 62

165 182 77

181 171 49

178 24 15

30 19 76

135 83 60

194 93 34

65 79 15

177 91 81

71 189 93

171 188 7

78 5 58

117 88 38

118 163 6

131 176 58

48 141 32

118 6 54

181 152 98

91 48 23

35 55 80

159 150 2

136 157 72

187 47 33

36 45 28

80 6 90

124 12 73

180 84 88

26 133 57

193 140 6

172 76 56

88 6 5

68 110 39

108 163 24

133 136 2

44 34 84

162 37 58

168 138 33

61 101 21

64 147 72

158 139 37

55 158 99

28 80 13

80 175 100

22 65 47

109 172 99

139 125 1

142 153 95

106 117 74

75 73 68

29 148 88

60 118 63

8 70 67

128 95 92

172 140 40

196 57 54

157 47 62

54 88 4

66 186 43

123 111 69

141 137 38

38 105 100

3 138 29

112 8 99

29 30 32

19 47 19

45 47 70

52 161 46

196 123 54

157 154 95

37 79 24

117 69 83

195 197 70

130 13 5

89 36 41

35 163 89

108 79 3

18 180 84

60 96 77

162 193 33

53 11 21

194 67 42

195 166 27

195 61 56

27 174 23

83 7 47

155 94 83

116 52 92

97 44 80

97 3 47

94 84 96

7 41 98

84 180 4

42 36 60

97 91 90

173 183 50

137 146 93

111 102 9

10 64 47

157 73 76

46 176 86

46 82 48

51 155 73

148 164 74

147 106 42

119 174 89

159 63 78

190 135 82

94 130 39

107 198 78

154 91 20

107 34 14

71 36 100

154 141 48

137 185 84

96 133 30

32 58 97

33 55 77

29 13 69

128 143 68

50 174 8

52 154 54

179 159 41

87 90 72

120 186 6

126 54 82

126 27 16

126 104 17

197 20 94

116 12 21

21 121 65

40 176 6

147 162 82

148 30 55

101 82 3

172 191 64

118 44 7

173 171 92

129 76 95

60 151 61

68 141 67

171 161 9

162 108 10

14 155 39

112 168 7

128 118 56

24 59 78

52 172 12

154 100 64

75 52 47

140 28 7

50 107 47

91 160 11

103 194 20

112 121 73

14 179 36

158 143 31

44 138 75

18 157 37

151 181 32

58 61 21

20 117 35

77 178 4

38 88 99

43 85 52

181 178 14

59 23 72

102 51 90

103 10 14

66 20 19

193 113 9

74 142 58

55 137 20

196 44 12

13 192 39

31 56 98

180 54 29

172 8 62

17 77 83

61 25 68

19 58 30

162 39 64

21 93 65

32 127 87

53 178 94

27 88 33

83 159 87

118 125 87

195 97 2

3 118 49

105 197 30

23 36 72

168 97 76

76 132 87

171 177 13

110 46 22

7 95 99

76 46 4

105 194 40

172 138 11

5 73 94

41 46 34

122 5 34

26 62 75

28 80 71

130 86 2

1 11 26

102 13 84

29 128 2

39 183 22

173 129 20

83 18 28

88 4 98

57 173 34

45 40 14

42 83 96

70 23 2

123 10 98

60 13 18

74 2 43

38 91 60

26 102 54

14 44 36

19 150 2

133 126 92

64 92 9

154 151 17

125 160 61

48 8 28

4 66 13

37 102 18

167 161 23

8 137 73

186 159 35

55 75 41

168 135 50

68 164 70

57 149 4

190 180 2

40 192 33

82 58 41

120 100 85

89 113 61

94 52 77

30 26 30

86 189 6

58 31 3

10 55 100

179 57 55

161 17 46

10 107 72

124 192 70

1 68 95

119 147 53

18 167 94

146 105 85

111 180 32

48 109 11

62 125 41

86 166 98

79 47 26

179 8 53

95 100 21

165 38 32

104 164 83

37 23 33

54 26 21

76 20 94

117 27 23

60 7 13

28 29 43

1 110 57

6 142 51

116 184 83

8 20 15

189 102 58

181 113 82

87 77 89

103 129 37

65 100 56

58 3 89

141 4 38

89 75 86

64 165 69

7 79 12

120 69 13

14 38 21

177 180 81

43 153 35

60 119 24

108 94 3

13 178 90

170 190 8

36 59 55

83 37 88

39 103 74

46 177 1

98 74 14

189 163 22

81 167 62

54 192 78

174 143 89

170 91 85

68 115 56

58 139 19

133 120 99

104 162 71

138 187 52

61 55 62

15 107 39

8 88 39

81 189 52

195 26 46

159 143 100

57 0 88

152 61 38

190 70 12

196 56 58

166 63 35

118 70 70

175 65 58

18 160 71

77 148 40

71 159 49

115 129 94

8 30 74

104 150 41

13 104 24

131 38 11

3 69 8

174 123 26

186 59 80

190 120 55

86 171 85

128 99 16

149 88 100

163 196 66

190 149 93

126 149 7

57 44 8

163 124 93

145 1 42

180 84 53

