58903
54557
56201
52774
51881
54637
53533
55837
50777
59744
59863
56982
55361
53095
58138
56848
51626
59110
58226
59498
57257
56134
54182
59328
58661
50452
50263
53765
58106
59873
51504
55941
53809
59700
58422
58384
54687
54148
52734
50563
58648
58129
59998
59967
55554
57690
59448
58497
52473
54505
51291
59541
56062
52286
56717
56181
53581
51135
56716
55203
57723
55202
58522
55519
55609
58767
54035
51340
50287
57552
56203
57041
52129
51363
50145
53506
55899
53922
54375
59042
53482
55140
57837
53965
56221
58624
59496
51470
59266
54921
52582
54591
59801
54926
53287
56334
52401
50758
51288
51280
