1 0 38
2 0 80
2 1 96
3 0 19
4 3 74
5 0 78
5 1 60
5 2 60
6 3 16
6 4 45
7 0 16
7 1 10
7 2 6
7 3 46
7 5 87
8 2 34
9 3 61
9 4 15
9 6 71
10 0 66
10 1 3
10 2 6
10 3 97
10 7 73
11 2 84
12 0 94
12 1 22
12 2 1
12 3 19
12 4 100
12 5 19
12 7 62
12 8 31
12 10 62
13 4 53
14 10 1
15 7 44
16 0 3
16 3 30
16 4 53
16 5 62
16 6 40
16 7 14
16 9 5
16 10 30
16 12 98
17 9 37
17 12 24
17 16 46
18 1 10
18 2 79
19 9 62
19 12 20
19 16 39
19 17 52
20 19 99
21 0 60
21 1 47
21 2 5
21 3 86
21 4 61
21 5 69
21 6 18
21 7 46
21 8 7
21 9 2
21 10 95
21 12 95
21 13 97
21 14 57
21 15 81
21 16 39
22 0 31
22 1 2
22 3 10
22 4 24
22 6 69
22 9 25
22 12 45
22 19 69
22 20 13
22 21 61
23 10 50
24 0 84
24 1 4
24 2 18
25 0 91
25 1 40
25 2 26
25 3 19
25 4 67
25 5 76
25 6 32
25 7 43
25 9 53
25 10 21
25 12 55
25 13 57
25 14 19
25 16 4
25 17 97
25 19 85
25 20 78
25 21 45
25 22 94
25 23 40
26 1 90
26 2 93
26 10 60
26 21 73
26 22 93
26 23 33
26 25 9
27 10 58
27 14 20
28 8 53
29 1 5
29 18 97
30 0 33
30 1 85
30 2 39
30 3 75
30 4 28
30 5 54
30 6 83
30 7 59
30 9 36
30 10 97
30 13 29
30 21 61
30 22 55
30 25 28
30 26 15
31 0 30
31 3 81
31 4 17
31 24 8
32 30 2
33 3 99
33 4 43
33 7 78
33 9 40
33 15 20
33 16 30
33 21 1
34 20 2
35 28 82
36 0 20
36 1 71
36 2 72
36 3 73
36 4 80
36 5 78
36 6 61
36 7 8
36 9 93
36 10 36
36 12 66
36 13 12
36 15 92
36 16 87
36 21 86
36 22 63
36 24 45
36 25 34
36 26 10
36 30 7
36 31 38
36 32 32
37 27 67
38 0 33
38 1 67
38 2 73
38 5 60
38 10 64
38 11 28
38 12 89
38 20 57
38 24 48
38 25 39
38 26 12
38 36 98
39 0 72
40 3 85
41 32 77
42 35 73
43 3 57
44 0 24
44 1 78
44 2 26
44 3 50
44 5 5
44 6 53
44 8 72
44 9 43
44 10 12
44 12 3
44 16 44
44 17 11
44 19 21
44 20 4
44 21 90
44 22 64
44 23 48
44 25 32
44 26 57
44 30 51
44 31 70
44 32 91
44 33 14
44 36 25
44 38 61
44 39 42
45 0 54
45 1 76
45 2 21
45 3 23
45 4 95
45 5 8
45 6 60
45 7 29
45 8 70
45 9 17
45 10 89
45 12 93
45 14 63
45 15 81
45 16 30
45 17 64
45 19 11
45 20 88
45 21 46
45 22 81
45 24 22
45 25 19
45 26 42
45 28 90
45 30 89
45 31 54
45 33 33
45 36 81
45 38 13
45 44 90
46 0 36
46 3 32
46 16 91
46 25 12
47 0 28
47 1 23
47 2 65
47 3 43
47 4 1
47 5 82
47 6 36
47 7 87
47 8 31
47 9 1
47 10 17
47 11 52
47 12 54
47 13 42
47 14 49
47 15 23
47 16 70
47 17 12
47 18 27
47 19 34
47 20 25
47 21 95
47 22 17
47 23 33
47 24 22
47 25 52
47 26 56
47 27 71
47 30 41
47 31 37
47 32 7
47 33 98
47 36 26
47 38 97
47 44 25
47 45 26
48 10 70
48 23 50
48 25 72
48 27 31
48 38 15
48 47 29
49 0 100
49 1 4
49 2 27
49 11 61
49 18 98
50 0 51
50 1 42
50 2 6
50 3 4
50 4 28
50 5 35
50 6 91
50 7 64
50 9 24
50 10 69
50 12 15
50 13 54
50 14 49
50 15 45
50 16 99
50 17 56
50 18 25
50 19 60
50 21 68
50 22 9
50 23 77
50 24 37
50 25 24
50 26 25
50 27 73
50 29 81
50 33 37
50 36 48
50 37 64
50 38 99
50 43 64
50 44 40
50 45 54
50 47 82
50 48 10
50 49 80
51 0 84
51 10 16
51 14 33
52 10 51
52 23 19
53 31 70
54 5 5
54 6 86
54 13 60
54 21 33
54 22 68
54 30 23
54 44 2
54 50 72
55 0 52
55 1 81
55 2 23
55 3 35
55 4 65
55 5 10
55 6 18
55 7 95
55 9 70
55 10 40
55 11 39
55 12 52
55 13 94
55 14 84
55 16 14
55 17 68
55 19 35
55 20 74
55 21 12
55 22 21
55 24 93
55 25 55
55 26 88
55 30 70
55 31 26
55 36 23
55 38 66
55 44 18
55 45 82
55 47 99
55 48 56
55 50 52
55 51 53
55 54 27
56 1 25
56 10 100
56 23 10
56 47 97
56 50 90
56 52 56
56 54 91
57 49 89
58 0 64
58 1 19
58 2 34
58 3 28
58 4 35
58 5 71
58 6 73
58 7 85
58 8 90
58 9 86
58 10 89
58 11 41
58 12 78
58 13 89
58 14 65
58 15 86
58 16 9
58 17 94
58 19 17
58 20 79
58 21 90
58 22 67
58 23 61
58 24 59
58 25 1
58 26 38
58 27 11
58 30 95
58 31 67
58 32 98
58 33 1
58 36 29
58 38 17
58 44 31
58 45 55
58 47 49
58 48 70
58 50 45
58 51 66
58 54 100
58 55 23
58 56 18
59 12 72
60 56 2
61 0 24
61 1 50
61 2 33
61 3 18
61 4 75
61 7 37
61 8 65
61 10 75
61 15 85
61 31 73
61 36 66
61 44 31
61 45 57
61 47 55
61 50 10
61 55 51
61 58 37
62 0 64
62 1 27
62 2 26
62 3 25
62 4 59
62 5 98
62 6 98
62 7 40
62 8 49
62 9 90
62 10 91
62 12 64
62 14 44
62 16 80
62 18 36
62 20 51
62 21 65
62 22 58
62 23 67
62 25 50
62 26 87
62 27 20
62 28 24
62 30 73
62 32 50
62 33 29
62 35 58
62 36 3
62 38 77
62 42 65
62 44 5
62 45 18
62 47 100
62 48 95
62 50 47
62 51 96
62 52 28
62 54 92
62 55 89
62 56 38
62 58 75
62 61 2
63 34 96
64 59 93
65 33 34
66 24 43
67 0 56
67 1 97
67 3 58
67 4 97
67 5 99
67 6 86
67 7 8
67 10 30
67 14 31
67 15 39
67 19 20
67 21 86
67 22 27
67 23 32
67 24 49
67 25 17
67 31 38
67 33 56
67 38 40
67 43 94
67 44 85
67 45 70
67 47 94
67 50 58
67 51 8
67 55 10
67 58 21
67 61 62
67 62 68
68 0 100
68 1 36
68 2 15
68 3 26
68 4 52
68 5 30
68 6 88
68 7 33
68 9 75
68 10 85
68 12 70
68 16 14
68 17 71
68 18 71
68 19 36
68 20 56
68 21 30
68 22 30
68 23 81
68 24 42
68 25 82
68 26 26
68 29 87
68 30 62
68 31 92
68 33 9
68 36 52
68 38 1
68 44 51
68 45 63
68 47 80
68 48 20
68 50 65
68 52 8
68 54 71
68 55 40
68 56 80
68 58 6
68 59 90
68 61 89
68 62 34
68 64 3
68 65 38
68 67 58
69 38 10
70 1 44
70 12 58
70 36 68
70 38 4
71 0 33
71 1 47
71 2 16
71 5 55
71 11 99
71 18 29
71 29 84
71 31 60
71 43 87
71 47 4
71 48 26
71 49 4
71 50 4
71 55 83
71 57 31
71 62 37
71 67 54
71 68 13
72 0 33
72 3 53
72 4 83
72 43 77
72 50 28
72 55 22
72 67 97
72 71 63
73 0 46
73 1 9
73 2 85
73 3 6
73 4 20
73 5 54
73 6 42
73 7 55
73 8 70
73 9 64
73 10 14
73 11 73
73 12 14
73 13 98
73 14 97
73 15 52
73 16 72
73 17 33
73 19 5
73 20 80
73 21 40
73 22 28
73 23 44
73 24 44
73 25 75
73 26 8
73 27 26
73 28 3
73 29 19
73 30 97
73 31 9
73 33 84
73 34 43
73 36 70
73 37 69
73 38 41
73 43 6
73 44 18
73 45 92
73 47 16
73 48 45
73 50 26
73 52 24
73 54 55
73 55 10
73 56 72
73 58 19
73 60 67
73 61 94
73 62 28
73 65 64
73 66 96
73 67 52
73 68 74
73 70 66
73 71 56
73 72 44
74 23 62
74 52 74
74 62 42
75 2 5
76 3 25
76 4 57
76 5 36
76 6 16
76 7 76
76 10 13
76 14 2
76 16 35
76 27 12
77 61 10
78 62 5
79 59 10
79 64 5
79 68 32
80 6 86
81 20 98
81 34 71
81 63 18
81 73 48
82 31 2
83 42 10
84 24 77
85 0 50
85 1 81
85 2 48
85 3 35
85 4 18
85 5 47
85 6 44
85 7 65
85 9 40
85 10 5
85 11 62
85 12 95
85 13 64
85 14 89
85 15 5
85 16 27
85 17 38
85 19 2
85 20 63
85 21 94
85 22 51
85 23 51
85 24 86
85 25 54
85 26 66
85 30 69
85 32 17
85 33 62
85 34 8
85 36 95
85 38 65
85 44 95
85 45 3
85 46 87
85 47 59
85 48 64
85 50 95
85 52 81
85 54 58
85 55 68
85 56 39
85 58 58
85 60 65
85 61 13
85 62 46
85 65 82
85 66 55
85 67 83
85 68 95
85 70 63
85 71 39
85 73 83
85 76 97
85 79 66
86 10 91
87 62 21
87 74 20
87 85 28
88 54 7
89 12 22
89 19 11
89 20 38
89 44 2
90 20 4
90 34 10
91 3 62
91 4 69
92 0 34
92 1 8
92 2 66
92 3 32
92 4 39
92 5 85
92 6 69
92 7 3
92 9 35
92 10 82
92 11 27
92 12 29
92 13 50
92 14 12
92 15 70
92 16 70
92 17 35
92 19 63
92 21 94
92 22 88
92 24 4
92 25 74
92 26 42
92 29 81
92 33 97
92 44 29
92 45 55
92 46 18
92 47 43
92 48 76
92 50 57
92 54 81
92 55 58
92 58 100
92 61 74
92 67 42
92 68 13
92 72 38
92 73 26
92 76 78
92 77 59
92 85 35
93 0 87
93 1 94
93 2 57
93 3 86
93 4 24
93 5 43
93 6 68
93 7 76
93 9 74
93 10 76
93 11 24
93 12 11
93 13 38
93 14 91
93 16 54
93 17 51
93 19 50
93 21 83
93 22 39
93 23 33
93 25 30
93 26 90
93 30 10
93 33 39
93 34 6
93 35 2
93 36 96
93 38 91
93 42 85
93 44 10
93 46 36
93 47 32
93 50 96
93 51 96
93 52 68
93 54 96
93 55 49
93 56 58
93 62 50
93 65 64
93 67 9
93 68 45
93 70 10
93 73 30
93 74 61
93 81 33
93 85 56
93 87 68
93 88 22
93 90 76
93 92 95
94 0 80
94 1 79
94 2 79
94 3 12
94 4 10
94 5 94
94 6 50
94 7 98
94 8 6
94 9 100
94 10 55
94 11 6
94 12 45
94 13 74
94 14 89
94 15 55
94 16 36
94 17 71
94 18 12
94 19 97
94 20 15
94 21 69
94 22 77
94 23 84
94 24 62
94 25 87
94 26 11
94 27 84
94 28 9
94 29 43
94 30 71
94 31 23
94 33 8
94 35 40
94 36 83
94 38 90
94 43 71
94 44 15
94 45 9
94 46 52
94 47 9
94 48 24
94 49 99
94 50 59
94 51 38
94 54 87
94 55 38
94 56 89
94 58 82
94 59 24
94 61 95
94 62 91
94 64 99
94 65 60
94 66 76
94 67 36
94 68 38
94 71 71
94 72 9
94 73 49
94 76 78
94 77 38
94 85 56
94 88 71
94 89 43
94 92 25
94 93 91
95 3 34
95 43 12
95 67 44
95 73 50
96 43 26
97 78 2
98 79 41
98 85 47
99 0 58
99 1 6
99 2 75
99 3 12
99 4 77
99 5 12
99 6 83
99 7 65
99 9 75
99 10 75
99 12 69
99 14 59
99 15 24
99 16 97
99 17 41
99 19 38
99 20 48
99 21 29
99 22 9
99 23 87
99 24 53
99 25 23
99 26 44
99 27 97
99 30 81
99 31 2
99 32 98
99 33 97
99 36 56
99 38 5
99 43 33
99 44 90
99 45 5
99 47 53
99 48 93
99 49 100
99 50 92
99 51 8
99 52 26
99 54 56
99 55 70
99 56 97
99 58 8
99 59 53
99 61 17
99 62 63
99 65 22
99 67 70
99 68 30
99 70 46
99 71 100
99 72 63
99 73 70
99 76 59
99 79 39
99 85 91
99 90 74
99 92 5
99 93 92
99 94 29
99 95 96
99 98 96
