52497
56618
59983
59695
59710
56092
51644
51404
55944
57021
59232
53987
56413
53703
52205
56578
54246
51336
50324
55103
50892
51462
52131
56721
50877
57334
54539
51175
52560
59033
50795
50241
54469
53320
56693
59621
57965
59797
59842
54996
57286
57690
55468
54598
53830
56060
55286
53251
59111
54191
54120
59809
50952
51230
59735
55667
57771
57918
59049
52996
59405
55527
52393
51524
54756
58900
53101
56705
59979
59788
57986
59840
53485
55363
51184
50476
56845
53338
57836
59824
51379
53100
50999
59466
50885
54062
52368
57612
54237
58084
56497
54550
50254
59008
54618
51160
59932
50143
55697
57049
53877
59461
55227
54866
50836
58093
53339
58704
56082
58927
57415
51662
56664
58169
53520
57289
54881
52842
52167
55680
54236
56205
57516
50095
50784
58159
58739
50178
58878
50571
54474
53602
54858
59556
58768
59854
50711
55179
53080
51981
53089
58660
53462
50590
55122
56541
58666
55968
52151
55379
51506
58287
50966
57819
52402
52707
52522
58093
55243
55403
58740
52181
57040
54562
50581
58860
53812
51574
55323
57559
55984
50718
58634
51580
57671
54932
53330
57202
58933
58867
56983
55633
57700
55096
55623
57015
57640
59434
58675
57974
56993
55669
53264
56510
57804
50163
53711
50012
52435
50930
58730
56661
51835
58554
52938
59855
51210
56182
56778
51222
50688
54193
58166
50071
51771
51428
59742
57270
55836
58492
56201
52211
59769
52969
55503
52103
59489
52374
59989
51377
56332
59907
52435
50419
52944
58524
59922
54370
58434
52421
58198
51635
51248
51446
52899
59655
59309
58138
50432
59719
51138
57856
54292
56712
53733
51166
59736
51725
52342
57952
54595
55342
57781
55772
53393
59121
50899
58949
54607
52121
59230
58602
57344
51646
54229
51209
54617
51129
58042
59078
53948
54711
50563
54053
54589
57177
55939
52452
52585
54517
58233
58704
57373
56656
52362
52679
54400
58670
55365
51311
52664
52113
55500
50941
54359
53680
54650
52929
59965
50543
59901
58258
54917
59536
50620
50316
57655
51189
59804
52705
52151
58975
50200
55556
53021
54632
50483
57345
52893
57018
53781
56563
50733
55744
59159
55094
57548
51878
56144
51080
50955
56481
58766
51782
58219
51176
52365
59294
52675
56387
52505
53609
58920
57471
56852
58629
51821
54848
54814
51510
51451
51374
50181
55658
58457
57091
54850
59920
57784
57145
59591
53528
51134
54010
58945
56282
51421
52741
50023
51268
56493
51072
53922
56537
50676
53774
56633
56541
50234
50486
50276
52059
53570
54737
56765
57638
53115
51983
56325
54344
