197
169
174
151
154
109
116
165
108
175
101
118
125
199
166
172
158
116
157
110
151
162
100
132
140
121
119
162
186
189
156
182
180
126
125
189
151
170
167
194
123
198
197
106
109
186
156
160
100
118
174
116
163
129
119
186
139
152
136
112
190
141
139
143
112
174
179
131
119
157
186
130
187
171
168
154
149
157
139
131
174
158
188
146
138
168
185
188
174
113
153
117
187
131
102
134
168
192
145
131
102
112
116
127
183
119
151
169
179
184
127
142
144
115
160
113
102
125
144
196
126
172
149
164
106
118
117
135
163
173
200
133
156
113
196
124
131
197
100
155
114
165
157
115
123
105
176
158
198
163
193
187
125
146
171
197
140
115
191
158
177
105
125
119
162
195
126
153
159
126
107
190
180
127
100
113
194
129
193
154
194
119
104
179
163
142
101
172
197
148
158
194
158
111
178
132
178
129
113
145
197
112
131
130
200
127
114
151
159
147
197
123
170
112
194
136
159
175
165
140
194
125
167
143
166
107
194
176
146
184
168
170
111
108
139
190
197
186
103
168
197
124
136
195
196
174
189
200
174
167
115
158
193
185
138
148
156
186
122
112
145
192
146
173
168
152
139
198
178
189
184
164
145
188
163
113
162
150
154
106
125
108
134
127
149
152
193
165
167
100
114
199
159
118
120
199
128
183
164
101
167
174
164
154
141
186
147
163
193
142
181
173
162
194
154
122
154
196
165
184
174
190
158
115
191
193
180
127
130
168
193
200
167
166
106
145
106
145
121
179
151
120
165
197
191
131
133
149
124
117
162
192
153
181
113
184
133
131
132
149
173
166
151
130
112
197
164
165
128
146
147
163
106
133
139
171
116
109
185
169
114
106
194
195
182
139
107
167
157
162
114
104
113
138
158
107
145
166
116
124
