52041
54119
51181
55926
54919
59402
53962
57787
58043
54995
54711
57233
51064
50314
54703
55020
52384
55607
53140
55897
54743
50460
52392
58151
59266
51600
52841
53790
50233
55417
50674
59717
58409
51255
51934
50518
56318
57766
53682
50060
58423
54957
54104
51913
54263
55337
54115
54909
59730
53212
58205
57547
55067
52243
52158
54268
51656
57625
59806
54906
51277
59270
50463
53254
59025
59515
54629
58221
57789
54382
54379
59448
52457
58117
56443
50927
52456
57979
52034
52627
59598
58726
57953
52721
56880
55672
59063
59718
56309
57571
55121
50003
57342
50605
54944
52182
55127
53113
52658
58085
54430
52285
54057
54396
53473
57417
56297
51489
54471
59047
50556
51331
50329
58926
52763
56340
50696
50264
50464
55852
56260
56502
56208
51176
55047
54306
59131
59195
51416
52011
59544
57281
53232
52356
58788
57956
59073
50142
50336
55333
52908
53716
51694
51314
50408
58927
53847
54714
59986
56533
55357
51246
56368
54409
52785
59396
55759
54432
50908
57418
54176
56459
58016
53454
54028
57192
52695
52286
54216
50962
58895
59780
50388
51578
51946
50093
58685
55565
59326
51290
56428
55350
54675
57492
51131
51682
53432
58021
54306
52100
51401
53316
56262
59944
59297
52203
50280
56372
51427
55391
56032
51958
52080
57869
55691
54183
59854
51509
55120
51134
54048
56421
57524
50012
53297
56801
53785
55871
55768
53671
53717
58571
51382
50053
51397
54263
58425
57893
52317
50354
52933
56350
59090
57458
58346
55358
57966
57560
55396
54655
51754
59244
50605
55212
54820
56012
51228
50677
54861
58567
51118
52511
51176
56984
53633
54817
57959
55837
57935
53930
53602
51849
51279
53113
51948
53221
59031
51553
59739
54708
51402
56720
58526
54132
52705
59783
53105
59319
50096
54881
58743
55890
56581
52005
53471
56397
52800
57227
52479
55255
55002
54239
59963
50369
54370
52180
51482
58625
56324
50477
54284
59286
57205
54614
57657
54190
50961
59989
57330
56334
52464
56191
59659
56676
55074
51722
59365
55667
56679
57311
55618
53431
59663
58734
52602
53752
59311
50727
53000
59302
58372
50556
58398
53005
57091
51097
52515
56483
51072
55066
59112
50901
55758
57011
57467
54010
59431
52821
56039
52567
55367
57459
57600
52837
58685
57199
54417
54118
56091
58256
51826
59008
58129
58033
54450
50775
54018
50514
58493
56971
53649
53586
53063
58795
52261
56157
50846
57743
57298
55103
57597
52653
57808
58175
59514
51433
51675
54801
53884
56428
59132
50232
57601
59194
58505
51132
52824
54378
52412
59347
