0 1 66

1 2 64

2 3 1

3 4 28

4 5 32

5 6 5

6 7 92

7 8 7

8 9 82

9 10 60

10 11 44

11 12 23

12 13 50

13 14 90

14 15 51

15 16 32

16 17 85

17 18 98

18 19 48

19 20 50

20 21 48

21 22 45

22 23 89

23 24 92

24 25 5

25 26 80

26 27 4

27 28 70

28 29 30

29 30 71

30 31 59

31 32 32

32 33 52

33 34 41

34 35 55

35 36 98

36 37 14

37 38 56

38 39 75

39 40 35

40 41 42

41 42 34

42 43 54

43 44 27

44 45 27

45 46 82

46 47 32

47 48 52

48 49 32

49 50 5

50 51 21

51 52 2

52 53 80

53 54 28

54 55 32

55 56 27

56 57 27

57 58 50

58 59 57

59 60 53

60 61 37

61 62 91

62 63 20

63 64 28

64 65 45

65 66 96

66 67 78

67 68 88

68 69 48

69 70 7

70 71 71

71 72 19

72 73 58

73 74 32

74 75 95

75 76 59

76 77 94

77 78 84

78 79 85

79 80 59

80 81 25

81 82 38

82 83 70

83 84 24

84 85 51

85 86 77

86 87 79

87 88 95

88 89 57

89 90 38

90 91 4

91 92 97

92 93 13

93 94 32

94 95 43

95 96 82

96 97 9

97 98 74

98 99 70

99 100 62

100 101 41

101 102 45

102 103 45

103 104 67

104 105 92

105 106 85

106 107 50

107 108 88

108 109 47

109 110 30

110 111 23

111 112 44

112 113 50

113 114 82

114 115 38

115 116 2

116 117 91

117 118 94

118 119 74

119 120 73

120 121 96

121 122 98

122 123 76

123 124 71

124 125 97

125 126 41

126 127 19

127 128 75

128 129 32

129 130 75

130 131 23

131 132 86

132 133 39

133 134 1

134 135 20

135 136 100

136 137 27

137 138 93

138 139 76

139 140 29

140 141 55

141 142 78

142 143 12

143 144 46

144 145 85

145 146 26

146 147 3

147 148 46

148 149 64

149 150 82

150 151 61

151 152 74

152 153 6

153 154 10

154 155 46

155 156 60

156 157 27

157 158 39

158 159 28

159 160 9

160 161 65

161 162 81

162 163 51

163 164 21

164 165 21

165 166 61

166 167 39

167 168 72

168 169 47

169 170 96

170 171 57

171 172 66

172 173 1

173 174 46

174 175 11

175 176 6

176 177 15

177 178 16

178 179 55

179 180 61

180 181 39

181 182 30

182 183 83

183 184 79

184 185 53

185 186 48

186 187 99

187 188 24

188 189 25

189 190 99

190 191 88

191 192 46

192 193 60

193 194 87

194 195 53

195 196 27

196 197 87

197 198 79

198 199 51

199 200 56

200 201 75

201 202 7

202 203 50

203 204 9

204 205 51

205 206 83

206 207 83

207 208 41

208 209 53

209 210 29

210 211 11

211 212 24

212 213 36

213 214 91

214 215 1

215 216 37

216 217 98

217 218 28

218 219 6

219 220 24

220 221 4

221 222 63

222 223 77

223 224 79

224 225 29

225 226 61

226 227 28

227 228 58

228 229 12

229 230 64

230 231 20

231 232 14

232 233 73

233 234 10

234 235 34

235 236 23

236 237 53

237 238 80

238 239 69

239 240 55

240 241 76

241 242 51

242 243 73

243 244 57

244 245 55

245 246 47

246 247 39

247 248 49

248 249 44

249 250 10

250 251 91

251 252 84

252 253 13

253 254 99

254 255 18

255 256 20

256 257 98

257 258 99

258 259 40

259 260 64

260 261 100

261 262 71

262 263 48

263 264 42

264 265 95

265 266 26

266 267 49

267 268 93

268 269 80

269 270 20

270 271 43

271 272 67

272 273 56

273 274 78

274 275 41

275 276 8

276 277 88

277 278 58

278 279 42

279 280 24

280 281 53

281 282 70

282 283 93

283 284 21

284 285 17

285 286 94

286 287 45

287 288 25

288 289 76

289 290 12

290 291 15

291 292 98

292 293 12

293 294 70

294 295 22

295 296 86

296 297 1

297 298 33

298 299 26

299 300 48

300 301 94

301 302 67

302 303 33

303 304 71

304 305 11

305 306 24

306 307 62

307 308 26

308 309 20

309 310 9

310 311 62

311 312 13

312 313 7

313 314 31

314 315 26

315 316 11

316 317 4

317 318 87

318 319 28

319 320 39

320 321 34

321 322 17

322 323 99

323 324 19

324 325 76

325 326 10

326 327 84

327 328 45

328 329 30

329 330 64

330 331 24

331 332 35

332 333 48

333 334 95

334 335 8

335 336 22

336 337 60

337 338 49

338 339 30

339 340 45

340 341 99

341 342 42

342 343 53

343 344 20

344 345 34

345 346 62

346 347 26

347 348 19

348 349 29

349 350 43

350 351 79

351 352 68

352 353 80

353 354 43

354 355 47

355 356 95

356 357 82

357 358 70

358 359 13

359 360 39

360 361 26

361 362 55

362 363 51

363 364 44

364 365 24

365 366 54

366 367 41

367 368 44

368 369 81

369 370 98

370 371 28

371 372 61

372 373 5

373 374 74

374 375 100

375 376 87

376 377 92

377 378 39

378 379 8

379 380 69

380 381 93

381 382 66

382 383 19

383 384 81

384 385 58

385 386 52

386 387 68

387 388 16

388 389 61

389 390 98

390 391 38

391 392 63

392 393 24

393 394 69

394 395 89

395 396 84

396 397 93

397 398 80

398 399 40

399 0 72

331 202 14

93 357 8

237 230 10

282 6 80

174 190 21

135 160 78

43 391 47

169 243 14

387 303 7

60 87 34

199 53 86

387 247 14

20 131 22

89 331 91

378 148 28

237 95 28

160 291 95

3 58 72

34 363 57

397 283 26

17 368 27

173 390 11

140 136 13

47 372 28

127 29 67

114 218 79

46 317 20

294 344 34

55 306 99

315 49 29

233 247 25

277 292 19

78 187 12

386 308 57

13 294 14

96 68 25

41 239 67

147 63 76

83 295 72

293 114 3

362 370 53

69 224 77

239 96 37

226 219 13

158 385 26

332 383 22

364 53 94

158 368 6

274 108 73

320 339 85

349 231 11

398 172 63

381 112 2

167 123 5

117 335 78

130 84 48

338 6 1

339 366 85

28 41 61

142 250 11

3 58 82

111 64 41

79 127 24

315 52 52

392 37 60

381 183 82

33 201 13

1 148 70

329 295 8

324 236 86

95 169 67

67 342 63

267 214 60

258 16 7

131 207 72

383 144 12

396 40 42

259 333 61

346 109 76

115 0 65

296 293 99

360 292 43

59 178 91

242 38 92

50 117 17

49 216 62

275 274 1

222 76 34

302 272 33

340 320 70

31 248 16

227 351 31

320 339 12

110 335 57

271 300 99

252 3 51

233 210 81

313 34 41

38 64 3

236 227 33

56 94 44

395 251 15

199 85 19

37 235 53

336 291 56

29 328 21

152 140 55

259 196 22

206 272 96

92 124 83

161 250 35

250 215 12

175 90 35

132 319 74

38 162 87

394 344 48

322 180 2

67 102 47

383 201 83

74 167 20

231 117 52

267 50 87

139 276 18

188 277 70

359 145 39

242 99 70

132 87 71

349 238 86

128 80 18

374 56 22

318 19 45

128 134 84

126 162 18

74 260 46

365 389 61

229 56 77

53 68 87

278 320 20

87 211 83

94 247 58

178 107 16

308 28 19

362 371 26

306 85 55

377 347 21

319 104 83

358 265 39

349 35 43

72 344 55

250 43 57

214 129 57

246 222 65

276 150 63

284 173 49

335 78 45

330 321 3

271 84 17

106 56 19

357 217 31

3 268 28

270 174 61

393 21 75

226 144 68

172 397 87

219 202 54

112 1 35

258 34 13

43 301 42

373 338 86

334 372 74

268 367 11

76 32 38

351 286 91

382 65 47

119 226 80

368 230 18

85 373 49

138 71 73

120 147 39

17 260 28

161 328 89

88 32 13

150 155 96

162 137 42

136 127 26

196 222 15

154 108 68

145 170 45

175 217 100

42 181 12

185 18 18

338 350 22

205 231 12

63 185 63

306 44 22

131 236 41

148 171 62

7 171 53

3 267 2

249 214 35

127 363 26

60 293 64

44 299 71

67 240 16

23 63 48

387 1 78

246 82 29

321 368 24

155 188 61

145 346 85

94 148 79

324 24 47

346 66 33

66 249 10

324 132 85

259 271 45

50 377 70

220 190 42

170 272 93

233 160 33

398 395 40

250 114 35

88 137 19

324 242 27

86 254 77

133 89 44

68 76 74

334 277 94

95 76 92

367 186 89

294 85 42

305 320 5

197 193 55

294 5 3

78 215 86

326 143 63

223 84 24

239 326 52

171 130 30

4 284 40

88 182 96

6 386 67

217 57 45

217 173 82

258 144 94

258 319 13

292 288 66

251 300 99

374 47 98

115 160 15

110 329 95

34 275 48

9 305 90

382 126 78

5 43 86

375 195 19

322 178 99

151 22 77

188 250 49

182 2 65

141 63 48

335 325 95

234 232 91

158 203 63

284 214 11

75 315 26

88 273 76

46 152 84

95 196 56

215 219 32

20 261 24

76 238 88

147 188 51

14 95 70

300 326 59

67 110 82

63 161 79

378 141 11

28 15 54

288 103 2

132 139 71

269 17 61

10 146 52

161 65 77

22 15 28

370 272 46

294 263 79

278 174 55

5 138 15

368 384 57

339 369 20

261 330 38

263 28 66

59 246 92

91 169 79

172 308 99

256 295 28

192 171 67

7 267 67

86 107 68

335 145 73

317 84 95

246 182 10

389 398 19

283 351 87

378 15 69

379 150 59

290 35 88

12 171 69

83 297 15

257 1 25

240 285 65

152 163 75

346 34 30

385 214 71

148 299 9

88 235 70

125 127 86

232 194 18

207 107 10

105 146 56

194 124 76

252 237 34

61 130 57

26 315 41

228 293 18

204 378 99

348 173 8

70 140 15

318 380 2

179 367 89

323 94 86

129 385 97

91 278 36

387 301 38

266 113 49

230 210 65

250 212 16

293 393 33

369 333 37

59 54 53

330 51 15

128 134 68

266 324 74

382 393 66

283 350 55

253 22 13

389 357 76

265 283 6

88 293 9

27 253 71

64 369 65

272 375 64

10 249 7

12 316 98

98 263 2

342 344 15

267 378 36

11 48 78

66 299 32

279 48 22

82 239 81

186 122 71

1 199 24

360 200 55

109 15 58

149 165 28

281 203 63

380 382 14

122 228 8

93 183 94

279 74 69

375 380 25

206 119 82

194 346 14

303 354 63

194 133 13

44 125 94

163 277 9

303 141 32

274 150 38

233 101 12

371 0 51

305 103 72

395 50 62

339 34 20

382 46 95

53 357 63

126 320 29

373 51 89

5 95 9

306 45 18

327 78 94

99 212 22

306 110 34

288 388 53

304 320 94

302 47 80

24 50 98

351 298 81

243 57 30

368 123 94

80 349 99

322 257 7

335 387 30

388 229 27

350 23 31

60 178 7

57 376 2

136 363 44

280 196 72

289 121 66

225 277 25

335 283 5

334 202 35

295 152 74

155 137 39

376 291 23

361 210 57

100 313 91

214 66 21

227 139 5

232 351 62

14 353 88

213 19 97

171 317 91

2 255 72

242 125 41

200 57 7

355 338 33

242 114 28

133 394 87

92 293 13

357 196 2

83 128 16

171 181 42

383 257 76

81 255 9

286 367 93

309 67 51

93 168 19

48 115 72

239 37 74

322 242 11

239 139 72

235 154 92

72 15 38

247 360 40

249 318 67

142 97 94

172 296 65

141 202 46

156 361 87

379 234 28

110 226 34

117 85 87

174 146 57

181 244 61

390 151 46

107 26 28

131 260 38

310 264 14

299 120 32

246 91 44

324 119 28

185 376 91

314 138 79

147 361 97

104 376 51

140 372 19

120 58 75

250 254 65

100 180 4

319 287 78

306 94 47

228 347 86

332 49 17

246 131 13

40 41 21

14 297 59

156 86 85

53 126 70

352 239 34

128 212 10

157 86 23

231 326 96

16 66 44

162 230 93

138 217 4

373 152 15

284 75 15

151 11 64

24 239 67

70 198 33

201 188 68

194 205 83

70 76 27

353 192 33

82 95 76

92 243 16

67 289 7

189 257 22

236 251 13

396 16 71

156 346 79

370 144 27

191 49 85

26 143 9

66 167 48

330 29 46

102 209 23

205 93 40

294 173 30

362 265 58

378 195 71

140 325 95

371 222 89

58 95 1

128 315 18

76 19 50

393 31 98

232 278 28

320 26 12

395 198 6

215 199 38

219 329 33

78 274 23

212 288 91

51 69 20

55 254 36

245 130 57

153 351 77

313 107 20

157 351 64

316 118 99

377 104 92

53 223 75

195 188 13

289 251 2

376 373 42

368 117 44

19 53 94

112 314 76

179 232 74

90 364 64

85 50 91

74 202 93

50 17 67

290 120 21

307 267 91

125 350 40

256 271 95

303 132 25

157 122 32

34 260 32

239 395 21

143 70 81

255 393 36

231 270 69

5 45 2

316 113 81

174 395 19

187 153 41

367 286 41

138 191 24

309 101 62

395 333 69

220 38 3

315 332 32

234 360 92

159 168 83

322 211 15

290 339 76

348 269 51

41 44 14

398 278 70

84 140 63

0 359 22

114 169 37

100 318 89

155 283 61

258 361 5

71 200 10

2 361 75

118 372 44

0 330 32

102 380 71

213 174 91

261 137 65

331 310 32

336 234 61

113 287 20

371 78 98

261 126 88

45 153 13

296 390 81

179 376 8

62 398 43

89 350 47

356 385 27

107 214 65

300 340 45

149 325 83

121 254 34

219 71 51

22 348 65

175 338 19

361 95 8

264 228 78

15 209 63

340 41 2

395 187 22

18 177 20

358 351 99

145 265 92

20 31 30

181 16 60

319 47 78

195 356 26

380 243 74

210 124 77

25 224 5

327 295 88

71 191 4

112 209 84

335 182 4

140 351 96

183 203 66

135 203 34

209 58 62

292 352 26

48 318 67

343 8 15

175 140 7

67 231 76

210 96 55

0 144 83

156 109 97

95 53 45

369 136 99

209 295 42

20 57 27

122 139 97

332 29 58

315 261 1

141 144 92

114 111 86

179 66 34

148 189 5

131 172 93

284 342 47

66 392 46

280 316 20

60 154 55

40 249 11

381 13 38

169 189 27

177 184 54

81 338 19

47 56 77

389 156 16

332 85 38

242 293 84

251 12 94

13 362 88

301 222 42

120 274 62

307 36 33

356 220 65

5 71 45

382 278 12

319 390 33

227 367 15

216 14 79

376 85 87

345 379 55

348 257 89

116 55 59

171 345 26

88 231 69

205 262 89

331 118 54

197 74 42

124 386 2

203 309 23

235 49 96

17 28 76

332 58 11

56 313 74

96 398 32

306 381 91

302 235 28

340 357 65

180 164 36

323 13 15

114 302 70

97 280 86

142 306 87

100 14 16

239 153 33

31 60 65

70 16 69

312 363 83

333 375 23

312 381 65

124 159 97

57 304 40

3 142 8

259 52 98

53 296 43

325 378 6

101 57 55

302 151 57

4 84 37

237 234 31

132 216 34

28 190 68

315 252 39

254 255 98

32 308 81

123 16 65

385 11 28

98 122 74

311 96 26

236 275 2

244 146 76

246 38 96

297 10 23

306 92 23

236 98 43

31 38 99

103 338 20

216 17 32

188 356 84

274 5 15

15 196 47

102 264 90

280 164 40

273 112 78

19 379 35

128 22 93

40 269 9

356 61 29

362 81 20

183 163 20

8 23 19

63 219 50

115 106 77

313 148 23

315 373 58

125 81 31

288 308 39

121 108 98

257 298 20

38 253 61

68 336 32

123 274 27

306 144 72

169 260 76

335 105 68

215 358 39

319 309 33

270 218 12

152 78 14

302 367 15

203 299 43

172 221 89

337 256 84

236 148 84

212 220 19

99 381 31

208 68 76

164 395 64

319 61 25

309 6 90

278 351 11

225 364 86

248 128 32

209 269 13

4 276 30

31 123 97

156 154 38

237 297 4

310 100 69

364 367 31

252 312 85

131 378 51

212 20 61

289 185 55

365 35 13

379 102 91

18 338 63

8 316 88

339 398 16

268 332 7

30 394 20

128 269 99

14 34 5

166 14 9

170 23 44

335 318 29

287 74 87

4 391 87

163 196 28

12 51 77

317 153 85

361 188 77

18 181 63

292 287 80

225 19 84

280 388 23

24 66 36

164 277 9

310 358 7

265 136 40

48 220 100

308 42 31

141 268 4

381 247 31

377 366 83

24 122 24

359 366 65

335 153 12

14 329 28

25 237 32

345 203 50

381 275 47

112 349 22

336 354 51

210 107 77

175 303 90

221 255 96

372 83 44

259 171 20

167 56 45

265 233 83

355 331 77

41 126 49

39 35 3

49 365 1

182 158 39

67 228 30

190 49 27

14 6 46

218 303 65

226 56 45

326 147 55

355 354 54

126 92 55

298 239 87

221 376 54

270 88 66

274 311 54

248 272 17

259 101 8

121 301 90

322 133 12

60 294 27

343 250 16

200 91 52

40 148 87

86 22 51

138 348 11

29 280 88

254 384 55

76 99 24

36 333 77

232 145 1

41 307 64

262 383 36

386 380 68

305 244 90

87 65 19

41 12 3

62 263 35

79 53 43

42 361 55

130 317 90

321 360 23

193 245 96

96 363 77

159 157 97

0 54 18

274 283 17

223 372 78

97 393 51

92 130 47

345 281 88

236 381 10

134 221 56

391 137 86

336 69 29

187 325 43

232 29 10

229 246 49

371 331 69

17 141 17

184 347 39

335 222 82

387 367 91

287 256 26

288 73 30

299 121 37

182 35 39

262 258 67

153 243 6

381 57 82

171 380 44

144 50 58

210 312 7

27 126 26

56 53 67

193 97 44

165 319 85

128 317 59

393 97 59

151 14 37

126 1 52

192 215 20

17 156 19

345 294 8

281 275 3

252 50 30

148 1 67

243 192 73

117 131 31

225 316 95

312 140 93

213 306 70

109 163 49

348 329 45

71 142 24

23 186 42

103 12 31

210 336 57

166 7 37

295 170 3

218 233 57

11 103 42

203 320 63

125 200 71

389 218 61

343 35 77

36 180 23

290 154 84

378 1 36

279 322 26

323 324 26

225 364 37

354 333 42

210 83 85

129 179 21

53 207 23

293 352 100

376 70 91

331 395 53

167 6 46

241 295 59

41 161 33

81 187 33

120 82 33

117 319 11

41 231 100

370 196 57

313 180 46

97 229 40

327 301 90

292 125 44

384 180 75

17 44 97

55 354 2

293 263 54

14 316 40

270 131 52

104 324 24

110 147 66

158 192 40

190 178 17

245 283 74

252 175 71

384 344 69

212 133 59

103 264 46

119 335 18

360 300 45

342 324 96

240 356 97

259 232 94

103 118 70

76 265 67

205 212 12

175 3 86

145 42 42

353 385 76

246 3 92

397 192 81

304 179 55

380 105 66

235 173 81

236 141 23

224 102 13

339 314 48

384 45 74

341 121 22

106 33 14

61 186 51

33 164 22

272 125 67

79 357 53

297 348 38

48 204 50

396 1 98

131 55 96

143 192 57

107 224 59

270 170 92

264 164 51

150 318 79

94 53 35

124 391 43

173 155 23

187 184 9

306 155 82

306 333 63

38 201 20

273 110 37

107 337 39

278 124 89

267 388 63

66 320 76

247 364 48

239 146 20

294 6 68

99 391 41

18 77 68

138 334 96

113 207 10

93 279 5

269 221 90

81 325 90

65 318 79

173 269 16

111 381 83

65 365 22

230 7 3

388 106 43

79 373 55

155 257 16

341 275 19

258 98 47

170 153 69

8 57 81

380 228 100

131 25 37

187 237 10

165 357 91

116 205 91

342 104 65

171 48 1

90 75 68

151 327 97

147 209 72

119 394 98

56 373 85

358 170 41

335 365 87

157 194 18

397 248 83

18 49 89

110 203 36

234 106 42

47 248 5

81 20 47

211 190 50

285 99 75

255 286 36

314 179 11

144 26 54

176 360 99

297 146 23

354 222 25

164 351 45

151 371 14

292 55 80

214 171 77

142 219 17

297 253 78

26 356 98

285 62 34

24 231 68

347 141 44

320 327 2

39 96 36

347 123 6

311 23 70

342 267 44

366 167 100

294 213 19

279 126 50

337 235 88

231 275 53

340 181 11

71 304 90

55 180 2

72 179 53

150 1 6

129 91 97

182 218 8

1 109 51

306 230 52

108 46 71

276 340 19

56 51 28

142 295 52

83 377 61

187 359 35

363 16 80

193 305 20

2 219 49

380 249 97

77 194 71

49 107 49

315 82 11

261 236 5

119 283 100

356 393 23

218 262 11

73 396 14

163 276 88

395 49 83

87 324 12

167 378 5

264 297 50

351 213 10

23 185 32

5 154 98

201 112 100

185 82 2

44 1 79

135 205 95

300 11 14

201 89 67

134 358 78

59 354 51

1 348 51

352 368 28

362 216 56

3 159 62

137 97 80

45 369 100

248 318 16

199 375 70

85 30 98

162 103 77

389 234 91

336 247 69

148 105 93

246 112 38

142 279 66

384 34 58

7 32 19

72 277 91

113 269 49

131 110 76

293 239 96

88 224 57

182 92 8

299 366 40

92 78 67

358 260 9

75 7 9

268 378 77

150 128 48

281 44 61

219 32 83

160 15 14

365 253 41

21 46 24

361 316 22

342 68 70

189 378 92

267 102 47

188 136 23

228 142 35

12 322 54

354 57 60

43 85 93

349 280 35

37 167 25

65 103 47

228 167 7

58 382 94

287 297 62

97 59 32

179 369 29

66 6 20

46 190 8

286 221 56

191 317 41

151 243 99

277 172 28

225 74 56

355 241 30

125 220 11

39 316 33

22 189 36

154 221 75

239 16 96

173 197 29

308 349 43

120 271 43

239 100 2

153 231 98

250 255 35

153 369 70

120 116 25

120 3 32

375 86 35

83 247 15

81 69 81

325 267 78

216 117 70

363 4 80

223 272 46

56 80 16

194 74 38

118 231 30

297 137 39

179 284 58

274 55 89

92 153 44

124 171 67

252 143 100

13 341 43

17 384 38

86 175 9

346 260 16

184 262 60

219 202 49

124 141 86

127 182 72

59 274 62

294 5 91

206 198 45

374 220 70

391 111 41

188 229 81

183 383 49

91 357 21

323 314 56

92 248 25

197 250 34

179 222 55

219 214 30

218 395 83

305 297 36

360 67 73

320 398 10

346 120 65

267 181 89

181 14 31

350 392 15

343 229 16

110 277 44

335 135 39

48 36 63

150 238 87

354 24 29

385 315 4

268 238 42

11 152 29

65 333 12

241 384 82

25 311 10

354 117 13

238 123 16

164 337 23

69 148 55

145 105 64

180 362 50

88 147 94

320 301 94

313 95 32

305 219 99

84 135 85

249 370 56

250 95 70

393 216 28

386 95 71

39 285 100

290 391 68

88 77 19

356 372 6

344 86 35

190 126 4

332 272 19

140 371 67

74 72 27

24 88 85

274 12 96

151 187 33

341 330 29

230 213 3

228 222 31

294 93 52

378 285 9

245 215 62

327 290 9

139 261 72

186 327 67

128 330 40

341 67 70

25 48 37

68 171 48

0 20 68

133 327 12

45 78 87

258 278 29

72 304 81

45 15 13

1 159 34

369 252 56

277 118 29

234 55 82

341 34 48

359 226 96

77 188 46

344 213 11

163 166 12

385 31 42

37 7 94

328 133 94

237 350 14

3 157 54

231 385 53

311 233 68

177 269 78

290 258 75

20 329 81

372 77 73

46 4 79

370 164 24

18 173 56

34 367 63

28 34 72

263 225 55

17 262 60

52 40 26

25 26 70

161 219 40

60 376 81

211 165 78

140 10 30

70 61 20

80 311 40

6 102 27

351 36 25

193 105 66

340 386 22

309 210 15

251 285 4

338 317 72

331 308 85

153 96 23

226 392 8

375 116 9

182 255 47

18 231 6

284 11 21

338 90 53

58 194 77

51 161 35

46 240 100

52 290 54

379 46 46

299 375 4

58 183 6

71 107 78

346 165 65

111 90 84

1 65 77

184 297 33

291 69 63

232 0 53

273 217 74

266 269 26

154 110 63

214 144 68

6 216 90

120 215 99

268 42 100

222 138 37

80 224 68

12 282 18

257 83 34

249 329 25

279 353 10

56 359 88

80 40 26

168 220 32

373 46 1

311 305 64

330 210 82

325 79 50

67 234 64

298 91 98

124 158 76

39 343 45

144 24 66

103 239 2

229 301 69

138 333 98

72 284 42

85 394 93

175 353 32

34 131 43

343 47 51

330 251 14

270 228 77

253 264 35

63 360 82

22 69 93

237 107 38

40 385 70

0 307 50

16 101 5

28 107 57

316 215 86

93 394 91

355 324 3

156 157 19

354 51 91

175 25 65

221 147 96

173 180 57

185 386 93

152 336 12

288 163 30

145 68 82

259 205 24

103 192 53

238 373 99

322 393 32

313 253 30

159 151 42

198 339 56

159 71 11

183 37 96

13 158 4

24 354 62

160 228 38

21 110 54

282 59 63

139 193 37

81 49 97

342 296 88

5 91 47

204 281 90

42 323 44

300 127 96

364 264 81

330 376 56

136 120 11

346 182 45

186 91 4

370 235 88

80 103 10

230 23 5

197 130 36

165 277 83

276 166 60

345 306 79

259 216 58

195 190 39

167 307 63

153 92 21

89 332 27

296 169 82

66 193 9

2 151 39

281 127 58

198 390 93

277 84 98

147 218 11

245 319 69

82 21 39

387 355 44

109 389 71

196 222 60

91 369 98

333 295 79

60 383 49

57 290 1

14 198 17

380 136 59

348 317 93

192 313 58

228 100 30

328 356 22

46 195 36

397 207 91

148 116 92

144 24 72

68 326 75

278 352 79

104 318 62

233 1 8

49 336 6

275 112 80

225 278 79

292 180 75

151 94 24

72 347 6

321 386 28

307 352 17

151 153 37

119 261 69

250 93 42

286 137 6

353 164 85

184 52 13

179 81 75

196 53 52

182 276 15

297 219 87

267 107 46

121 22 23

132 234 98

125 68 32

7 348 28

371 67 8

148 167 22

126 396 46

59 354 30

86 260 97

242 169 82

134 380 100

385 190 61

128 282 32

369 98 99

226 261 55

359 108 68

71 47 46

92 286 73

358 295 11

305 369 9

51 167 21

349 127 22

249 282 67

57 210 28

115 249 83

12 281 8

213 214 45

190 69 57

390 159 47

368 383 87

101 314 10

29 107 48

368 220 96

209 383 2

49 168 38

140 266 28

214 104 10

65 111 87

45 53 87

49 71 33

162 307 59

49 35 3

395 157 39

135 317 83

201 371 70

118 360 53

89 162 28

254 159 85

27 130 17

384 145 31

215 336 33

245 377 81

297 217 84

334 94 50

384 71 53

160 300 10

165 307 22

87 335 12

25 151 72

205 319 51

336 170 22

165 168 12

327 312 95

170 272 71

310 118 50

268 277 60

79 164 54

281 45 7

178 264 23

191 247 65

244 5 63

129 85 11

43 85 95

203 80 60

262 318 76

16 205 41

121 267 71

342 120 4

25 398 33

303 144 23

211 164 7

253 57 13

396 303 74

62 307 41

71 348 47

392 335 67

138 279 91

300 29 20

314 18 43

55 192 98

249 199 16

305 182 31

277 310 58

51 48 90

275 236 25

365 60 45

378 80 82

64 258 60

230 390 7

194 44 32

236 280 53

192 269 57

16 148 76

118 227 54

176 382 90

391 53 24

112 349 38

56 297 41

33 326 20

303 195 86

209 384 92

12 64 11

16 65 42

10 341 58

62 23 43

249 391 50

263 163 66

294 317 70

267 252 64

344 331 73

132 13 31

119 122 76

327 234 11

329 27 45

37 349 5

87 356 58

100 260 55

157 153 52

8 380 76

364 243 52

201 372 70

156 282 76

138 214 13

362 240 11

54 311 16

383 147 19

239 344 71

152 113 2

199 1 67

351 110 77

41 181 1

331 78 70

273 191 17

216 150 92

14 151 81

385 337 53

196 176 34

306 42 12

226 380 57

236 114 1

214 206 35

89 141 69

184 300 32

112 15 42

64 291 31

137 167 88

89 1 30

381 155 66

35 28 58

42 183 19

249 257 91

256 326 70

386 351 18

165 5 79

276 156 86

181 91 74

359 185 50

40 47 19

64 211 6

29 277 67

67 192 71

246 141 65

28 29 63

374 360 45

295 357 55

144 24 52

260 397 87

365 178 68

43 323 8

111 24 16

284 27 72

41 107 97

303 257 40

319 282 89

335 305 85

346 288 80

386 176 77

31 27 94

247 312 84

281 331 5

265 288 77

123 10 3

214 30 80

338 76 48

183 60 17

35 38 89

40 229 99

334 316 44

369 110 23

118 241 72

278 184 32

362 254 26

116 68 53

15 237 63

24 272 84

332 339 21

378 264 39

100 136 11

213 74 82

346 319 49

97 336 30

214 15 1

81 139 36

340 141 16

79 60 43

313 94 84

22 56 24

176 309 76

16 345 54

52 184 42

214 182 72

279 127 39

395 20 87

49 2 40

272 293 61

359 270 14

317 247 40

196 272 67

266 24 28

32 132 14

356 232 2

268 164 97

80 251 8

76 209 95

114 132 80

159 383 21

194 366 30

77 118 2

26 221 65

362 199 15

349 219 93

324 116 40

235 6 97

103 166 97

234 34 98

36 285 17

161 319 24

95 167 42

85 104 35

179 279 43

215 323 92

353 261 75

384 39 96

391 201 71

329 18 45

54 278 70

20 117 24

48 172 69

254 296 88

378 170 31

259 380 28

275 342 62

199 385 15

241 34 85

111 139 62

237 244 50

14 381 37

235 160 45

258 80 43

147 313 85

109 290 11

289 134 14

58 15 78

196 305 1

202 220 45

318 187 58

73 334 88

50 372 43

259 177 3

217 306 76

196 375 10

19 360 64

284 25 90

379 332 84

330 39 19

182 279 43

187 68 77

245 261 38

272 209 17

122 300 19

34 214 52

335 243 62

17 385 9

261 264 7

313 293 59

119 121 21

334 62 11

162 336 56

161 79 37

214 332 59

188 301 38

330 7 48

157 81 99

71 37 95

208 77 82

221 280 13

139 387 100

225 165 84

237 74 64

279 366 36

52 239 67

21 306 94

50 18 32

204 190 68

128 125 22

89 19 28

134 60 57

40 238 19

94 156 18

154 15 78

16 70 50

226 384 49

140 163 2

89 1 90

316 234 23

334 240 82

9 65 22

208 293 16

13 47 46

180 179 93

7 64 96

162 135 29

183 27 38

228 260 67

189 64 46

249 313 58

114 364 71

24 242 94

93 129 100

360 157 92

62 18 7

171 148 25

253 211 91

383 299 35

105 291 76

216 151 87

28 283 44

384 57 33

133 60 49

93 229 64

99 208 57

15 369 80

274 21 7

17 370 47

350 211 51

204 254 80

195 252 58

235 312 98

243 161 65

27 278 18

389 154 64

107 226 86

264 352 35

227 291 20

57 239 83

174 120 12

188 185 79

126 155 68

364 100 42

23 31 24

375 261 4

333 60 99

74 291 46

138 174 76

203 98 27

51 317 96

185 78 9

93 348 29

98 143 65

2 96 23

126 376 56

176 150 23

46 6 61

314 125 40

185 204 91

131 61 16

392 384 93

312 291 49

359 305 33

268 282 62

23 193 93

313 359 90

110 213 29

38 243 73

219 82 36

53 210 96

316 83 70

58 298 34

62 384 3

291 380 91

215 292 66

103 33 78

151 296 27

382 275 33

185 178 14

84 247 51

52 108 28

336 332 24

303 43 72

220 107 86

25 42 38

49 281 54

115 379 87

102 147 62

234 115 31

306 338 32

318 29 26

353 266 77

277 226 100

296 227 27

338 164 56

179 190 29

170 131 96

202 165 78

63 216 42

137 364 10

105 378 2

252 155 38

363 190 13

51 294 15

396 125 97

111 165 54

223 319 84

282 2 44

115 262 39

384 352 2

398 58 58

30 313 78

323 157 61

165 378 91

131 254 71

132 13 86

291 221 49

211 223 53

174 277 37

245 147 79

52 221 91

266 91 4

19 90 88

194 308 63

312 261 66

133 137 76

159 32 47

135 34 47

88 303 78

349 324 43

58 169 94

245 304 20

163 118 35

334 3 46

235 376 15

41 142 84

376 133 44

166 48 33

99 170 44

191 217 40

53 12 22

323 12 12

57 310 33

48 96 43

70 182 6

283 357 47

280 67 57

312 77 88

73 148 17

207 135 49

257 87 53

30 21 75

197 63 11

318 140 9

376 128 1

262 238 97

5 167 22

382 373 57

159 18 44

214 313 32

295 222 72

21 220 76

133 190 21

84 282 73

389 202 12

293 175 60

270 76 71

169 387 93

100 336 100

54 20 65

206 329 82

157 179 12

75 53 82

213 149 31

16 372 60

308 356 84

396 60 30

220 322 46

238 245 96

211 32 5

228 340 7

101 163 13

324 149 14

316 382 87

77 181 61

207 44 55

44 253 58

63 196 67

236 52 100

146 264 52

129 176 67

1 215 49

349 197 31

125 204 91

96 79 51

70 91 15

157 336 74

243 356 67

307 345 81

82 304 62

67 15 83

338 299 96

277 140 55

294 24 24

335 277 18

281 229 19

155 353 54

24 190 13

174 331 50

5 45 49

114 163 48

55 164 76

158 300 45

271 296 100

16 12 39

109 12 91

389 71 2

35 378 83

259 224 4

185 94 80

325 38 59

72 388 34

183 300 62

284 212 8

146 171 4

217 315 88

94 330 49

335 288 27

120 314 19

120 397 21

20 219 95

78 332 85

249 154 6

265 382 38

167 199 10

6 283 36

39 197 54

200 49 89

212 3 26

100 349 38

331 135 76

241 258 3

228 42 30

78 274 72

154 150 38

236 50 89

239 63 4

354 315 62

84 137 100

342 30 77

329 383 54

104 36 15

365 149 66

18 36 90

164 265 7

71 312 77

202 148 1

246 256 100

214 208 57

357 325 29

1 211 9

233 188 58

372 222 64

170 354 100

348 8 39

27 372 73

243 30 6

277 361 75

114 288 20

183 288 43

357 235 53

303 203 14

327 338 35

141 394 3

132 257 73

344 364 41

25 377 14

336 340 26

303 317 92

59 15 8

107 261 87

363 164 90

321 248 61

383 269 56

51 112 39

177 247 96

380 136 95

87 329 5

119 237 33

270 274 10

317 76 25

387 2 17

260 279 78

275 119 17

219 235 26

247 198 25

24 262 4

381 200 64

193 191 78

394 153 89

382 38 3

332 243 35

291 18 14

121 322 93

6 291 86

308 386 19

251 96 89

390 267 98

6 89 52

273 334 69

175 367 53

302 67 55

324 167 40

20 86 8

196 356 28

98 263 22

378 254 41

50 39 42

71 28 81

12 184 63

31 300 36

114 101 52

105 381 43

292 255 49

43 153 53

392 128 58

26 125 1

150 373 57

314 16 2

40 318 12

281 64 44

257 392 93

2 304 44

243 335 8

76 204 7

137 298 99

34 169 7

284 164 10

170 367 14

261 194 45

348 162 41

100 84 32

270 84 92

164 16 7

32 5 6

80 175 32

174 171 65

238 121 82

235 315 39

79 200 14

1 119 9

192 238 96

226 3 83

195 392 79

208 105 66

198 83 61

209 160 77

297 121 84

324 319 12

42 243 35

228 349 71

396 275 21

217 72 67

297 127 6

389 374 99

67 209 68

302 333 27

310 194 11

113 130 71

47 25 11

340 280 60

165 224 37

388 114 25

77 135 36

372 276 71

153 175 65

36 326 50

73 303 95

323 41 91

348 323 58

260 160 18

342 284 17

396 32 97

280 65 92

160 75 72

304 238 17

322 250 35

143 387 23

250 335 49

59 175 67

103 347 26

298 17 64

128 121 83

22 377 4

73 378 46

212 126 73

232 134 57

227 3 14

382 376 16

358 29 67

184 278 5

265 287 91

26 164 58

322 323 77

268 291 44

130 218 23

104 139 87

46 41 83

278 169 91

136 363 48

16 339 88

203 75 100

0 203 74

367 240 51

353 8 94

42 235 11

375 9 84

358 354 91

8 351 84

367 157 69

346 235 33

124 276 81

134 50 25

181 42 72

354 278 28

30 21 6

27 272 25

224 325 44

139 63 50

7 74 45

248 348 64

83 283 51

235 112 30

226 396 69

55 376 58

82 339 86

30 195 9

376 283 9

55 232 8

158 224 35

396 294 91

106 208 14

318 304 96

350 261 79

121 114 91

1 357 18

328 201 63

181 110 51

367 122 42

374 81 62

356 312 4

23 342 21

320 189 59

130 298 40

47 103 77

364 230 56

36 316 21

350 237 27

139 398 95

190 238 95

2 65 81

300 268 38

269 65 3

52 99 26

309 317 62

289 314 81

136 186 33

208 126 85

269 354 50

13 85 35

67 36 12

147 219 87

10 27 32

283 121 54

273 331 61

152 396 83

117 185 56

334 273 71

96 162 84

187 217 61

390 44 83

173 60 81

343 297 33

2 320 33

180 214 83

227 48 2

103 20 74

28 82 9

122 272 40

281 258 13

375 76 45

132 278 49

271 121 79

370 141 16

185 7 2

212 272 84

282 73 25

396 227 58

231 43 71

129 3 77

210 352 42

139 224 77

15 146 65

265 308 80

43 233 25

313 81 77

93 392 11

56 341 98

31 200 26

229 67 6

289 63 85

351 188 97

151 65 51

138 57 6

396 258 51

382 4 90

285 350 99

53 347 89

331 378 61

187 128 22

151 110 12

165 377 71

247 395 14

25 353 68

231 48 99

313 116 46

341 1 44

234 138 48

195 68 100

315 70 39

357 101 9

132 116 33

23 393 38

344 367 46

150 307 25

320 210 74

36 67 46

40 11 67

316 72 16

172 5 85

198 154 86

348 383 81

191 20 9

70 15 41

9 182 38

272 111 86

310 211 57

371 156 27

181 4 74

356 54 68

293 353 37

169 360 80

255 155 64

12 109 53

84 144 89

383 304 97

396 17 70

11 287 63

223 111 33

19 81 78

339 127 96

121 183 62

333 368 81

43 28 77

327 106 12

203 278 17

296 319 63

44 289 38

160 354 53

15 67 21

108 62 52

4 306 73

202 95 12

23 193 8

42 156 32

0 250 32

276 40 17

199 176 37

282 205 85

150 361 82

250 275 26

296 186 35

154 354 88

199 277 70

190 257 71

47 34 30

62 82 99

55 142 32

120 8 14

297 179 36

334 134 48

161 276 43

61 228 52

342 205 92

46 360 90

25 64 47

198 188 20

159 54 39

206 223 52

93 237 43

249 329 37

279 226 12

12 247 70

111 85 62

131 198 86

112 349 53

311 123 4

242 275 32

122 23 58

44 60 84

205 269 84

38 351 11

275 316 18

108 63 97

113 358 91

214 382 100

162 283 59

336 140 73

81 219 8

345 235 18

303 305 19

102 304 77

249 171 27

60 276 34

163 250 18

180 265 19

366 343 32

318 18 26

80 82 77

192 360 26

264 174 42

87 398 42

227 84 13

238 389 43

358 363 67

100 163 54

142 271 85

234 159 88

314 124 24

159 215 39

78 263 36

194 75 50

13 349 39

197 285 85

105 119 60

361 248 31

195 323 2

116 345 100

262 335 37

294 274 43

109 64 8

282 260 63

16 213 82

371 341 73

9 286 74

42 262 33

124 56 38

208 87 98

332 154 73

304 13 44

4 69 46

259 283 36

156 388 4

69 160 54

352 358 51

3 177 16

136 39 49

151 181 4

334 291 27

381 152 67

197 205 32

221 117 51

155 395 26

349 396 11

289 213 48

65 392 42

23 130 39

196 302 23

390 271 9

251 216 31

112 311 74

75 299 89

169 256 12

198 100 71

217 209 18

382 307 56

83 43 95

326 342 13

108 305 12

367 397 62

177 4 73

105 320 45

315 211 41

122 380 25

289 378 53

199 190 39

59 64 42

25 47 14

306 216 13

72 169 89

126 369 85

118 265 36

269 236 37

283 380 66

368 27 87

241 320 4

328 151 55

317 365 29

33 105 47

138 132 96

357 70 76

117 296 76

309 383 8

242 358 56

396 384 61

61 305 97

192 327 26

19 341 5

282 316 60

20 316 96

199 394 50

25 241 79

222 65 73

309 127 32

109 117 42

158 142 93

372 265 50

289 141 62

209 330 9

205 106 79

389 362 10

286 89 95

335 154 66

157 224 75

96 166 64

298 245 37

63 349 40

45 234 96

53 43 23

161 108 91

40 387 34

296 161 15

273 79 50

110 63 37

86 23 4

122 43 92

340 175 13

118 109 22

281 372 26

50 293 81

27 202 91

141 290 48

24 333 19

119 204 80

19 32 19

236 72 76

161 332 29

344 252 5

344 170 75

350 200 67

353 289 53

90 235 8

294 249 29

351 127 33

376 57 48

321 140 76

147 163 34

252 338 65

47 80 27

65 288 9

183 24 74

362 247 55

141 27 70

347 294 80

52 289 56

296 156 21

362 338 44

38 68 76

330 74 49

284 201 51

128 365 56

374 319 94

374 185 79

278 146 23

394 151 71

199 336 34

157 272 47

327 124 100

378 178 29

231 67 97

73 95 83

191 106 33

194 188 41

145 320 52

211 320 68

208 142 63

148 313 91

282 104 53

0 238 63

142 69 38

335 131 65

103 179 3

277 312 64

5 397 61

228 113 21

91 94 98

108 337 59

216 214 27

225 165 56

219 57 45

93 1 76

259 249 25

28 22 32

254 85 4

200 13 22

75 273 52

155 31 71

324 389 87

317 152 16

265 32 26

148 1 71

292 287 70

191 274 32

34 11 29

52 235 27

105 183 25

160 245 12

159 274 51

240 281 99

282 392 79

301 142 97

377 289 24

296 213 87

113 36 18

205 236 25

173 377 82

85 359 44

194 160 40

86 6 8

125 175 20

389 266 86

7 29 26

228 289 28

367 390 59

180 55 79

127 170 52

140 27 96

350 354 79

220 381 2

260 353 56

386 344 96

32 316 6

393 268 61

255 48 58

109 17 90

165 9 71

347 374 21

18 23 18

390 41 18

386 302 37

44 355 60

239 282 65

85 355 63

213 9 96

1 169 75

128 12 72

301 26 44

180 385 3

3 110 91

314 319 77

337 196 57

52 222 10

88 80 4

122 390 89

140 10 73

342 266 1

257 122 17

196 88 28

279 396 51

250 202 36

47 235 68

349 108 82

231 323 2

293 227 8

138 293 73

22 3 86

365 222 16

25 315 63

82 195 90

357 167 22

247 189 91

386 169 26

163 133 39

26 263 64

242 149 58

217 357 10

385 39 74

278 183 16

159 201 10

310 136 75

293 170 29

206 217 6

158 394 57

308 197 16

150 192 57

28 42 92

28 264 21

30 24 2

64 188 20

210 98 71

10 220 27

27 260 71

83 376 81

70 167 42

122 231 86

114 251 79

376 182 45

356 228 7

151 386 21

312 101 42

323 167 2

25 127 64

281 325 68

353 48 2

337 388 41

141 62 14

352 329 53

366 217 32

221 57 5

82 358 52

86 132 93

308 146 37

116 279 70

201 321 53

382 212 34

210 60 37

297 138 51

370 178 44

127 77 31

31 62 20

118 135 29

17 41 96

35 108 7

252 156 15

245 8 42

262 346 16

219 336 74

8 383 83

