166
107
147
185
117
121
122
103
172
144
134
188
160
144
181
140
127
136
165
185
117
135
168
175
102
185
159
164
109
174
159
174
159
141
136
112
114
116
109
186
183
173
144
193
157
144
129
174
143
186
189
103
191
144
107
170
104
185
122
105
112
177
136
168
151
135
115
110
111
123
179
188
154
173
135
152
198
137
112
128
140
118
131
131
154
134
163
166
169
158
138
128
198
199
139
199
135
193
143
181
193
112
200
124
176
115
137
145
127
172
134
123
198
133
102
149
200
173
147
157
186
119
162
103
174
164
137
101
120
149
143
134
124
139
177
151
115
121
192
177
101
141
177
182
126
115
193
119
193
111
117
169
142
150
119
112
134
142
159
178
145
102
150
175
116
146
108
168
171
167
182
172
103
123
106
177
185
137
158
175
194
148
100
111
146
146
164
179
129
158
151
125
200
199
179
109
146
183
126
133
