0	4	1
0	7	54
0	8	27
0	9	71
0	16	78
0	18	44
0	19	12
0	28	25
0	32	82
0	33	70
0	34	80
0	36	97
0	38	99
0	42	26
0	48	18
0	54	98
0	58	10
0	62	38
0	66	46
0	68	53
0	69	35
0	75	54
0	76	6
0	77	18
0	78	24
0	79	43
0	80	84
0	81	73
0	82	25
0	84	51
0	86	83
0	89	70
0	90	85
0	93	59
0	97	91
0	99	16
0	100	46
0	103	72
0	107	2
0	108	13
0	112	44
0	115	72
0	116	88
0	118	29
0	120	92
0	138	92
0	145	19
0	147	23
0	153	92
0	162	10
0	164	72
0	167	28
0	168	18
0	170	15
0	171	58
0	173	13
0	176	35
0	180	92
0	185	12
0	188	2
0	189	7
0	195	79
0	196	90
0	198	89
1	7	43
1	9	86
1	10	56
1	24	6
1	27	40
1	29	29
1	34	18
1	36	20
1	38	89
1	39	81
1	40	85
1	41	12
1	63	44
1	65	18
1	66	45
1	71	10
1	74	52
1	83	26
1	85	60
1	88	71
1	90	97
1	93	70
1	97	79
1	98	5
1	106	36
1	107	35
1	109	5
1	113	4
1	125	11
1	129	15
1	136	7
1	137	68
1	148	43
1	151	51
1	152	54
1	164	31
1	165	63
1	167	93
1	169	69
1	170	72
1	176	40
1	180	67
1	181	20
1	182	13
1	187	100
1	189	89
1	190	16
1	196	49
1	199	2
2	4	92
2	5	66
2	12	100
2	14	22
2	16	18
2	20	99
2	21	6
2	23	68
2	24	17
2	32	32
2	33	47
2	36	7
2	45	85
2	46	57
2	47	52
2	52	27
2	53	56
2	57	84
2	60	65
2	66	15
2	71	69
2	75	79
2	76	49
2	77	62
2	78	53
2	79	41
2	80	30
2	84	54
2	87	95
2	92	61
2	93	38
2	95	48
2	97	11
2	106	51
2	108	78
2	109	30
2	112	98
2	117	61
2	120	87
2	121	7
2	125	72
2	134	21
2	136	10
2	139	28
2	143	68
2	144	73
2	146	24
2	147	66
2	149	38
2	152	88
2	155	56
2	156	51
2	159	94
2	160	64
2	172	60
2	173	89
2	177	32
2	178	18
2	179	100
2	182	79
2	183	95
2	185	92
2	195	35
2	198	93
3	5	4
3	8	16
3	9	13
3	17	24
3	18	85
3	21	81
3	23	39
3	29	34
3	33	98
3	41	61
3	61	16
3	62	7
3	68	53
3	71	40
3	83	28
3	84	21
3	85	25
3	88	21
3	90	36
3	94	28
3	101	6
3	105	21
3	109	14
3	110	6
3	113	18
3	116	56
3	121	64
3	124	23
3	128	47
3	133	19
3	134	38
3	138	29
3	144	65
3	146	11
3	147	41
3	148	21
3	151	22
3	155	15
3	157	37
3	161	52
3	163	48
3	164	27
3	167	59
3	175	43
3	179	100
3	180	36
3	184	8
3	196	30
3	197	22
3	199	91
4	11	14
4	18	59
4	19	18
4	30	37
4	34	73
4	35	83
4	41	5
4	42	24
4	50	51
4	55	18
4	61	85
4	62	6
4	68	90
4	69	31
4	73	52
4	74	15
4	79	30
4	83	12
4	84	89
4	85	51
4	94	23
4	98	72
4	101	84
4	103	61
4	104	10
4	116	18
4	118	21
4	122	27
4	129	4
4	133	7
4	137	5
4	145	92
4	146	3
4	151	49
4	152	86
4	157	64
4	168	41
4	169	56
4	176	25
4	189	8
4	190	74
4	191	91
4	193	11
4	194	95
5	7	69
5	9	74
5	11	74
5	12	20
5	15	15
5	16	32
5	22	97
5	26	89
5	29	67
5	42	23
5	45	82
5	46	16
5	51	19
5	52	5
5	53	87
5	54	45
5	56	42
5	58	57
5	59	69
5	60	29
5	64	53
5	65	28
5	67	38
5	71	91
5	75	63
5	79	79
5	82	18
5	85	22
5	89	60
5	90	38
5	94	56
5	95	62
5	96	27
5	98	39
5	99	59
5	101	100
5	103	44
5	112	99
5	113	32
5	116	68
5	120	46
5	121	59
5	124	64
5	127	9
5	128	94
5	129	22
5	130	6
5	131	58
5	135	35
5	139	19
5	143	5
5	149	9
5	150	74
5	164	81
5	165	55
5	173	47
5	175	33
5	179	33
5	180	3
5	181	49
5	187	54
5	188	54
5	193	73
5	195	15
5	198	31
6	13	97
6	15	4
6	26	20
6	27	96
6	28	53
6	34	47
6	42	54
6	45	34
6	51	75
6	59	36
6	65	40
6	66	75
6	68	58
6	69	97
6	70	25
6	71	27
6	74	80
6	85	59
6	97	88
6	101	71
6	104	57
6	106	45
6	111	17
6	112	75
6	113	95
6	124	31
6	128	96
6	130	4
6	132	38
6	134	63
6	144	5
6	148	12
6	155	86
6	165	96
6	166	45
6	167	89
6	173	37
6	181	91
6	184	36
6	187	51
6	192	78
6	193	52
7	11	59
7	12	89
7	15	16
7	18	44
7	19	29
7	24	25
7	25	64
7	29	3
7	30	10
7	35	61
7	40	57
7	41	39
7	49	16
7	50	1
7	51	33
7	54	39
7	58	52
7	60	42
7	64	86
7	67	15
7	70	43
7	71	14
7	74	12
7	75	81
7	76	97
7	78	73
7	81	25
7	83	59
7	84	63
7	85	65
7	87	49
7	88	95
7	91	64
7	92	72
7	100	27
7	104	56
7	110	55
7	111	27
7	118	97
7	121	78
7	122	38
7	124	72
7	126	19
7	132	75
7	134	22
7	137	34
7	138	99
7	140	7
7	142	1
7	143	16
7	146	4
7	148	83
7	150	52
7	153	2
7	154	4
7	158	55
7	163	96
7	167	5
7	168	46
7	175	39
7	177	27
7	178	49
7	181	55
7	186	54
7	192	83
7	193	74
7	194	56
8	10	12
8	13	69
8	15	30
8	23	53
8	24	23
8	26	95
8	30	72
8	34	40
8	45	24
8	48	11
8	56	81
8	61	16
8	65	76
8	66	11
8	68	16
8	71	8
8	72	82
8	74	62
8	75	3
8	77	35
8	86	33
8	87	89
8	96	57
8	97	31
8	102	37
8	107	53
8	109	8
8	113	7
8	114	27
8	119	51
8	122	32
8	128	67
8	130	11
8	133	90
8	134	83
8	135	24
8	139	97
8	142	25
8	148	76
8	154	41
8	156	88
8	161	100
8	168	54
8	169	58
8	170	8
8	173	46
8	174	98
8	175	68
8	176	67
8	177	45
8	179	31
8	181	11
8	193	57
8	195	53
9	11	78
9	12	12
9	13	50
9	14	11
9	18	44
9	21	10
9	23	1
9	28	89
9	29	36
9	38	8
9	42	43
9	44	87
9	46	19
9	66	20
9	73	48
9	74	67
9	75	81
9	83	80
9	84	7
9	88	62
9	91	78
9	95	72
9	96	50
9	97	45
9	99	97
9	101	30
9	112	97
9	119	76
9	121	25
9	123	46
9	125	46
9	127	12
9	131	28
9	133	49
9	135	65
9	136	77
9	140	31
9	143	61
9	144	61
9	147	85
9	156	80
9	158	95
9	168	38
9	170	95
9	174	44
9	176	22
9	177	56
9	178	22
9	180	54
9	184	98
9	190	23
9	197	18
10	12	19
10	14	35
10	19	5
10	20	60
10	21	6
10	27	4
10	28	41
10	32	56
10	33	24
10	37	77
10	40	66
10	43	84
10	44	86
10	48	9
10	49	31
10	52	88
10	54	10
10	55	98
10	61	30
10	67	36
10	69	39
10	74	87
10	76	41
10	77	25
10	78	53
10	83	18
10	85	18
10	90	61
10	91	22
10	93	96
10	94	1
10	97	62
10	104	31
10	107	12
10	108	89
10	116	12
10	119	77
10	120	33
10	121	27
10	127	51
10	128	59
10	129	81
10	131	83
10	134	45
10	135	87
10	137	58
10	138	85
10	140	36
10	141	41
10	144	62
10	148	30
10	150	77
10	156	21
10	157	72
10	166	73
10	172	9
10	176	81
10	177	10
10	181	60
10	183	8
10	185	46
10	187	79
10	188	77
10	191	47
10	196	50
10	198	22
11	15	45
11	16	72
11	21	12
11	23	74
11	24	89
11	25	11
11	27	10
11	34	91
11	37	98
11	46	11
11	48	67
11	49	62
11	57	74
11	61	90
11	65	79
11	70	75
11	84	5
11	85	77
11	97	72
11	101	63
11	105	92
11	112	23
11	113	26
11	114	63
11	117	73
11	120	38
11	126	47
11	132	51
11	133	24
11	135	40
11	136	96
11	144	12
11	147	22
11	149	52
11	150	44
11	152	5
11	155	12
11	156	24
11	159	26
11	160	50
11	168	50
11	171	38
11	179	98
11	189	100
11	193	52
12	14	43
12	15	51
12	21	43
12	23	95
12	24	56
12	25	1
12	27	7
12	28	3
12	29	90
12	30	61
12	35	46
12	37	67
12	38	43
12	39	46
12	41	69
12	42	37
12	43	47
12	52	43
12	63	30
12	65	91
12	67	86
12	69	60
12	71	23
12	72	50
12	78	63
12	79	64
12	84	97
12	87	3
12	88	28
12	89	90
12	90	97
12	91	18
12	99	68
12	101	100
12	104	5
12	105	54
12	107	66
12	108	27
12	110	34
12	119	34
12	122	49
12	125	91
12	126	20
12	127	44
12	129	20
12	135	70
12	136	11
12	138	3
12	140	72
12	142	14
12	152	53
12	153	48
12	154	53
12	155	91
12	156	94
12	159	93
12	160	23
12	162	56
12	167	87
12	171	10
12	184	13
12	191	84
12	192	4
12	196	29
12	198	72
13	14	96
13	15	36
13	19	67
13	24	27
13	27	58
13	29	71
13	31	12
13	39	12
13	41	7
13	43	28
13	60	67
13	63	66
13	65	49
13	69	9
13	72	15
13	77	18
13	80	1
13	81	94
13	83	47
13	86	22
13	91	95
13	102	16
13	103	51
13	106	10
13	109	87
13	110	56
13	119	93
13	120	67
13	123	43
13	126	99
13	128	56
13	131	45
13	132	13
13	134	45
13	138	22
13	140	53
13	143	30
13	147	86
13	148	73
13	153	68
13	154	92
13	169	50
13	172	27
13	173	38
13	174	53
13	179	36
13	183	2
13	187	84
13	188	59
13	193	16
13	195	98
13	198	1
13	199	60
14	20	69
14	21	34
14	24	80
14	25	3
14	28	47
14	30	12
14	35	79
14	45	53
14	50	86
14	54	18
14	57	32
14	60	37
14	62	47
14	70	65
14	72	69
14	75	51
14	76	63
14	85	54
14	98	100
14	99	55
14	106	94
14	108	93
14	109	26
14	126	59
14	129	77
14	135	72
14	142	45
14	143	84
14	144	19
14	146	36
14	148	23
14	150	66
14	155	80
14	157	24
14	163	14
14	166	97
14	171	45
14	175	74
14	176	84
14	177	53
14	180	99
14	185	16
14	188	32
14	191	6
14	193	50
14	197	30
15	22	98
15	27	22
15	28	74
15	29	3
15	30	45
15	31	35
15	44	95
15	45	54
15	47	12
15	50	94
15	61	50
15	62	58
15	64	77
15	65	78
15	67	63
15	72	14
15	77	85
15	78	48
15	79	72
15	80	94
15	82	56
15	83	85
15	84	70
15	86	88
15	88	61
15	95	37
15	97	53
15	100	78
15	105	10
15	107	70
15	122	34
15	123	56
15	128	3
15	129	48
15	130	72
15	138	86
15	140	24
15	148	30
15	149	13
15	154	97
15	155	29
15	159	30
15	160	69
15	161	80
15	172	27
15	173	23
15	174	75
15	184	44
15	188	75
15	195	26
15	196	11
16	33	85
16	38	22
16	40	58
16	41	23
16	46	97
16	47	47
16	49	29
16	50	74
16	53	45
16	55	63
16	62	83
16	64	21
16	65	8
16	68	53
16	69	89
16	70	90
16	72	86
16	75	17
16	82	71
16	87	42
16	89	63
16	90	59
16	92	82
16	98	84
16	101	52
16	102	45
16	107	93
16	111	48
16	112	62
16	114	79
16	115	40
16	116	38
16	117	95
16	122	20
16	126	51
16	127	18
16	131	79
16	133	28
16	136	36
16	143	11
16	148	22
16	150	30
16	152	58
16	156	84
16	158	58
16	161	41
16	162	41
16	163	76
16	166	82
16	172	48
16	173	44
16	175	46
16	178	3
16	180	74
16	185	90
16	186	52
16	191	66
16	192	73
16	193	58
16	195	58
16	197	56
17	23	6
17	31	4
17	33	4
17	36	85
17	41	84
17	43	9
17	44	33
17	48	93
17	49	98
17	51	71
17	55	34
17	56	59
17	59	67
17	64	43
17	65	75
17	66	99
17	70	59
17	73	83
17	75	28
17	76	71
17	80	11
17	85	75
17	87	47
17	91	87
17	93	87
17	94	35
17	97	21
17	100	62
17	101	12
17	103	88
17	104	91
17	106	70
17	107	30
17	108	3
17	110	59
17	117	37
17	120	50
17	123	24
17	127	67
17	130	17
17	132	23
17	142	1
17	144	76
17	146	90
17	150	66
17	151	12
17	156	55
17	160	55
17	168	43
17	172	64
17	175	3
17	179	15
17	181	51
17	182	96
17	183	41
17	188	39
17	189	66
17	190	35
17	192	22
18	21	93
18	29	47
18	30	65
18	31	9
18	41	59
18	44	44
18	54	97
18	59	96
18	61	36
18	64	98
18	66	37
18	68	22
18	71	50
18	81	90
18	85	87
18	86	76
18	88	70
18	95	88
18	97	87
18	99	19
18	102	5
18	104	72
18	115	34
18	122	92
18	126	5
18	127	11
18	129	24
18	134	90
18	137	34
18	139	90
18	142	86
18	144	92
18	146	73
18	147	82
18	148	41
18	152	57
18	154	25
18	157	41
18	159	3
18	168	41
18	175	19
18	176	36
18	177	95
18	185	85
18	186	70
18	188	22
18	189	56
18	190	74
18	196	79
18	198	23
18	199	95
19	20	76
19	21	90
19	22	37
19	26	99
19	28	63
19	35	43
19	36	47
19	37	32
19	39	41
19	48	87
19	54	91
19	56	63
19	59	94
19	60	50
19	64	56
19	67	41
19	69	90
19	71	32
19	76	53
19	77	72
19	79	47
19	83	78
19	87	1
19	89	48
19	90	89
19	93	92
19	96	20
19	98	53
19	103	84
19	106	40
19	108	31
19	111	39
19	113	44
19	116	90
19	122	10
19	125	68
19	129	87
19	132	85
19	135	96
19	140	1
19	141	77
19	142	57
19	144	59
19	145	18
19	149	84
19	150	16
19	153	6
19	155	66
19	156	87
19	167	56
19	168	15
19	176	67
19	178	94
19	180	45
19	182	51
19	186	62
19	196	77
19	197	85
20	21	34
20	23	35
20	24	78
20	25	10
20	29	34
20	33	24
20	40	28
20	45	11
20	46	33
20	50	92
20	53	100
20	59	38
20	60	100
20	61	48
20	62	95
20	65	14
20	66	58
20	67	96
20	73	84
20	79	74
20	81	8
20	84	25
20	87	91
20	88	1
20	89	64
20	99	84
20	105	41
20	106	22
20	111	34
20	112	58
20	116	93
20	121	97
20	122	78
20	126	75
20	127	97
20	129	28
20	134	36
20	136	45
20	138	40
20	140	13
20	145	98
20	149	57
20	150	55
20	151	100
20	152	82
20	154	58
20	155	85
20	165	39
20	167	98
20	170	55
20	172	89
20	175	58
20	177	94
20	179	97
20	182	91
20	184	32
20	185	40
20	193	63
20	194	52
20	195	95
20	197	3
21	23	68
21	31	13
21	34	57
21	38	35
21	40	17
21	45	93
21	49	35
21	50	93
21	53	78
21	58	76
21	61	36
21	70	61
21	73	83
21	77	38
21	88	76
21	90	48
21	92	36
21	94	20
21	96	12
21	97	1
21	111	99
21	112	35
21	113	20
21	115	5
21	125	43
21	131	86
21	132	70
21	140	48
21	145	39
21	155	78
21	157	89
21	160	56
21	162	26
21	163	72
21	164	54
21	166	24
21	168	86
21	170	84
21	171	31
21	173	49
21	177	93
21	181	60
21	182	80
21	185	1
21	186	41
21	187	69
21	188	10
21	197	61
21	198	54
22	23	4
22	26	11
22	32	97
22	33	99
22	34	73
22	36	10
22	37	89
22	38	88
22	39	36
22	40	69
22	42	94
22	48	34
22	49	68
22	51	83
22	52	74
22	53	60
22	56	80
22	61	51
22	67	34
22	68	72
22	69	17
22	72	68
22	73	45
22	77	59
22	78	59
22	87	54
22	90	62
22	93	68
22	94	35
22	96	28
22	97	25
22	98	27
22	101	39
22	102	84
22	103	2
22	104	96
22	105	67
22	106	72
22	110	96
22	111	14
22	113	40
22	114	95
22	115	76
22	122	95
22	125	40
22	126	3
22	130	97
22	131	28
22	134	91
22	142	3
22	144	89
22	146	16
22	148	4
22	154	38
22	155	84
22	157	50
22	159	26
22	163	17
22	164	97
22	171	60
22	173	46
22	174	40
22	178	45
22	181	22
22	182	15
22	187	12
22	192	39
22	195	31
22	196	72
23	24	51
23	25	1
23	28	15
23	33	20
23	35	75
23	47	55
23	54	58
23	59	16
23	61	51
23	71	9
23	87	96
23	95	73
23	97	42
23	98	50
23	99	82
23	103	11
23	104	71
23	107	86
23	117	6
23	118	21
23	119	62
23	122	100
23	125	76
23	126	100
23	127	41
23	128	73
23	131	82
23	134	1
23	137	33
23	138	46
23	142	6
23	146	24
23	147	66
23	152	12
23	153	18
23	160	88
23	167	29
23	168	9
23	172	100
23	173	62
23	175	56
23	177	3
23	178	55
23	179	93
23	188	66
23	192	17
23	199	51
24	32	70
24	34	14
24	35	30
24	37	65
24	38	9
24	42	48
24	48	49
24	51	83
24	54	91
24	55	96
24	56	41
24	58	56
24	60	97
24	61	84
24	63	48
24	65	52
24	69	11
24	70	16
24	71	63
24	74	71
24	78	34
24	81	22
24	87	31
24	88	17
24	93	69
24	100	30
24	102	73
24	103	20
24	104	92
24	105	54
24	109	3
24	111	14
24	116	92
24	118	43
24	121	92
24	128	81
24	130	64
24	140	20
24	141	36
24	142	26
24	148	13
24	153	11
24	154	32
24	157	71
24	161	93
24	162	2
24	163	81
24	165	87
24	169	33
24	171	37
24	178	97
24	179	62
24	180	9
24	188	53
24	191	35
24	194	49
24	197	68
25	28	11
25	32	28
25	33	48
25	36	13
25	38	50
25	46	20
25	48	78
25	49	78
25	50	1
25	54	81
25	56	10
25	60	12
25	62	69
25	63	51
25	66	6
25	67	38
25	68	90
25	73	78
25	74	21
25	77	62
25	79	68
25	82	28
25	85	11
25	90	35
25	96	58
25	97	52
25	99	5
25	101	47
25	103	51
25	105	78
25	107	5
25	111	30
25	114	35
25	115	14
25	117	29
25	124	93
25	131	56
25	134	30
25	137	8
25	142	74
25	146	2
25	150	6
25	151	37
25	154	68
25	159	99
25	169	63
25	170	11
25	175	40
25	178	59
25	181	91
25	182	20
25	184	87
25	186	15
25	188	29
26	32	1
26	34	38
26	35	57
26	37	59
26	38	48
26	45	88
26	51	85
26	52	88
26	54	79
26	55	49
26	58	75
26	59	84
26	62	24
26	67	54
26	76	15
26	82	34
26	83	13
26	85	84
26	86	56
26	87	23
26	89	10
26	93	21
26	94	68
26	95	49
26	96	60
26	98	47
26	102	15
26	104	7
26	107	48
26	108	7
26	116	96
26	117	96
26	121	77
26	124	27
26	128	47
26	129	73
26	137	91
26	141	46
26	142	19
26	145	13
26	151	39
26	156	53
26	161	54
26	166	65
26	170	67
26	171	94
26	172	18
26	178	19
26	179	60
26	184	62
26	189	93
26	190	100
26	192	69
26	193	62
26	194	39
26	198	29
27	32	6
27	34	48
27	42	80
27	43	78
27	44	50
27	47	51
27	48	11
27	49	20
27	50	82
27	51	77
27	55	93
27	60	79
27	66	1
27	68	37
27	77	54
27	82	68
27	84	17
27	85	60
27	91	60
27	96	61
27	97	86
27	102	26
27	103	74
27	104	58
27	105	21
27	106	46
27	109	80
27	113	77
27	117	71
27	119	44
27	120	82
27	123	26
27	132	26
27	134	14
27	141	1
27	143	13
27	148	46
27	158	76
27	161	52
27	163	6
27	166	39
27	175	5
27	176	75
27	178	50
27	181	34
27	182	6
27	183	97
27	185	71
27	186	66
27	187	64
27	190	12
27	191	76
27	195	37
27	196	80
27	199	89
28	32	13
28	35	45
28	36	24
28	40	97
28	50	69
28	52	73
28	54	66
28	58	98
28	60	53
28	64	31
28	68	47
28	72	77
28	78	8
28	80	43
28	81	78
28	83	17
28	84	91
28	85	89
28	90	22
28	93	46
28	96	86
28	100	46
28	104	36
28	106	16
28	107	7
28	108	90
28	113	1
28	115	4
28	118	18
28	121	84
28	122	46
28	125	84
28	126	77
28	128	12
28	130	59
28	134	20
28	135	44
28	137	57
28	139	62
28	140	54
28	147	60
28	151	36
28	153	67
28	160	35
28	162	50
28	164	64
28	168	98
28	181	10
28	184	7
28	188	64
28	193	74
28	198	39
29	39	72
29	40	35
29	48	58
29	49	47
29	60	14
29	67	97
29	74	14
29	75	50
29	77	14
29	78	29
29	79	80
29	81	45
29	83	73
29	84	22
29	97	82
29	99	70
29	102	18
29	106	69
29	118	74
29	121	22
29	123	57
29	125	9
29	134	66
29	138	2
29	145	98
29	146	50
29	150	89
29	151	4
29	156	99
29	157	100
29	160	44
29	161	4
29	164	70
29	166	1
29	167	8
29	171	43
29	172	82
29	175	14
29	176	33
29	177	61
29	178	58
29	179	85
29	181	50
29	183	25
29	184	17
29	187	25
29	188	3
29	192	49
29	193	20
29	196	42
29	197	49
29	198	18
30	31	46
30	32	3
30	35	75
30	40	32
30	43	22
30	54	78
30	56	63
30	60	94
30	61	16
30	63	24
30	66	16
30	71	30
30	78	16
30	90	44
30	103	82
30	112	91
30	114	25
30	119	68
30	122	89
30	128	4
30	130	59
30	133	95
30	134	44
30	137	74
30	139	27
30	145	54
30	146	46
30	149	73
30	153	66
30	154	62
30	157	73
30	158	96
30	160	20
30	164	46
30	165	46
30	170	88
30	173	50
30	174	55
30	178	23
30	186	15
30	187	53
30	188	73
30	192	64
30	196	44
31	33	10
31	36	68
31	39	11
31	41	87
31	42	37
31	43	80
31	47	66
31	48	40
31	49	9
31	51	89
31	53	57
31	56	9
31	59	78
31	60	40
31	63	90
31	67	79
31	70	69
31	71	38
31	76	55
31	80	37
31	82	18
31	85	53
31	90	21
31	91	95
31	92	63
31	93	55
31	95	58
31	102	74
31	103	62
31	106	22
31	107	77
31	110	44
31	113	38
31	118	15
31	121	60
31	126	25
31	148	84
31	150	78
31	151	43
31	155	4
31	156	36
31	159	30
31	161	30
31	163	98
31	164	11
31	168	44
31	173	99
31	180	59
31	182	11
31	192	36
31	193	86
31	194	47
31	199	75
32	35	34
32	37	100
32	38	51
32	43	51
32	49	64
32	60	25
32	69	30
32	70	26
32	74	84
32	75	82
32	80	11
32	82	53
32	83	38
32	84	19
32	85	46
32	86	8
32	91	4
32	92	16
32	93	30
32	94	30
32	96	6
32	97	84
32	98	87
32	99	54
32	102	8
32	112	92
32	117	43
32	118	16
32	123	7
32	124	46
32	125	84
32	129	62
32	130	100
32	134	4
32	139	15
32	144	42
32	146	57
32	149	85
32	153	81
32	155	31
32	156	65
32	158	1
32	159	39
32	160	67
32	161	49
32	164	95
32	165	100
32	172	46
32	173	13
32	174	13
32	184	66
32	186	56
32	188	80
32	195	26
32	199	83
33	35	28
33	36	19
33	37	75
33	38	55
33	39	51
33	41	70
33	44	93
33	46	57
33	47	47
33	56	46
33	58	18
33	65	91
33	66	31
33	68	16
33	70	93
33	71	87
33	77	77
33	82	19
33	84	66
33	90	28
33	95	37
33	104	72
33	106	8
33	109	54
33	110	31
33	112	23
33	114	86
33	116	80
33	123	36
33	125	6
33	127	6
33	136	92
33	140	8
33	142	65
33	147	19
33	148	49
33	152	81
33	157	9
33	158	41
33	159	93
33	163	8
33	169	71
33	171	63
33	181	93
33	183	91
33	184	75
33	188	19
33	189	17
33	192	66
33	193	77
33	195	56
33	196	35
34	43	64
34	45	72
34	50	74
34	52	70
34	53	49
34	55	29
34	56	67
34	68	15
34	69	66
34	74	38
34	75	31
34	76	58
34	77	23
34	83	33
34	85	83
34	87	84
34	90	19
34	91	28
34	95	74
34	99	56
34	101	63
34	103	94
34	104	83
34	107	48
34	119	42
34	121	22
34	125	51
34	132	2
34	138	53
34	139	94
34	141	70
34	142	45
34	145	38
34	153	63
34	161	21
34	164	7
34	169	59
34	172	58
34	177	27
34	191	93
34	195	37
34	197	6
34	199	68
35	43	45
35	44	91
35	45	96
35	52	9
35	54	20
35	55	22
35	58	57
35	61	10
35	62	19
35	65	82
35	67	32
35	69	57
35	73	35
35	75	17
35	77	54
35	78	88
35	83	6
35	86	32
35	88	61
35	93	6
35	95	14
35	96	79
35	98	26
35	99	6
35	101	27
35	102	81
35	109	36
35	110	79
35	112	17
35	120	49
35	124	34
35	130	14
35	132	93
35	135	44
35	137	29
35	140	15
35	141	7
35	154	35
35	157	17
35	161	42
35	163	65
35	164	4
35	166	44
35	170	22
35	171	75
35	173	84
35	176	23
35	179	81
35	182	56
35	184	33
35	194	33
35	197	84
36	39	63
36	40	60
36	48	65
36	53	58
36	59	2
36	62	79
36	63	44
36	64	100
36	69	9
36	72	30
36	85	23
36	88	57
36	93	1
36	96	15
36	102	21
36	103	63
36	104	67
36	106	1
36	109	91
36	111	91
36	117	23
36	123	70
36	126	55
36	128	22
36	130	57
36	134	24
36	143	51
36	146	65
36	147	67
36	148	97
36	152	11
36	156	47
36	160	27
36	165	62
36	168	23
36	177	70
36	180	75
36	184	59
36	186	94
36	193	3
36	196	95
36	198	20
37	38	36
37	40	50
37	41	48
37	43	61
37	50	28
37	53	46
37	55	70
37	57	98
37	60	99
37	64	17
37	65	6
37	66	83
37	67	84
37	68	34
37	77	53
37	78	15
37	79	99
37	83	38
37	84	14
37	89	24
37	95	84
37	99	15
37	101	47
37	106	98
37	113	28
37	116	25
37	121	85
37	123	67
37	125	22
37	126	26
37	147	91
37	148	77
37	149	45
37	151	20
37	153	38
37	156	43
37	164	81
37	167	46
37	171	68
37	172	41
37	175	12
37	176	25
37	187	40
38	39	18
38	40	64
38	44	46
38	45	1
38	51	13
38	56	75
38	57	46
38	58	47
38	64	4
38	65	39
38	71	57
38	73	91
38	74	80
38	76	29
38	79	48
38	81	65
38	82	40
38	85	15
38	87	6
38	93	65
38	96	27
38	101	82
38	104	34
38	108	96
38	110	28
38	111	62
38	112	84
38	113	26
38	116	24
38	117	18
38	124	2
38	125	55
38	127	11
38	129	56
38	130	45
38	133	73
38	135	91
38	137	84
38	138	87
38	141	30
38	143	30
38	148	20
38	149	6
38	150	52
38	156	8
38	157	17
38	162	28
38	164	78
38	169	17
38	177	12
38	179	1
38	183	93
38	190	52
38	195	85
38	196	96
38	199	1
39	42	31
39	43	89
39	45	86
39	48	91
39	49	37
39	52	62
39	54	56
39	55	16
39	60	96
39	64	95
39	67	2
39	69	33
39	70	48
39	74	70
39	76	82
39	77	78
39	78	14
39	80	65
39	81	90
39	82	80
39	83	31
39	88	15
39	95	12
39	99	38
39	101	81
39	117	68
39	128	93
39	137	26
39	139	32
39	142	70
39	144	33
39	147	11
39	151	68
39	153	96
39	156	99
39	170	44
39	171	34
39	177	26
39	178	26
39	181	25
39	187	47
39	190	94
39	198	69
40	43	98
40	45	26
40	48	29
40	49	25
40	51	29
40	56	19
40	59	50
40	63	68
40	67	64
40	69	67
40	76	41
40	82	7
40	83	88
40	90	3
40	92	10
40	93	80
40	95	25
40	99	61
40	100	3
40	101	49
40	102	94
40	104	82
40	105	13
40	106	75
40	116	67
40	119	51
40	120	43
40	121	24
40	122	90
40	123	28
40	126	76
40	127	49
40	129	97
40	131	25
40	135	5
40	136	45
40	137	48
40	148	28
40	149	77
40	153	54
40	163	34
40	165	61
40	166	1
40	169	26
40	171	87
40	172	89
40	173	77
40	179	15
40	180	98
40	181	11
40	182	75
40	187	90
40	188	24
40	189	73
40	190	16
40	192	100
40	194	76
41	43	5
41	53	24
41	54	63
41	61	46
41	62	94
41	66	61
41	70	43
41	72	23
41	73	66
41	74	51
41	79	44
41	83	87
41	85	26
41	86	100
41	87	62
41	91	78
41	95	88
41	97	82
41	100	89
41	102	81
41	106	52
41	107	43
41	109	72
41	111	65
41	115	23
41	123	87
41	124	81
41	125	88
41	129	44
41	131	55
41	133	88
41	138	43
41	140	44
41	146	18
41	154	13
41	162	35
41	167	73
41	169	96
41	171	84
41	175	36
41	180	95
41	183	82
41	188	11
41	191	95
41	195	45
41	199	14
42	47	32
42	48	70
42	52	50
42	53	49
42	54	58
42	57	72
42	68	97
42	79	64
42	80	23
42	81	89
42	86	74
42	89	12
42	92	98
42	101	57
42	108	49
42	112	28
42	114	54
42	115	6
42	122	3
42	124	16
42	126	98
42	127	27
42	130	84
42	134	8
42	136	73
42	137	73
42	138	5
42	141	85
42	145	83
42	146	47
42	148	52
42	149	87
42	153	34
42	155	80
42	160	48
42	162	86
42	166	51
42	170	75
42	174	59
42	178	81
42	180	98
42	183	66
42	189	28
42	191	92
42	192	20
42	194	23
42	199	25
43	44	49
43	46	39
43	49	51
43	53	14
43	54	94
43	57	38
43	61	22
43	62	61
43	63	62
43	64	38
43	66	14
43	67	44
43	72	89
43	76	53
43	81	87
43	83	16
43	85	26
43	86	85
43	87	98
43	89	23
43	93	64
43	97	72
43	100	92
43	107	86
43	109	12
43	115	88
43	116	57
43	126	58
43	128	34
43	130	57
43	140	39
43	143	52
43	144	12
43	148	5
43	149	74
43	150	30
43	153	50
43	161	35
43	164	3
43	167	72
43	177	56
43	181	58
43	185	27
43	187	19
43	195	81
44	46	34
44	51	84
44	54	8
44	55	57
44	61	99
44	63	57
44	64	67
44	66	4
44	67	95
44	68	31
44	71	15
44	73	10
44	75	60
44	82	85
44	83	5
44	88	34
44	89	22
44	90	71
44	91	42
44	116	74
44	117	63
44	119	73
44	120	7
44	124	36
44	131	74
44	134	33
44	138	80
44	140	38
44	141	93
44	142	34
44	147	73
44	150	58
44	151	75
44	153	67
44	159	92
44	162	7
44	175	45
44	176	88
44	186	8
44	188	32
44	190	44
44	198	52
44	199	47
45	46	41
45	51	10
45	56	59
45	59	27
45	60	6
45	64	56
45	65	13
45	67	38
45	69	78
45	71	3
45	72	31
45	73	29
45	77	42
45	80	96
45	81	47
45	82	97
45	91	91
45	92	20
45	99	72
45	100	4
45	101	88
45	104	50
45	106	37
45	107	34
45	108	92
45	109	18
45	111	47
45	112	68
45	121	23
45	122	100
45	127	33
45	128	56
45	130	53
45	135	34
45	144	38
45	149	59
45	150	73
45	151	43
45	156	14
45	158	19
45	160	42
45	162	55
45	166	13
45	167	58
45	175	70
45	176	75
45	178	86
45	180	64
45	183	12
45	185	79
45	186	4
45	189	10
46	50	16
46	55	21
46	56	75
46	57	15
46	58	85
46	62	34
46	64	15
46	65	85
46	70	27
46	71	72
46	75	28
46	77	3
46	81	24
46	93	68
46	94	7
46	95	92
46	97	73
46	98	52
46	102	36
46	109	26
46	111	22
46	112	62
46	117	79
46	123	72
46	124	37
46	127	78
46	130	22
46	131	14
46	133	19
46	134	42
46	139	85
46	143	82
46	145	66
46	147	35
46	151	23
46	152	40
46	154	92
46	167	58
46	172	60
46	178	21
46	184	84
46	187	99
46	188	81
46	189	22
46	193	86
46	199	91
47	48	74
47	51	7
47	57	94
47	59	23
47	60	50
47	67	7
47	70	34
47	74	67
47	85	20
47	87	75
47	88	91
47	89	87
47	96	53
47	97	87
47	98	42
47	103	94
47	108	14
47	110	70
47	111	61
47	113	13
47	114	97
47	117	64
47	118	18
47	119	5
47	120	26
47	125	65
47	127	11
47	129	98
47	144	98
47	156	47
47	159	41
47	161	14
47	169	94
47	170	12
47	174	58
47	175	58
47	178	46
47	180	55
47	188	42
47	189	31
47	190	21
47	191	72
47	196	37
47	197	53
47	198	4
48	50	42
48	51	32
48	52	49
48	55	74
48	60	43
48	66	44
48	69	38
48	77	27
48	80	7
48	84	14
48	89	22
48	92	76
48	93	64
48	96	86
48	99	37
48	101	81
48	105	86
48	106	6
48	113	3
48	114	65
48	116	22
48	119	47
48	120	86
48	124	17
48	127	69
48	129	82
48	138	40
48	139	30
48	141	91
48	145	46
48	147	87
48	148	7
48	149	97
48	153	49
48	154	17
48	158	39
48	159	99
48	160	21
48	163	30
48	166	30
48	169	100
48	173	9
48	174	38
48	175	65
48	177	39
48	184	58
48	186	19
48	190	81
48	193	100
48	195	33
48	198	96
49	58	46
49	60	92
49	61	24
49	62	22
49	67	52
49	68	63
49	78	44
49	91	22
49	93	79
49	95	62
49	103	70
49	105	86
49	107	5
49	109	48
49	112	72
49	120	41
49	125	13
49	130	62
49	131	2
49	138	45
49	141	64
49	142	8
49	146	89
49	147	17
49	148	89
49	150	89
49	151	13
49	152	88
49	153	51
49	159	85
49	160	48
49	161	21
49	165	62
49	178	21
49	180	83
49	181	42
49	183	16
49	189	58
49	192	87
49	193	43
49	194	78
50	55	75
50	60	6
50	66	55
50	69	70
50	70	43
50	71	42
50	73	57
50	74	40
50	75	10
50	77	30
50	78	56
50	79	86
50	84	60
50	86	52
50	87	12
50	88	7
50	92	19
50	94	63
50	98	83
50	102	88
50	105	15
50	109	78
50	113	43
50	126	14
50	127	9
50	133	54
50	136	37
50	140	63
50	142	52
50	144	46
50	149	64
50	154	95
50	165	68
50	167	94
50	169	30
50	170	44
50	171	17
50	175	44
50	178	60
50	186	30
50	188	8
50	191	16
50	196	48
50	197	23
50	199	63
51	55	51
51	60	9
51	64	64
51	66	8
51	67	8
51	71	65
51	73	27
51	74	73
51	83	23
51	84	36
51	85	66
51	88	43
51	89	14
51	91	84
51	92	67
51	93	15
51	96	18
51	100	44
51	104	2
51	105	24
51	106	41
51	108	69
51	115	93
51	116	68
51	118	91
51	119	93
51	124	69
51	127	20
51	128	9
51	133	8
51	135	13
51	136	6
51	137	6
51	145	19
51	151	27
51	155	5
51	158	83
51	160	4
51	165	64
51	166	58
51	171	79
51	174	7
51	178	46
51	180	28
51	184	39
51	193	86
52	54	40
52	57	10
52	58	45
52	60	45
52	64	94
52	66	22
52	78	85
52	80	13
52	82	61
52	84	53
52	94	62
52	97	6
52	106	33
52	113	82
52	127	55
52	131	74
52	136	34
52	139	26
52	143	15
52	149	33
52	150	30
52	156	22
52	166	56
52	170	9
52	171	13
52	172	22
52	173	53
52	174	34
52	181	44
52	183	92
52	184	79
52	185	86
52	188	74
52	190	82
52	196	77
53	58	89
53	61	6
53	70	42
53	72	8
53	83	54
53	86	39
53	88	6
53	90	22
53	91	11
53	96	31
53	98	79
53	101	7
53	103	69
53	104	2
53	108	18
53	110	38
53	111	99
53	115	88
53	117	17
53	131	99
53	133	42
53	134	69
53	137	89
53	141	93
53	146	71
53	154	54
53	156	56
53	157	92
53	163	98
53	166	21
53	167	83
53	168	3
53	180	48
53	183	6
53	187	86
53	189	49
53	191	26
53	196	61
53	198	90
54	59	94
54	60	94
54	63	3
54	65	16
54	67	60
54	69	62
54	74	87
54	80	9
54	81	32
54	82	49
54	84	47
54	90	87
54	91	12
54	92	11
54	94	78
54	98	34
54	103	98
54	104	46
54	105	72
54	107	11
54	109	65
54	110	19
54	112	31
54	116	59
54	120	32
54	121	2
54	124	82
54	127	61
54	128	70
54	131	59
54	134	92
54	141	7
54	145	23
54	147	64
54	148	73
54	154	75
54	157	96
54	160	13
54	162	40
54	164	12
54	166	96
54	167	3
54	168	76
54	171	25
54	172	70
54	179	36
54	183	2
54	191	69
54	196	37
54	198	3
55	58	11
55	60	55
55	62	98
55	67	98
55	79	77
55	80	40
55	82	26
55	83	9
55	93	8
55	95	8
55	96	81
55	101	99
55	102	24
55	103	45
55	104	46
55	108	26
55	110	88
55	114	91
55	115	17
55	122	50
55	129	5
55	130	96
55	134	35
55	137	44
55	139	97
55	141	32
55	147	15
55	151	12
55	154	12
55	156	87
55	161	78
55	163	27
55	164	53
55	166	60
55	167	35
55	174	26
55	175	99
55	178	61
55	183	86
55	189	25
55	192	47
55	195	60
55	199	81
56	62	55
56	66	57
56	67	77
56	69	76
56	71	26
56	72	61
56	77	38
56	85	81
56	86	44
56	88	25
56	101	96
56	102	46
56	103	5
56	110	54
56	114	82
56	116	99
56	119	5
56	122	69
56	124	5
56	125	99
56	126	53
56	131	69
56	133	86
56	143	47
56	146	94
56	151	50
56	152	16
56	153	8
56	159	99
56	164	25
56	169	8
56	177	29
56	178	31
56	183	64
56	189	2
56	196	93
56	199	48
57	61	24
57	66	54
57	67	23
57	72	86
57	74	28
57	75	40
57	76	56
57	80	35
57	82	4
57	83	44
57	84	14
57	94	77
57	111	83
57	113	56
57	121	73
57	130	51
57	132	6
57	137	23
57	140	28
57	141	70
57	142	85
57	147	86
57	148	8
57	153	86
57	155	65
57	159	99
57	163	86
57	168	48
57	173	96
57	175	73
57	177	22
57	178	11
57	179	89
57	184	72
57	189	11
57	193	69
58	61	9
58	65	12
58	68	93
58	77	13
58	78	43
58	82	14
58	86	27
58	93	24
58	94	56
58	99	67
58	102	73
58	110	92
58	120	34
58	122	54
58	125	77
58	135	28
58	141	92
58	148	53
58	153	12
58	158	87
58	162	57
58	163	72
58	166	79
58	171	68
58	173	14
58	179	22
58	180	95
58	184	14
59	60	97
59	62	61
59	65	70
59	71	70
59	74	14
59	75	94
59	78	13
59	89	36
59	90	54
59	92	45
59	97	15
59	100	63
59	105	37
59	108	15
59	111	100
59	119	64
59	120	55
59	123	10
59	125	39
59	140	74
59	144	65
59	146	44
59	152	77
59	153	77
59	154	80
59	155	54
59	161	79
59	163	8
59	164	77
59	169	68
59	170	58
59	173	29
59	174	17
59	175	97
59	177	90
59	182	90
59	183	89
59	186	49
59	188	7
59	191	62
59	196	15
60	61	58
60	64	47
60	67	68
60	77	49
60	85	61
60	91	33
60	96	89
60	99	77
60	105	74
60	110	38
60	111	97
60	112	6
60	116	22
60	118	77
60	121	17
60	125	73
60	130	67
60	132	49
60	133	33
60	135	100
60	137	16
60	141	87
60	145	64
60	147	66
60	151	15
60	154	13
60	163	68
60	164	26
60	165	20
60	166	33
60	177	2
60	178	61
60	179	96
60	182	24
60	183	18
60	185	7
60	186	100
60	190	62
60	193	93
60	195	36
60	196	64
60	197	39
61	67	53
61	68	6
61	72	44
61	86	69
61	87	89
61	88	91
61	90	54
61	92	23
61	105	90
61	107	93
61	108	34
61	111	58
61	113	8
61	115	42
61	119	92
61	121	31
61	125	33
61	127	89
61	128	88
61	129	10
61	132	14
61	134	98
61	135	56
61	136	33
61	138	71
61	139	22
61	145	92
61	147	50
61	149	24
61	158	43
61	159	69
61	162	15
61	165	43
61	168	99
61	173	43
61	183	64
61	187	82
61	188	10
61	197	32
62	65	58
62	73	91
62	75	64
62	76	84
62	87	17
62	90	44
62	92	75
62	93	88
62	99	86
62	103	73
62	104	15
62	107	5
62	114	3
62	117	60
62	123	7
62	138	84
62	142	21
62	144	21
62	146	52
62	147	90
62	148	47
62	155	54
62	157	77
62	163	79
62	166	78
62	169	47
62	173	85
62	177	8
62	178	17
62	184	72
62	193	4
62	199	83
63	66	70
63	67	28
63	68	38
63	71	23
63	75	70
63	82	28
63	83	34
63	85	60
63	86	40
63	87	29
63	93	26
63	94	68
63	97	15
63	98	56
63	100	80
63	111	55
63	114	52
63	115	43
63	119	90
63	121	58
63	123	92
63	124	21
63	128	16
63	133	94
63	134	42
63	137	72
63	139	58
63	140	71
63	142	48
63	143	19
63	146	93
63	155	39
63	157	33
63	158	57
63	160	81
63	162	77
63	168	43
63	174	35
63	178	97
63	181	49
63	182	26
63	187	52
63	192	11
64	67	2
64	72	7
64	73	44
64	75	26
64	76	24
64	77	83
64	78	67
64	83	88
64	91	87
64	92	12
64	95	45
64	96	77
64	99	87
64	105	17
64	107	19
64	113	100
64	114	74
64	115	13
64	121	76
64	124	88
64	125	25
64	126	65
64	127	74
64	130	17
64	132	61
64	134	85
64	138	93
64	143	60
64	145	71
64	150	82
64	156	89
64	159	10
64	161	76
64	163	19
64	166	5
64	169	23
64	175	30
64	176	66
64	177	19
64	181	37
64	188	97
64	189	23
64	191	65
65	75	16
65	92	47
65	96	15
65	102	86
65	103	26
65	104	23
65	117	96
65	121	20
65	125	37
65	133	49
65	136	47
65	138	53
65	139	84
65	141	22
65	144	35
65	146	84
65	147	81
65	152	31
65	153	2
65	154	3
65	155	15
65	156	98
65	173	91
65	175	5
65	176	43
65	179	56
65	183	32
65	189	20
65	191	1
65	194	94
66	67	91
66	70	42
66	71	98
66	72	44
66	73	44
66	77	50
66	83	7
66	84	17
66	89	95
66	94	38
66	103	84
66	106	84
66	107	53
66	114	93
66	115	12
66	118	9
66	122	28
66	128	26
66	137	94
66	138	15
66	139	41
66	141	90
66	146	73
66	157	78
66	161	31
66	162	48
66	163	74
66	165	43
66	167	56
66	168	66
66	174	82
66	176	44
66	179	22
66	184	26
66	185	13
66	190	44
66	192	27
66	193	12
66	195	92
66	196	9
66	198	68
67	68	23
67	69	14
67	74	45
67	76	50
67	78	29
67	80	46
67	81	87
67	84	71
67	86	68
67	87	90
67	89	22
67	90	45
67	91	43
67	92	91
67	95	37
67	99	87
67	103	95
67	105	27
67	108	53
67	120	28
67	121	70
67	122	37
67	125	42
67	128	28
67	129	76
67	133	39
67	134	11
67	135	63
67	136	42
67	140	5
67	142	45
67	145	100
67	146	22
67	153	58
67	155	93
67	160	82
67	161	79
67	162	17
67	163	72
67	165	62
67	168	11
67	170	39
67	178	33
67	180	5
67	188	38
67	189	98
67	191	28
67	192	80
67	193	72
67	195	28
67	197	49
67	198	51
68	69	42
68	71	55
68	75	59
68	78	64
68	80	71
68	82	61
68	87	55
68	92	17
68	95	51
68	97	77
68	100	14
68	104	66
68	109	12
68	111	65
68	117	80
68	143	69
68	145	44
68	148	42
68	153	34
68	158	19
68	161	25
68	162	73
68	163	66
68	166	43
68	169	9
68	171	2
68	173	45
68	174	56
68	175	34
68	177	60
68	178	48
68	188	7
68	193	83
68	197	43
68	198	59
69	75	86
69	76	19
69	82	40
69	83	20
69	84	95
69	88	100
69	90	98
69	97	39
69	98	76
69	102	71
69	104	13
69	106	22
69	107	100
69	108	14
69	114	97
69	117	81
69	124	25
69	129	75
69	130	75
69	131	61
69	132	37
69	134	70
69	138	69
69	140	25
69	142	25
69	150	58
69	151	63
69	152	37
69	154	71
69	155	29
69	157	28
69	159	49
69	163	75
69	166	94
69	173	44
69	174	20
69	183	88
69	193	100
69	196	10
69	197	62
69	199	48
70	74	72
70	75	80
70	77	72
70	81	79
70	82	32
70	87	5
70	91	3
70	93	36
70	101	1
70	103	77
70	110	23
70	113	19
70	114	94
70	115	38
70	116	51
70	119	39
70	127	45
70	133	72
70	138	22
70	146	57
70	147	51
70	154	11
70	157	100
70	162	78
70	163	49
70	169	12
70	170	55
70	180	57
70	182	85
70	185	32
70	186	29
70	188	76
70	189	61
70	190	24
70	191	56
70	193	99
70	194	36
70	199	95
71	73	53
71	79	87
71	83	13
71	84	68
71	87	70
71	88	86
71	89	12
71	94	24
71	95	36
71	96	43
71	97	13
71	100	36
71	102	53
71	103	72
71	104	28
71	107	4
71	112	10
71	113	35
71	114	54
71	115	93
71	116	82
71	124	84
71	125	31
71	126	20
71	135	62
71	141	49
71	143	44
71	149	99
71	155	37
71	156	73
71	160	64
71	165	20
71	168	14
71	171	67
71	173	66
71	174	19
71	175	28
71	181	99
71	187	57
71	188	76
71	194	37
71	195	10
71	197	48
72	73	74
72	77	38
72	78	79
72	80	45
72	83	15
72	84	91
72	89	31
72	91	83
72	95	45
72	99	25
72	100	11
72	103	57
72	110	37
72	116	62
72	127	82
72	129	12
72	138	62
72	147	19
72	151	33
72	154	15
72	156	72
72	160	52
72	164	34
72	170	34
72	174	1
72	175	46
72	176	44
72	181	52
72	187	84
72	191	100
72	196	16
72	197	54
73	74	76
73	79	87
73	81	53
73	102	18
73	103	76
73	108	95
73	111	89
73	113	65
73	114	100
73	123	43
73	127	67
73	128	84
73	129	61
73	130	28
73	134	11
73	140	23
73	142	12
73	148	98
73	149	83
73	152	82
73	156	96
73	159	66
73	162	70
73	169	32
73	172	60
73	174	85
73	178	99
73	179	10
73	183	53
73	185	15
73	188	97
73	190	27
73	192	88
74	77	58
74	80	86
74	91	29
74	98	49
74	105	98
74	107	17
74	108	33
74	109	23
74	111	20
74	118	74
74	120	25
74	124	74
74	131	47
74	133	59
74	135	7
74	137	39
74	140	76
74	142	60
74	145	17
74	146	62
74	147	1
74	151	38
74	157	15
74	159	41
74	160	95
74	168	89
74	169	77
74	170	40
74	177	80
74	178	11
74	179	32
74	186	21
74	197	35
74	198	31
75	76	2
75	77	57
75	79	64
75	80	96
75	86	19
75	88	2
75	89	60
75	97	73
75	101	20
75	102	89
75	108	68
75	113	57
75	115	51
75	121	80
75	124	50
75	128	2
75	131	28
75	133	55
75	139	6
75	140	91
75	141	75
75	148	77
75	149	28
75	155	13
75	160	41
75	167	32
75	168	22
75	171	23
75	172	7
75	173	11
75	174	79
75	180	9
75	185	32
75	187	75
75	188	91
75	193	58
75	194	45
75	198	70
75	199	43
76	80	54
76	81	12
76	83	91
76	85	84
76	91	84
76	96	64
76	97	89
76	99	47
76	102	2
76	107	66
76	108	27
76	112	7
76	119	56
76	121	9
76	122	84
76	127	98
76	129	17
76	134	66
76	138	21
76	141	53
76	143	90
76	149	72
76	151	10
76	154	19
76	165	65
76	170	52
76	171	88
76	174	17
76	181	18
76	184	14
76	185	79
76	188	89
76	190	72
76	191	90
76	192	94
76	193	3
77	79	30
77	83	56
77	96	11
77	100	66
77	101	60
77	102	81
77	103	86
77	104	92
77	109	21
77	112	95
77	117	4
77	119	21
77	123	60
77	125	62
77	131	85
77	132	74
77	133	54
77	134	63
77	135	75
77	136	87
77	138	53
77	149	93
77	152	90
77	153	35
77	154	17
77	156	12
77	158	54
77	159	33
77	163	15
77	164	35
77	167	68
77	168	58
77	175	48
77	178	48
77	182	100
77	185	49
77	187	58
77	190	91
77	199	12
78	82	93
78	84	8
78	91	75
78	96	85
78	108	42
78	109	32
78	113	85
78	115	72
78	117	33
78	124	94
78	131	45
78	133	90
78	138	27
78	141	92
78	142	25
78	144	6
78	145	93
78	147	80
78	149	22
78	152	4
78	153	11
78	156	24
78	165	63
78	166	14
78	167	82
78	169	81
78	170	8
78	172	88
78	175	11
78	176	33
78	178	20
78	179	62
78	180	87
78	182	38
78	183	48
78	184	44
78	186	77
78	187	12
78	189	62
78	190	65
78	192	68
78	195	25
78	196	32
78	197	57
79	88	74
79	90	94
79	94	66
79	97	65
79	98	27
79	105	39
79	115	89
79	118	20
79	119	51
79	120	89
79	126	77
79	128	77
79	130	44
79	133	72
79	138	30
79	140	28
79	142	41
79	145	70
79	150	78
79	156	94
79	158	65
79	159	19
79	168	100
79	170	90
79	171	39
79	173	86
79	179	24
79	181	23
79	182	25
79	184	78
79	185	74
79	188	37
79	190	8
79	193	3
79	194	76
79	195	77
79	199	9
80	81	49
80	82	26
80	83	33
80	87	92
80	99	25
80	102	41
80	106	58
80	108	15
80	116	4
80	119	46
80	120	50
80	133	87
80	136	77
80	139	88
80	140	28
80	142	18
80	150	90
80	152	22
80	169	62
80	172	78
80	178	50
80	179	67
80	180	8
80	183	57
80	189	3
80	195	37
80	197	53
80	199	48
81	85	30
81	88	99
81	92	3
81	93	72
81	95	36
81	105	59
81	110	68
81	112	45
81	120	14
81	121	88
81	122	16
81	124	47
81	125	69
81	126	74
81	127	67
81	130	79
81	131	37
81	135	57
81	140	56
81	142	78
81	150	51
81	160	19
81	162	78
81	165	71
81	168	90
81	175	1
81	178	97
81	180	61
81	181	13
81	190	18
81	199	60
82	85	9
82	87	77
82	91	65
82	94	26
82	95	27
82	100	44
82	102	62
82	104	78
82	107	63
82	108	99
82	111	77
82	112	56
82	116	15
82	117	18
82	122	21
82	123	43
82	128	21
82	133	36
82	134	60
82	136	60
82	141	2
82	145	44
82	150	46
82	162	51
82	167	14
82	177	21
82	179	66
82	180	48
82	181	48
82	182	3
82	185	50
82	189	65
82	195	70
83	87	5
83	88	48
83	92	6
83	102	83
83	108	75
83	112	83
83	115	52
83	118	14
83	119	56
83	123	41
83	127	98
83	131	66
83	137	6
83	138	27
83	142	50
83	145	7
83	146	72
83	148	47
83	149	14
83	154	41
83	156	33
83	159	32
83	160	87
83	167	58
83	168	8
83	173	34
83	177	99
83	182	94
83	183	41
83	190	29
83	193	51
83	196	43
84	93	56
84	96	96
84	97	31
84	101	45
84	104	36
84	105	82
84	106	56
84	111	96
84	113	19
84	114	84
84	124	98
84	127	81
84	128	7
84	134	94
84	137	29
84	138	42
84	139	88
84	141	64
84	144	45
84	145	1
84	148	33
84	154	9
84	156	67
84	162	66
84	163	30
84	165	91
84	169	62
84	172	84
84	173	11
84	183	1
84	185	41
84	191	23
84	192	92
84	193	91
85	86	70
85	89	9
85	95	46
85	96	81
85	98	34
85	101	85
85	102	25
85	103	9
85	104	84
85	106	100
85	107	17
85	111	46
85	112	22
85	117	15
85	122	26
85	124	70
85	126	29
85	128	22
85	130	41
85	131	55
85	132	31
85	133	75
85	137	92
85	148	10
85	149	42
85	150	37
85	151	25
85	154	31
85	163	97
85	165	48
85	168	43
85	170	82
85	172	60
85	173	27
85	179	95
85	180	67
85	181	35
85	187	49
85	193	77
86	92	77
86	96	23
86	97	52
86	103	17
86	104	93
86	109	20
86	110	34
86	111	93
86	112	69
86	115	79
86	117	71
86	119	81
86	125	57
86	128	96
86	135	97
86	140	73
86	143	10
86	145	17
86	148	54
86	149	60
86	154	16
86	158	63
86	162	53
86	169	64
86	172	58
86	175	13
86	179	34
86	182	53
86	192	21
86	195	21
86	197	89
87	93	12
87	94	22
87	96	53
87	97	56
87	101	100
87	107	89
87	109	17
87	117	91
87	120	9
87	125	7
87	126	82
87	127	79
87	128	11
87	134	55
87	135	16
87	142	22
87	144	60
87	147	94
87	148	23
87	149	75
87	151	78
87	153	39
87	154	97
87	156	51
87	160	73
87	161	61
87	165	30
87	176	73
87	182	42
87	183	50
87	185	32
87	187	51
87	188	25
87	189	56
87	191	28
87	194	12
87	195	28
87	197	34
88	91	39
88	93	97
88	98	91
88	108	81
88	109	49
88	112	25
88	113	43
88	119	92
88	131	72
88	133	10
88	138	54
88	139	18
88	140	25
88	146	11
88	148	65
88	149	25
88	153	68
88	156	91
88	159	53
88	160	70
88	161	45
88	170	97
88	171	97
88	173	72
88	174	54
88	175	26
88	183	70
88	192	83
88	193	58
89	95	80
89	98	63
89	102	48
89	106	17
89	109	48
89	110	86
89	112	72
89	116	3
89	119	23
89	120	4
89	122	78
89	123	75
89	128	59
89	132	66
89	135	65
89	136	29
89	138	34
89	143	39
89	145	85
89	152	97
89	155	36
89	157	23
89	162	54
89	164	81
89	165	30
89	166	53
89	169	83
89	171	84
89	173	22
89	175	6
89	178	76
89	181	52
89	184	15
89	188	82
89	191	97
89	195	56
89	196	80
89	199	90
90	92	49
90	101	79
90	108	95
90	110	23
90	112	12
90	115	61
90	123	39
90	129	99
90	136	92
90	138	55
90	139	74
90	146	68
90	149	53
90	157	52
90	158	35
90	160	77
90	161	24
90	166	53
90	168	62
90	173	12
90	183	43
90	184	77
90	185	78
90	187	62
90	191	29
90	195	33
91	92	32
91	96	65
91	97	35
91	102	51
91	103	23
91	108	45
91	111	51
91	116	3
91	118	80
91	119	67
91	125	13
91	128	70
91	135	39
91	138	20
91	141	81
91	146	18
91	150	63
91	151	32
91	157	59
91	161	82
91	165	95
91	168	90
91	170	52
91	175	84
91	179	25
91	180	94
91	181	42
91	184	91
91	190	68
91	193	97
91	194	77
91	198	46
92	94	97
92	96	60
92	98	42
92	99	100
92	104	42
92	106	32
92	108	24
92	111	48
92	117	72
92	122	61
92	125	96
92	128	95
92	131	62
92	134	22
92	137	78
92	138	70
92	144	59
92	147	20
92	150	34
92	152	49
92	154	44
92	157	25
92	158	53
92	162	4
92	165	43
92	167	83
92	170	46
92	171	43
92	175	80
92	185	90
92	186	78
92	188	7
92	189	94
92	190	76
92	192	81
92	193	63
92	194	39
93	96	17
93	103	79
93	105	83
93	106	61
93	113	4
93	116	13
93	118	13
93	120	31
93	121	5
93	122	47
93	125	67
93	128	67
93	136	71
93	138	51
93	139	68
93	141	29
93	142	30
93	145	25
93	146	17
93	155	74
93	158	84
93	159	84
93	161	86
93	162	42
93	168	8
93	170	72
93	172	97
93	182	47
93	183	90
93	189	10
93	191	7
93	194	5
93	199	74
94	97	43
94	101	3
94	104	75
94	107	85
94	109	66
94	112	6
94	113	99
94	115	7
94	116	68
94	118	42
94	120	50
94	124	32
94	128	63
94	129	61
94	130	66
94	131	58
94	133	13
94	135	29
94	136	99
94	146	37
94	149	60
94	150	76
94	154	32
94	155	94
94	156	60
94	157	40
94	160	90
94	163	61
94	173	67
94	177	26
94	181	32
94	184	73
94	187	59
94	188	82
94	190	77
94	194	54
94	196	10
94	198	55
94	199	25
95	97	55
95	98	84
95	99	58
95	100	22
95	101	8
95	102	98
95	106	66
95	110	51
95	111	100
95	112	13
95	114	78
95	115	53
95	116	66
95	122	39
95	125	71
95	126	51
95	127	3
95	128	55
95	131	15
95	132	94
95	136	97
95	137	25
95	138	97
95	140	9
95	144	46
95	145	93
95	147	29
95	148	80
95	150	46
95	152	91
95	160	46
95	161	96
95	163	81
95	164	44
95	168	89
95	171	92
95	186	22
95	187	4
95	192	17
95	193	38
95	195	10
95	198	88
96	98	7
96	99	92
96	101	32
96	102	62
96	104	20
96	107	48
96	112	67
96	115	100
96	117	33
96	127	38
96	128	99
96	130	49
96	131	94
96	132	38
96	135	47
96	136	73
96	146	23
96	147	24
96	148	62
96	150	94
96	155	83
96	156	90
96	163	74
96	166	99
96	174	91
96	175	72
96	178	83
96	182	75
96	188	64
96	190	63
96	192	84
96	193	44
96	196	28
96	197	85
96	198	49
97	104	4
97	108	29
97	112	74
97	113	3
97	115	31
97	119	29
97	120	73
97	132	83
97	139	31
97	144	53
97	147	97
97	156	63
97	158	78
97	160	40
97	167	16
97	171	29
97	172	16
97	173	51
97	174	34
97	176	59
97	177	20
97	180	34
97	183	90
97	184	79
98	99	12
98	102	75
98	103	86
98	104	77
98	105	1
98	109	56
98	113	89
98	114	6
98	115	58
98	123	10
98	124	85
98	125	25
98	127	98
98	134	44
98	137	72
98	142	18
98	148	82
98	150	44
98	151	21
98	153	40
98	159	44
98	162	52
98	165	35
98	168	13
98	169	76
98	174	74
98	178	14
98	181	82
98	184	81
98	185	8
98	186	33
98	187	17
98	188	34
98	189	79
98	192	97
98	195	77
99	103	73
99	107	59
99	117	74
99	118	73
99	123	34
99	124	94
99	125	53
99	130	46
99	133	38
99	134	27
99	137	39
99	139	21
99	152	27
99	153	36
99	154	4
99	157	80
99	158	65
99	159	1
99	163	19
99	167	41
99	169	53
99	175	56
99	185	53
99	187	36
99	189	87
99	193	7
99	194	52
99	199	49
100	101	85
100	114	70
100	115	16
100	117	9
100	122	15
100	126	23
100	136	90
100	140	94
100	151	23
100	152	29
100	160	45
100	162	70
100	168	100
100	171	73
100	174	44
100	182	91
100	199	49
101	104	62
101	105	59
101	110	33
101	113	69
101	118	10
101	119	38
101	131	29
101	133	59
101	134	41
101	135	13
101	136	31
101	137	19
101	139	39
101	140	53
101	141	24
101	144	80
101	145	35
101	146	67
101	149	57
101	151	52
101	154	42
101	155	70
101	159	82
101	162	68
101	163	83
101	168	32
101	173	54
101	180	80
101	185	22
101	188	51
102	103	19
102	105	97
102	107	27
102	117	35
102	119	51
102	120	58
102	121	90
102	124	11
102	128	86
102	133	5
102	138	94
102	141	14
102	150	54
102	152	68
102	160	70
102	167	88
102	168	70
102	170	59
102	177	24
102	179	97
102	180	26
102	183	50
102	184	23
102	185	76
102	189	75
102	190	18
102	193	70
102	194	66
102	195	65
103	108	69
103	109	57
103	112	58
103	115	86
103	130	27
103	133	17
103	136	77
103	139	31
103	140	12
103	148	54
103	152	4
103	153	31
103	154	74
103	156	94
103	162	13
103	168	7
103	169	64
103	179	77
103	180	87
103	183	63
103	189	55
103	192	14
103	193	44
103	194	40
103	195	89
103	197	24
104	105	90
104	110	39
104	113	80
104	115	44
104	116	64
104	119	73
104	121	60
104	125	81
104	126	92
104	128	49
104	131	66
104	132	45
104	134	46
104	138	80
104	140	58
104	141	84
104	143	74
104	146	66
104	149	77
104	151	58
104	154	45
104	155	70
104	156	81
104	163	92
104	165	47
104	167	42
104	171	66
104	174	34
104	179	62
104	180	43
104	181	87
104	182	82
104	183	73
104	186	49
104	192	7
104	194	17
105	111	45
105	118	51
105	120	25
105	125	28
105	129	86
105	132	13
105	133	17
105	136	50
105	139	72
105	141	98
105	143	4
105	148	87
105	152	7
105	155	88
105	161	31
105	162	43
105	166	47
105	175	63
105	177	33
105	183	84
105	192	36
105	196	97
106	110	64
106	115	69
106	118	86
106	121	7
106	124	31
106	129	55
106	130	30
106	137	57
106	139	20
106	143	19
106	144	29
106	145	88
106	150	85
106	153	36
106	155	59
106	162	2
106	172	21
106	173	85
106	177	22
106	180	32
106	181	78
106	182	14
106	186	35
106	193	88
106	197	81
106	198	70
107	109	82
107	114	71
107	121	48
107	123	68
107	127	100
107	132	70
107	135	63
107	140	88
107	141	42
107	144	90
107	146	84
107	148	25
107	149	94
107	155	29
107	156	72
107	173	95
107	184	24
107	186	64
107	192	29
107	196	64
108	113	91
108	120	38
108	127	60
108	129	24
108	131	30
108	132	62
108	136	4
108	140	18
108	143	48
108	144	32
108	147	31
108	148	100
108	154	4
108	168	29
108	173	93
108	174	86
108	179	39
108	186	3
108	198	93
109	119	45
109	120	96
109	123	71
109	129	77
109	131	88
109	132	79
109	146	42
109	154	26
109	156	8
109	158	62
109	166	63
109	168	75
109	170	5
109	174	34
109	176	50
109	183	64
109	185	19
109	195	19
109	198	54
109	199	63
110	113	30
110	118	74
110	119	96
110	125	6
110	128	80
110	129	11
110	130	14
110	145	21
110	151	100
110	154	26
110	161	65
110	166	94
110	168	19
110	176	55
110	177	60
110	178	24
110	180	9
110	187	91
110	188	1
110	189	93
110	192	65
110	195	61
110	196	100
111	113	88
111	115	70
111	118	44
111	128	30
111	129	96
111	131	52
111	132	92
111	134	83
111	137	2
111	138	12
111	139	1
111	143	66
111	144	7
111	152	87
111	156	89
111	170	10
111	176	98
111	179	12
111	180	73
111	183	17
111	185	23
111	197	35
111	198	47
111	199	73
112	115	67
112	124	70
112	128	3
112	129	97
112	133	62
112	134	41
112	136	72
112	139	27
112	142	44
112	146	68
112	158	77
112	166	39
112	169	12
112	172	100
112	178	35
112	186	22
112	190	67
112	197	57
113	115	73
113	120	69
113	125	52
113	131	93
113	134	52
113	137	11
113	140	60
113	142	10
113	143	35
113	144	47
113	146	73
113	148	55
113	149	86
113	155	69
113	161	41
113	162	16
113	166	66
113	167	44
113	168	70
113	170	64
113	172	58
113	174	74
113	177	97
113	180	45
113	183	19
113	184	10
113	189	1
113	192	82
113	193	69
114	118	88
114	119	79
114	126	98
114	128	35
114	132	11
114	136	1
114	141	11
114	145	16
114	149	49
114	150	23
114	151	74
114	152	76
114	158	96
114	161	65
114	163	62
114	170	50
114	175	71
114	179	25
114	183	91
114	186	62
114	187	52
114	190	81
114	194	94
114	196	90
114	197	23
114	198	25
114	199	92
115	116	36
115	121	95
115	127	67
115	131	19
115	134	48
115	136	54
115	145	10
115	146	56
115	149	30
115	156	70
115	169	9
115	173	6
115	174	48
115	177	68
115	178	91
115	179	28
115	182	1
115	188	67
115	193	97
115	196	23
115	198	18
116	117	3
116	118	66
116	122	44
116	123	26
116	124	43
116	125	33
116	126	26
116	130	20
116	134	94
116	137	28
116	139	44
116	140	6
116	143	99
116	144	78
116	147	92
116	150	61
116	152	72
116	154	25
116	155	46
116	163	4
116	164	3
116	166	23
116	168	35
116	170	63
116	173	97
116	178	67
116	182	75
116	187	49
116	195	86
117	121	97
117	123	87
117	124	5
117	137	94
117	139	38
117	149	68
117	150	80
117	159	87
117	163	51
117	164	56
117	167	90
117	168	3
117	174	6
117	175	23
117	177	66
117	181	94
117	184	95
117	186	34
117	191	89
117	192	78
117	196	2
118	119	38
118	121	56
118	124	41
118	126	55
118	127	71
118	132	15
118	136	23
118	140	43
118	141	1
118	142	33
118	147	2
118	155	55
118	156	78
118	158	78
118	168	39
118	177	7
118	179	33
118	180	15
118	181	31
118	182	98
118	184	43
118	185	1
118	189	74
118	190	82
118	192	100
118	198	57
119	128	19
119	130	58
119	139	18
119	142	85
119	147	7
119	148	48
119	152	18
119	155	12
119	157	79
119	163	55
119	165	56
119	166	22
119	168	75
119	171	39
119	175	82
119	179	25
119	181	5
119	182	50
119	184	93
119	186	98
119	187	94
119	192	28
119	194	27
120	121	36
120	123	62
120	124	78
120	127	66
120	128	66
120	129	72
120	133	87
120	144	57
120	149	76
120	151	43
120	153	54
120	155	29
120	158	27
120	164	1
120	172	33
120	174	68
120	175	50
120	176	77
120	189	10
120	191	99
120	197	57
120	198	44
121	122	50
121	126	51
121	132	67
121	138	62
121	139	69
121	140	14
121	141	73
121	143	99
121	144	66
121	145	21
121	147	4
121	158	19
121	160	40
121	161	5
121	163	38
121	167	12
121	168	85
121	180	42
121	181	18
121	184	74
121	185	25
121	187	76
121	196	79
121	197	29
122	125	40
122	129	74
122	133	82
122	149	79
122	150	22
122	153	62
122	154	47
122	155	9
122	161	45
122	162	33
122	164	13
122	166	41
122	173	57
122	182	46
122	184	64
122	188	71
122	189	36
122	190	12
122	192	55
122	193	89
122	195	81
122	197	11
122	198	27
122	199	19
123	125	65
123	126	75
123	134	90
123	135	38
123	136	28
123	139	31
123	140	55
123	141	24
123	144	20
123	157	35
123	161	79
123	170	9
123	171	76
123	178	72
123	180	58
123	182	47
123	183	58
123	185	2
123	186	63
123	190	59
123	191	5
123	197	38
123	198	27
123	199	75
124	125	65
124	130	13
124	131	98
124	132	90
124	134	70
124	137	15
124	138	71
124	140	12
124	141	1
124	144	1
124	145	61
124	152	77
124	154	33
124	160	75
124	161	56
124	174	16
124	189	65
124	192	17
124	198	50
124	199	73
125	133	97
125	150	49
125	151	66
125	158	46
125	164	66
125	167	96
125	169	71
125	170	13
125	171	74
125	174	36
125	176	13
125	177	65
125	178	34
125	180	48
125	183	36
125	187	24
125	191	55
125	194	6
125	198	72
126	131	88
126	132	62
126	138	86
126	143	54
126	151	30
126	155	8
126	157	80
126	160	59
126	166	22
126	169	3
126	171	34
126	173	72
126	174	19
126	176	82
126	177	97
126	178	15
126	183	75
126	185	37
126	186	90
126	187	34
126	189	55
126	197	50
126	198	25
127	129	20
127	130	68
127	135	13
127	139	19
127	144	41
127	151	57
127	152	40
127	155	22
127	157	87
127	159	49
127	161	2
127	165	68
127	169	32
127	173	57
127	178	75
127	179	4
127	181	79
127	182	53
127	183	57
127	185	78
127	186	9
127	188	71
127	194	2
127	198	66
128	129	87
128	133	23
128	136	55
128	138	56
128	141	73
128	143	35
128	146	4
128	148	34
128	149	67
128	154	81
128	155	33
128	157	88
128	158	73
128	161	78
128	163	49
128	164	71
128	167	86
128	170	5
128	172	28
128	176	51
128	177	21
128	183	36
128	187	57
128	188	45
128	189	72
128	196	78
128	199	60
129	134	85
129	135	30
129	136	12
129	137	96
129	138	86
129	142	15
129	147	18
129	151	75
129	154	11
129	155	49
129	157	51
129	166	88
129	172	32
129	174	45
129	181	93
129	186	90
129	192	80
129	194	7
129	195	82
129	198	95
130	133	1
130	134	41
130	138	53
130	140	30
130	141	46
130	144	17
130	146	55
130	147	17
130	149	30
130	152	16
130	159	78
130	160	26
130	162	92
130	163	88
130	167	80
130	168	5
130	169	52
130	173	20
130	174	76
130	175	17
130	177	73
130	179	59
130	190	6
130	193	97
130	198	72
131	133	53
131	134	27
131	135	9
131	153	15
131	154	48
131	165	7
131	170	4
131	173	95
131	174	99
131	179	67
131	185	14
131	194	86
131	196	43
131	197	31
131	198	27
132	142	64
132	151	99
132	154	2
132	157	19
132	161	12
132	173	63
132	174	59
132	176	87
132	177	41
132	182	57
132	186	24
132	189	41
132	191	51
132	194	89
132	195	32
132	198	19
133	139	4
133	141	9
133	142	79
133	144	70
133	151	79
133	152	56
133	160	90
133	165	14
133	167	83
133	176	88
133	178	73
133	179	45
133	180	39
133	181	13
133	182	80
133	185	41
133	193	43
133	195	77
133	199	28
134	143	52
134	145	97
134	146	40
134	151	23
134	152	40
134	153	34
134	155	51
134	156	79
134	163	6
134	169	99
134	180	59
134	182	42
134	185	10
134	197	10
134	199	23
135	136	67
135	137	76
135	139	77
135	140	51
135	147	59
135	150	23
135	158	39
135	159	10
135	161	34
135	163	36
135	164	8
135	168	49
135	173	39
135	175	38
135	176	76
135	177	66
135	178	32
135	180	19
135	183	13
135	187	78
135	189	3
135	192	66
135	196	70
135	198	65
136	138	12
136	142	76
136	143	55
136	147	25
136	148	93
136	151	16
136	155	6
136	158	13
136	159	14
136	167	40
136	168	99
136	169	100
136	172	47
136	173	28
136	181	4
136	186	2
136	188	10
136	191	29
136	197	10
137	139	58
137	140	7
137	146	5
137	152	63
137	155	92
137	156	74
137	158	40
137	162	86
137	169	15
137	176	62
137	181	99
137	187	84
137	188	52
137	193	34
137	198	29
138	148	15
138	152	13
138	155	3
138	156	98
138	158	1
138	160	94
138	161	86
138	173	66
138	175	90
138	180	72
138	187	44
138	194	1
138	196	53
139	140	28
139	142	29
139	143	70
139	144	42
139	147	76
139	155	36
139	156	20
139	160	16
139	163	34
139	165	20
139	169	37
139	170	48
139	175	99
139	177	12
139	183	76
139	186	99
139	187	88
139	194	87
139	199	78
140	141	1
140	144	71
140	148	82
140	153	55
140	158	4
140	160	77
140	164	81
140	172	65
140	174	56
140	177	38
140	182	20
140	192	30
140	193	20
140	195	22
140	198	56
140	199	28
141	142	22
141	143	76
141	144	99
141	145	27
141	146	64
141	157	52
141	161	46
141	170	84
141	176	74
141	180	88
141	182	67
141	186	35
141	188	13
141	190	80
141	191	38
141	194	90
142	144	88
142	150	79
142	151	45
142	153	30
142	155	52
142	156	77
142	158	54
142	160	15
142	162	28
142	166	29
142	167	97
142	169	5
142	170	57
142	171	83
142	173	10
142	176	70
142	179	3
142	188	87
142	190	33
142	192	47
142	193	39
142	196	63
142	197	14
143	144	26
143	146	52
143	154	42
143	158	55
143	160	36
143	167	97
143	169	42
143	170	20
143	172	83
143	175	81
143	177	15
143	178	91
143	179	19
143	180	73
143	183	22
143	184	88
143	186	58
143	190	47
143	192	76
143	194	57
143	197	28
143	199	81
144	147	6
144	148	68
144	150	80
144	153	72
144	155	72
144	159	3
144	163	48
144	164	11
144	165	47
144	168	70
144	169	58
144	172	22
144	174	87
144	175	8
144	176	6
144	177	5
144	192	81
144	195	99
144	196	57
144	197	38
145	154	28
145	165	57
145	172	11
145	173	69
145	175	76
145	184	65
145	185	87
145	187	11
145	188	52
145	192	4
145	195	64
145	198	17
146	147	43
146	149	64
146	151	42
146	152	2
146	157	58
146	158	98
146	160	41
146	162	34
146	165	18
146	171	57
146	182	54
146	185	84
146	191	74
146	195	6
146	196	36
146	197	82
146	198	22
146	199	76
147	154	82
147	156	44
147	163	92
147	167	23
147	168	18
147	169	86
147	170	54
147	171	51
147	179	52
147	186	89
147	187	8
147	189	40
147	192	52
147	193	60
147	194	43
148	151	58
148	152	67
148	155	89
148	156	81
148	158	32
148	162	71
148	164	15
148	165	45
148	169	12
148	179	68
148	182	58
148	183	72
148	184	82
148	186	6
148	188	21
148	189	97
148	190	87
148	197	67
148	199	4
149	154	22
149	157	39
149	159	73
149	163	37
149	166	27
149	172	47
149	173	59
149	174	51
149	175	4
149	186	89
149	188	10
149	190	19
149	194	86
149	198	13
149	199	16
150	157	67
150	158	24
150	163	33
150	164	23
150	165	88
150	167	89
150	168	40
150	169	92
150	171	40
150	172	91
150	173	73
150	176	63
150	181	91
150	182	40
150	184	84
150	185	9
150	186	46
150	189	14
150	190	47
150	194	7
150	198	82
150	199	99
151	155	36
151	157	13
151	162	96
151	164	19
151	165	1
151	168	2
151	169	40
151	170	2
151	175	42
151	185	90
151	189	81
151	191	47
151	194	76
151	196	8
151	198	84
151	199	74
152	156	5
152	158	34
152	166	80
152	167	27
152	168	74
152	171	20
152	180	37
152	184	49
152	194	89
153	156	88
153	157	99
153	159	79
153	165	88
153	168	76
153	176	61
153	177	90
153	184	20
153	187	56
153	192	6
153	194	68
153	198	74
154	156	33
154	159	17
154	162	6
154	172	74
154	174	75
154	178	29
154	181	22
154	184	56
154	186	1
154	189	27
154	190	89
154	193	80
154	199	2
155	157	7
155	162	59
155	163	53
155	165	27
155	168	53
155	170	85
155	173	51
155	174	83
155	179	51
155	183	96
155	186	29
155	187	50
155	190	21
155	195	38
155	199	14
156	157	63
156	158	94
156	161	59
156	164	22
156	166	9
156	167	32
156	171	51
156	172	22
156	174	55
156	175	23
156	182	87
156	183	78
156	185	44
156	191	48
156	192	66
156	195	47
156	199	13
157	161	58
157	168	58
157	169	39
157	174	51
157	176	83
157	181	63
157	185	75
157	187	57
157	193	99
157	198	17
158	159	14
158	160	55
158	161	16
158	163	23
158	167	57
158	168	25
158	175	76
158	176	18
158	180	38
158	181	71
158	185	59
158	189	31
158	190	85
158	191	58
158	192	13
158	193	14
158	195	8
159	161	59
159	164	26
159	165	51
159	166	69
159	170	5
159	174	14
159	177	81
159	180	98
159	187	65
159	189	53
159	190	27
159	192	91
159	196	21
159	197	53
160	169	98
160	171	34
160	179	18
160	180	96
160	187	97
160	188	65
160	191	17
160	195	37
160	196	85
161	162	6
161	163	15
161	169	33
161	175	99
161	176	18
161	177	71
161	178	85
161	183	62
161	196	69
161	199	59
162	170	74
162	171	60
162	172	79
162	178	80
162	179	37
162	185	73
162	186	19
162	190	16
162	192	40
162	194	93
163	169	33
163	176	22
163	178	79
163	180	40
163	183	87
163	184	9
163	185	45
163	187	89
163	189	80
163	191	87
164	165	69
164	166	64
164	167	6
164	168	80
164	174	76
164	179	92
164	194	22
165	167	17
165	170	5
165	173	36
165	174	13
165	176	46
165	177	81
165	182	11
165	183	10
165	186	50
165	187	90
165	191	56
165	193	76
165	195	29
165	199	59
166	169	41
166	171	33
166	172	85
166	177	29
166	178	81
166	180	12
166	183	23
166	184	45
166	190	65
166	191	62
166	193	45
166	196	65
166	197	72
167	172	57
167	178	62
167	181	92
167	185	87
167	186	82
167	194	69
168	179	54
168	184	37
168	189	66
168	190	73
168	194	6
168	197	87
169	178	13
169	182	13
169	184	17
169	186	100
169	187	55
169	189	2
169	193	5
169	194	5
169	195	77
169	199	36
170	171	34
170	172	4
170	186	81
170	195	43
171	174	2
171	175	21
171	178	96
171	181	92
171	183	7
171	189	32
171	190	33
171	192	55
171	198	95
172	178	55
172	179	17
172	183	93
172	186	50
172	194	48
172	197	80
173	175	15
173	180	75
173	183	52
173	185	78
173	188	63
173	194	61
174	176	54
174	178	31
174	179	93
174	192	2
174	195	82
174	197	11
175	182	51
175	185	53
175	188	42
175	189	16
175	194	59
176	194	53
177	179	72
177	181	96
177	183	15
177	187	32
177	194	39
177	196	14
177	199	1
178	180	94
178	186	66
178	187	90
178	193	79
178	194	80
178	199	39
179	180	47
179	186	60
179	194	78
179	197	41
179	199	3
180	181	97
180	184	51
180	194	68
180	197	66
181	182	97
181	183	45
181	186	7
181	187	52
181	190	2
181	194	65
181	197	65
181	198	16
181	199	80
182	183	85
182	184	97
182	186	45
182	195	46
183	184	18
183	187	99
183	188	72
183	191	65
183	192	9
183	193	11
183	194	6
184	185	13
184	186	57
184	187	68
184	191	27
184	195	14
185	188	92
185	189	3
185	196	19
185	197	92
185	199	5
186	190	52
186	191	90
186	193	42
186	196	4
186	198	8
186	199	95
187	189	91
187	190	56
187	195	25
187	198	31
188	193	74
188	194	4
188	197	48
188	198	63
189	193	46
189	198	3
189	199	57
190	197	48
190	199	75
191	195	52
191	196	14
191	197	2
191	199	45
193	194	22
193	196	65
193	198	67
194	196	25
195	197	90
195	198	8
196	197	24
