51812
51061
56275
53332
50887
56893
55411
59823
58748
58032
59194
56602
53022
54808
58866
59045
58806
55336
54399
55846
58394
59396
53837
52189
59274
51905
56674
51842
59785
53840
51099
51225
57798
50945
57237
58329
53770
50750
52610
58791
51218
53337
52508
50307
56151
56066
56991
55092
59604
56466
54500
59673
53853
51907
58771
52817
58585
56677
55542
52800
56313
57263
54183
51314
51759
55336
52856
53445
58262
56727
55337
55900
58627
50502
55454
54439
51919
58854
51766
54862
56806
54980
50386
56098
53945
50240
55761
56530
57143
59666
56893
54502
58845
50081
54564
54421
53761
53771
53471
53455
59431
53571
59003
59168
57699
50601
52597
59076
52574
59679
56485
52805
58104
50450
50789
50733
52030
58920
56994
55066
53402
59661
50423
56572
52343
50003
51154
54371
53630
54977
50251
55234
51842
55108
59226
52243
58707
52415
55503
58312
54470
59861
52522
52871
50095
58463
52493
57601
56258
52915
59537
51375
51378
56067
55046
52217
58841
50918
50393
56917
51432
54949
57062
55834
54904
51117
54821
54293
57441
59902
56416
51403
51847
58419
51031
52109
59043
54943
52898
55202
51900
53236
56300
50371
51850
56125
52495
56224
52032
57574
53428
53697
57343
50645
54557
55313
53285
55621
51012
52297
