154
100
200
100
152
195
158
100
129
142
159
108
138
188
122
108
179
142
165
127
132
179
117
190
195
189
194
118
197
128
174
110
101
129
128
145
136
163
146
151
109
130
130
147
191
200
120
173
141
175
189
151
159
191
177
176
195
142
191
199
106
145
146
155
129
158
200
111
182
139
133
194
106
178
129
133
183
111
187
194
169
170
188
113
144
162
161
122
116
140
188
169
138
162
123
118
124
139
109
194
145
145
185
152
124
178
130
128
169
177
197
108
135
189
176
178
157
112
109
172
143
185
114
124
119
176
112
176
158
167
167
169
129
103
197
189
109
102
155
128
148
150
152
152
136
119
103
158
163
111
189
153
158
186
142
176
175
161
159
116
178
138
196
104
103
124
192
169
149
123
176
151
144
163
150
155
178
137
192
151
191
152
156
200
192
150
138
164
114
111
167
189
165
122
124
134
139
152
132
176
157
194
185
174
143
116
101
118
165
173
152
191
198
157
117
145
145
182
125
155
187
151
132
200
152
182
123
169
163
100
104
173
100
142
115
191
196
148
140
141
178
150
194
158
171
152
122
174
145
140
109
102
151
169
144
127
118
174
118
171
130
106
130
120
165
165
102
194
194
134
121
114
102
195
191
140
195
129
109
170
173
164
161
185
113
115
157
150
200
192
130
176
141
142
112
175
198
174
120
112
