52480
55390
58162
53056
58899
59300
53608
56668
55376
58543
57234
55128
56615
57336
54340
55254
59801
59420
58718
55647
58608
50899
53575
56175
57572
59378
53111
57518
52066
56225
58701
58792
55045
51272
57129
53317
50766
52556
57168
53240
50045
54324
50260
59797
59516
56370
52623
52191
53228
52326
59574
53069
53171
52281
55018
56974
50711
58892
50520
51232
55259
52728
56283
50005
55855
52321
50409
57394
50327
55137
59536
59612
55734
58824
51527
57222
53050
53348
57759
59666
58239
59270
57204
58410
51951
59369
58768
54634
54473
57347
58140
53087
53731
54627
58055
56011
57650
51480
58121
55795
54345
50375
54740
55346
54876
54290
59572
57006
51392
52909
51103
52793
56747
52482
58256
51158
53341
50590
58656
50983
53118
52338
59617
57186
52500
54616
55732
51076
54256
56105
54212
50204
59994
51263
58202
58606
51823
53185
53076
51424
57967
59031
57307
59494
51067
55834
56714
58292
52591
50366
57940
57221
52356
57361
52811
54325
50484
51337
52718
50736
54296
58110
51016
52707
58358
53967
55345
52079
57817
50572
53411
59042
53829
50362
57700
54671
53890
57062
53264
57508
57735
55045
55140
56132
52371
54181
51289
51038
50774
50704
59884
59975
58216
52993
56138
53312
57578
55273
57685
50804
59710
59252
57330
53985
50447
55237
56406
52818
55433
57870
51679
57878
55632
53768
59550
51066
57790
51969
52268
50941
55983
55889
50900
51732
52451
54106
56156
55043
50069
57970
53480
52698
55775
56598
54739
52669
51823
59976
54946
50652
58924
58547
55650
50840
53625
52594
51864
51502
57294
59222
54938
51313
58469
50621
52632
50281
53350
52533
53885
53338
55206
52095
58675
52932
59945
57306
59319
51144
55776
58465
54652
50579
51441
55314
51375
58150
54851
54916
59493
50305
58619
50316
50388
52262
59922
53693
55602
50221
58928
55184
53750
51699
50881
51572
53867
51046
51701
56765
51664
51033
