0 1 7

1 2 56

2 3 75

3 4 92

4 5 5

5 6 52

6 7 76

7 8 64

8 9 8

9 10 77

10 11 95

11 12 35

12 13 14

13 14 15

14 15 54

15 16 46

16 17 82

17 18 53

18 19 49

19 20 15

20 21 12

21 22 94

22 23 71

23 24 65

24 25 35

25 26 56

26 27 79

27 28 27

28 29 28

29 30 41

30 31 86

31 32 27

32 33 19

33 34 25

34 35 78

35 36 32

36 37 23

37 38 36

38 39 85

39 40 43

40 41 47

41 42 93

42 43 52

43 44 63

44 45 83

45 46 54

46 47 85

47 48 56

48 49 1

49 50 48

50 51 75

51 52 30

52 53 42

53 54 95

54 55 28

55 56 39

56 57 58

57 58 41

58 59 92

59 60 63

60 61 100

61 62 44

62 63 28

63 64 91

64 65 65

65 66 62

66 67 50

67 68 70

68 69 54

69 70 42

70 71 15

71 72 72

72 73 56

73 74 86

74 75 9

75 76 62

76 77 84

77 78 72

78 79 23

79 80 23

80 81 81

81 82 1

82 83 73

83 84 77

84 85 26

85 86 57

86 87 20

87 88 32

88 89 74

89 90 65

90 91 47

91 92 4

92 93 96

93 94 54

94 95 60

95 96 64

96 97 17

97 98 20

98 99 58

99 100 56

100 101 79

101 102 17

102 103 45

103 104 79

104 105 6

105 106 34

106 107 49

107 108 94

108 109 15

109 110 37

110 111 77

111 112 86

112 113 27

113 114 50

114 115 53

115 116 11

116 117 12

117 118 58

118 119 19

119 120 62

120 121 65

121 122 74

122 123 88

123 124 34

124 125 44

125 126 61

126 127 90

127 128 76

128 129 42

129 130 17

130 131 4

131 132 65

132 133 57

133 134 71

134 135 15

135 136 84

136 137 10

137 138 3

138 139 6

139 140 7

140 141 72

141 142 27

142 143 23

143 144 86

144 145 9

145 146 50

146 147 64

147 148 82

148 149 69

149 150 83

150 151 86

151 152 17

152 153 49

153 154 83

154 155 64

155 156 25

156 157 45

157 158 60

158 159 1

159 160 27

160 161 48

161 162 6

162 163 27

163 164 67

164 165 11

165 166 86

166 167 24

167 168 1

168 169 16

169 170 99

170 171 50

171 172 7

172 173 80

173 174 86

174 175 40

175 176 93

176 177 92

177 178 44

178 179 55

179 180 46

180 181 50

181 182 59

182 183 22

183 184 31

184 185 50

185 186 90

186 187 46

187 188 18

188 189 49

189 190 14

190 191 97

191 192 65

192 193 56

193 194 85

194 195 74

195 196 26

196 197 20

197 198 40

198 199 71

199 200 50

200 201 82

201 202 7

202 203 95

203 204 8

204 205 79

205 206 41

206 207 21

207 208 80

208 209 9

209 210 68

210 211 9

211 212 3

212 213 61

213 214 11

214 215 51

215 216 76

216 217 33

217 218 89

218 219 77

219 220 97

220 221 98

221 222 76

222 223 47

223 224 13

224 225 10

225 226 54

226 227 40

227 228 34

228 229 13

229 230 38

230 231 43

231 232 63

232 233 42

233 234 21

234 235 28

235 236 58

236 237 65

237 238 87

238 239 97

239 240 55

240 241 57

241 242 94

242 243 40

243 244 59

244 245 38

245 246 29

246 247 54

247 248 38

248 249 36

249 250 70

250 251 27

251 252 19

252 253 22

253 254 83

254 255 23

255 256 47

256 257 23

257 258 97

258 259 81

259 260 54

260 261 80

261 262 64

262 263 42

263 264 97

264 265 44

265 266 63

266 267 55

267 268 46

268 269 96

269 270 31

270 271 45

271 272 38

272 273 31

273 274 19

274 275 70

275 276 23

276 277 30

277 278 48

278 279 53

279 280 13

280 281 78

281 282 4

282 283 83

283 284 37

284 285 99

285 286 9

286 287 35

287 288 31

288 289 42

289 290 17

290 291 98

291 292 7

292 293 86

293 294 45

294 295 65

295 296 46

296 297 80

297 298 90

298 299 72

299 0 77

150 19 94

278 268 84

201 54 99

136 89 87

161 67 49

264 198 80

185 274 63

3 250 75

262 81 26

154 278 89

149 92 46

138 88 15

160 118 64

101 34 53

298 93 8

250 213 72

278 172 75

186 204 31

160 94 73

211 64 29

208 201 49

293 38 20

275 175 38

146 87 89

171 217 25

274 264 27

248 255 9

266 168 61

294 73 32

23 258 51

144 205 15

68 129 85

87 119 66

89 32 25

107 98 59

72 221 83

291 40 66

163 268 11

55 88 58

73 46 72

260 242 55

211 16 10

218 296 12

81 208 22

1 27 73

210 292 91

92 239 8

204 113 31

24 70 13

72 155 22

41 120 93

138 140 55

118 268 15

56 191 43

123 7 16

292 130 12

143 257 43

58 205 96

175 192 31

111 102 54

187 52 46

74 135 52

123 257 50

230 204 26

253 239 14

179 30 92

91 139 15

107 53 93

7 269 54

189 241 66

79 215 48

86 51 91

234 243 53

292 40 68

218 69 32

95 275 92

248 294 29

161 246 71

200 137 70

128 172 17

174 286 76

65 229 29

197 148 96

238 112 18

127 170 35

86 126 6

61 148 1

195 145 28

212 104 91

251 81 26

261 9 15

56 9 30

21 70 76

246 153 38

228 271 53

162 225 44

55 39 48

107 178 57

287 102 100

22 34 70

198 218 22

215 259 24

162 151 80

235 179 80

146 291 6

40 52 77

33 284 60

77 263 51

247 199 14

290 166 40

150 79 33

139 32 4

269 167 80

207 168 73

66 42 36

215 269 59

24 109 39

193 186 85

228 270 43

220 286 7

231 14 52

150 85 97

9 124 68

118 35 49

265 287 77

129 39 78

144 21 11

62 139 81

211 254 17

293 68 32

235 166 38

189 148 9

7 4 94

29 292 66

128 81 19

268 136 29

158 233 14

250 90 54

162 287 92

46 97 67

24 6 95

10 117 41

250 166 17

28 264 96

178 119 90

237 26 20

89 266 20

142 143 89

223 151 59

124 181 70

8 267 13

70 287 66

60 51 56

113 285 59

290 54 57

2 174 14

45 269 40

242 8 45

291 103 27

194 27 52

214 47 4

208 101 24

172 87 61

123 104 9

202 263 37

207 286 97

9 87 81

7 18 100

168 297 95

250 267 18

7 206 61

98 107 74

140 187 40

289 4 44

22 122 78

139 190 32

91 84 84

82 206 44

168 37 45

55 18 89

80 58 95

91 141 12

166 117 25

84 77 56

218 223 71

120 260 78

62 218 53

170 28 67

91 57 64

46 295 100

70 87 75

246 105 20

116 50 96

116 289 56

102 213 27

159 220 65

181 0 8

54 152 75

278 216 100

82 180 18

232 189 4

178 133 19

70 12 86

52 241 87

109 290 93

45 220 30

9 117 30

247 204 97

59 118 83

15 67 68

102 155 41

296 143 49

10 89 82

141 294 77

139 11 85

74 257 9

126 183 14

234 123 97

11 202 32

226 7 68

73 257 80

41 64 22

105 77 40

255 142 95

63 27 43

98 5 77

241 297 27

13 8 6

270 195 1

59 193 35

247 219 4

215 93 23

65 136 93

88 33 89

288 115 66

5 117 4

175 109 8

204 173 21

104 224 35

2 238 51

262 70 86

186 179 79

180 41 98

218 44 54

231 93 71

177 288 98

72 147 54

180 69 52

218 275 6

296 271 30

215 50 5

294 83 72

171 275 47

167 197 94

87 294 12

129 107 43

252 124 1

235 202 33

130 296 98

177 158 71

44 18 5

213 166 16

292 150 19

111 50 94

33 293 6

69 285 22

187 215 8

295 215 95

149 209 39

176 100 65

59 279 66

53 44 66

222 166 67

113 153 23

168 50 5

36 26 99

12 170 17

8 40 26

99 197 36

173 14 81

166 48 51

23 149 77

240 99 9

8 293 83

29 62 88

182 85 36

12 175 63

132 237 7

136 38 46

161 295 31

23 162 16

181 124 25

151 4 74

161 275 95

146 45 88

293 68 27

32 4 98

188 274 84

250 279 16

266 42 86

108 266 91

207 163 76

104 163 40

264 93 89

234 105 70

240 121 70

254 90 63

137 85 50

120 220 73

51 130 91

181 236 84

163 166 5

62 205 57

130 206 72

146 268 31

199 286 10

151 5 99

245 91 97

23 286 89

260 225 48

155 280 88

82 200 67

52 126 100

4 295 8

154 213 94

293 212 14

121 155 13

168 150 88

151 205 98

238 144 42

24 73 17

32 118 24

254 47 25

27 141 15

157 202 19

97 110 5

253 248 75

169 181 65

75 229 14

245 108 43

101 168 90

271 227 53

187 136 25

60 145 45

104 230 79

273 185 52

23 276 87

104 25 4

73 137 5

186 105 87

46 159 25

297 243 95

10 155 55

258 28 35

159 280 99

135 88 31

179 275 69

186 116 14

200 257 20

208 126 20

121 8 94

215 9 24

139 224 28

158 34 42

240 6 21

93 298 37

39 185 87

275 22 24

107 124 59

153 207 46

11 292 47

245 179 20

254 266 31

66 49 65

222 134 11

150 173 6

267 51 6

100 6 56

156 208 37

252 125 83

183 186 85

164 182 72

126 139 22

240 170 11

69 233 64

166 154 14

211 45 85

9 8 7

73 108 9

79 185 70

258 123 36

181 264 21

249 5 62

3 272 7

158 42 80

137 39 99

43 25 6

24 143 78

81 297 91

38 33 80

143 231 28

159 9 48

259 250 18

246 82 4

222 285 85

287 162 31

5 162 81

107 193 10

249 64 70

126 268 48

5 222 56

282 59 56

14 145 39

29 272 16

262 52 8

214 63 72

212 33 75

11 138 34

275 228 28

164 240 20

277 112 25

295 116 27

245 260 94

294 262 82

239 59 13

83 64 30

41 162 77

171 188 21

13 172 26

224 170 98

36 69 52

161 124 37

220 247 41

96 165 73

79 203 46

222 95 14

194 273 98

214 201 100

49 155 12

71 272 6

119 286 7

266 215 70

298 116 17

193 63 63

173 92 21

225 207 14

91 21 55

37 188 4

208 88 41

104 18 61

184 243 31

213 108 71

259 109 38

180 112 4

223 172 59

202 273 34

227 272 86

74 89 48

149 13 88

38 80 26

202 273 35

290 221 61

144 167 23

177 66 10

242 25 5

213 137 69

259 58 29

94 70 74

202 298 87

6 206 29

281 86 76

265 169 8

147 250 6

108 73 40

33 184 48

183 200 76

136 226 38

97 64 54

16 113 74

176 249 78

243 201 1

90 142 50

254 161 35

77 164 54

147 250 85

35 0 91

184 185 62

184 10 47

54 262 97

211 33 10

29 256 68

79 126 65

170 206 29

49 149 44

270 9 34

114 184 47

101 253 89

195 128 14

295 273 78

248 145 9

293 159 73

94 210 94

44 83 95

276 34 75

53 52 13

47 183 51

271 230 100

12 160 7

261 265 49

123 270 59

274 218 87

164 210 6

43 88 16

48 198 28

209 222 29

172 270 29

35 134 19

75 1 83

77 232 84

138 204 13

105 0 20

169 107 4

74 231 61

136 7 100

91 106 69

22 87 43

94 101 5

73 104 73

141 90 46

168 283 42

222 206 43

15 246 87

218 290 91

134 44 76

13 83 76

259 140 91

56 33 44

33 82 88

281 193 80

77 260 54

234 285 14

98 221 69

234 235 43

142 105 45

38 133 84

212 100 90

277 178 65

298 10 46

168 205 13

215 157 10

204 279 49

97 88 7

70 43 48

193 131 7

22 41 57

96 139 90

117 270 40

209 75 21

85 73 64

295 128 12

246 198 17

81 211 91

132 6 19

234 199 12

186 17 70

61 63 30

28 118 20

120 283 1

289 267 47

62 46 85

76 66 64

32 244 79

23 286 78

221 148 27

142 51 83

88 35 41

87 283 16

31 84 35

266 216 62

286 199 58

174 22 17

15 131 61

18 68 91

58 244 67

6 89 35

276 291 94

139 294 81

2 295 96

56 71 58

204 189 21

172 154 95

146 273 13

198 24 40

298 108 90

46 192 11

218 6 25

2 164 74

196 159 81

27 279 55

276 126 67

254 290 21

148 142 28

72 4 74

269 34 57

21 260 31

148 71 19

188 69 73

113 68 16

192 201 78

142 172 9

83 225 50

59 202 36

40 183 48

127 240 48

156 77 2

2 291 75

247 23 65

149 160 79

232 109 98

82 121 12

5 133 97

254 91 97

297 88 6

149 256 88

9 249 65

106 262 63

144 90 14

48 291 31

11 278 71

5 276 94

46 151 37

204 43 16

226 129 88

195 261 77

189 274 61

56 153 52

239 132 52

109 112 44

298 150 59

197 169 100

7 264 24

237 171 5

132 249 49

101 166 51

266 93 94

0 97 38

261 167 48

99 38 27

266 176 67

90 189 56

191 52 10

137 204 26

28 191 82

204 240 83

186 43 23

151 128 86

270 90 53

151 192 70

0 148 55

253 175 89

27 64 22

273 25 29

190 94 38

143 57 93

116 236 89

88 227 85

202 138 82

111 14 5

12 182 97

224 53 29

38 257 47

230 179 2

161 115 14

259 190 19

124 18 9

216 65 26

16 229 36

194 254 78

54 68 65

185 241 9

85 182 56

143 286 53

284 113 73

70 136 95

55 119 40

232 262 90

138 243 10

209 38 21

97 242 60

171 106 30

97 36 77

109 47 77

124 253 81

38 101 81

271 199 98

282 164 99

287 18 32

292 288 29

122 171 86

43 75 45

35 129 66

108 253 63

129 119 20

92 133 42

282 158 22

182 202 63

160 269 2

199 72 60

116 252 78

62 255 99

76 238 32

1 258 56

42 28 22

152 274 92

288 217 98

67 114 40

9 225 21

60 163 38

127 213 20

298 61 40

178 82 24

59 201 78

241 43 86

217 272 20

28 193 15

237 124 99

8 201 70

126 256 28

130 59 70

265 186 53

28 216 100

224 62 26

142 196 26

248 29 72

197 292 67

40 21 10

28 4 35

133 123 40

219 164 59

282 139 18

167 127 100

32 289 5

6 82 22

218 83 15

123 8 60

293 118 59

167 277 68

122 131 66

173 236 80

261 209 23

233 24 67

46 45 41

135 206 23

108 182 100

269 48 35

90 7 4

71 254 27

8 60 91

100 47 25

118 230 3

83 251 24

74 106 11

234 176 9

23 163 73

4 249 3

79 70 27

225 154 47

236 191 84

113 166 35

296 128 74

132 68 65

206 2 3

213 69 16

156 150 39

239 126 24

37 181 99

33 171 28

37 246 75

185 72 42

122 24 1

277 237 22

249 54 6

273 254 28

287 116 30

81 133 40

105 218 13

39 280 74

35 34 37

137 72 7

12 161 9

263 228 42

154 292 100

217 118 41

129 207 23

15 39 49

175 80 62

52 4 31

237 228 77

22 285 84

289 298 83

54 100 84

257 290 93

48 141 3

171 191 82

98 222 52

277 1 40

132 59 48

46 14 41

35 171 60

1 141 84

171 168 75

164 82 47

16 296 15

150 123 54

166 67 69

147 20 28

86 134 98

292 25 6

223 272 40

134 11 6

182 100 86

203 10 22

238 83 76

59 254 76

172 134 96

228 232 40

243 44 94

11 157 6

248 8 76

8 154 26

21 278 75

18 88 79

111 98 79

223 162 82

200 98 50

90 178 94

104 51 32

40 242 76

116 128 1

169 57 33

131 114 100

127 18 44

19 276 29

232 143 69

100 260 62

265 151 93

99 289 3

139 0 24

251 34 5

288 276 42

290 189 8

228 45 81

233 195 7

128 258 63

160 41 1

236 220 84

145 148 24

11 96 10

108 74 46

29 73 75

265 101 13

149 82 35

81 49 36

241 228 36

234 127 11

195 67 83

251 161 24

148 215 23

165 160 89

229 185 66

180 205 45

179 106 77

14 2 93

170 171 25

228 143 92

122 131 82

236 24 43

219 278 10

226 112 65

197 233 69

179 40 69

165 50 15

276 48 83

287 272 8

171 24 16

262 188 69

298 46 22

102 271 88

234 5 2

220 249 59

135 98 27

216 196 23

210 146 72

11 281 57

216 163 73

298 184 11

214 114 8

104 240 53

43 198 80

253 16 48

63 235 76

58 32 78

117 105 30

85 183 13

56 174 98

88 116 14

95 277 93

207 283 80

35 268 15

186 194 79

173 288 25

123 289 18

256 38 16

92 194 65

53 126 58

295 268 59

187 88 55

186 58 96

165 131 77

276 35 74

241 257 62

283 36 78

187 136 77

117 217 49

72 28 51

30 58 9

237 271 73

76 26 91

143 186 64

14 188 92

228 47 65

184 235 51

0 13 2

276 155 14

43 267 95

93 128 57

65 58 57

48 194 36

139 116 24

63 131 67

149 82 81

20 246 21

165 257 17

60 148 21

236 22 86

40 33 49

279 148 7

219 63 58

125 79 82

187 167 20

287 159 6

164 247 52

223 289 50

294 14 12

174 68 43

55 136 66

0 136 88

24 202 77

110 159 30

274 192 77

275 255 62

70 78 10

105 118 18

142 178 9

56 262 78

128 89 80

271 102 64

142 280 23

291 1 87

48 274 72

72 220 61

29 151 24

43 144 20

146 291 100

167 264 2

91 46 48

229 179 31

143 0 77

259 268 42

84 77 82

101 256 99

14 220 20

50 216 99

195 16 59

6 126 13

212 167 69

229 174 80

195 28 98

212 209 98

158 207 45

132 99 91

293 85 16

291 147 86

229 260 69

134 199 23

199 115 47

24 208 76

136 217 31

274 291 97

214 266 52

190 210 23

42 16 88

115 114 84

29 86 83

188 91 81

62 211 50

50 108 54

157 75 74

195 25 86

223 293 96

182 229 17

145 283 20

1 144 89

147 198 46

2 177 22

50 265 51

39 247 39

172 287 22

14 18 48

164 67 96

232 166 77

106 127 68

27 225 34

33 12 73

73 287 15

33 123 72

152 31 14

141 126 62

219 59 5

224 174 8

290 59 35

212 62 24

32 97 95

277 128 79

248 155 5

133 232 30

292 248 44

106 279 33

159 180 77

6 120 97

45 180 44

280 73 37

249 13 83

260 74 15

260 252 79

223 31 68

232 220 15

48 179 95

24 6 26

104 149 32

169 155 13

108 224 71

158 197 66

292 198 73

256 110 66

227 169 57

173 229 16

247 166 17

179 174 32

15 255 27

277 268 96

83 244 50

210 192 14

20 56 75

279 106 44

52 100 11

113 238 90

174 293 25

157 242 43

228 180 31

219 33 36

53 135 9

40 204 13

132 176 23

13 176 96

256 52 67

22 227 4

287 173 5

215 217 76

19 132 57

83 25 94

161 50 67

209 86 48

211 229 49

58 139 85

129 16 90

147 54 54

101 266 81

204 134 20

73 120 100

215 164 36

171 179 51

124 219 9

258 70 96

232 131 50

26 108 3

210 52 78

264 210 76

146 145 91

203 296 40

166 184 51

229 289 75

136 147 36

176 169 10

1 268 58

24 72 27

282 71 76

94 35 13

175 21 98

75 95 43

117 69 10

141 21 79

284 220 34

164 237 43

59 244 34

151 99 53

196 217 21

121 256 22

37 192 81

143 95 79

217 94 86

99 276 85

227 248 56

204 55 44

230 141 30

59 185 93

216 49 10

291 220 100

251 193 67

21 162 23

19 208 2

286 81 66

221 101 1

99 291 13

15 7 11

124 187 8

85 129 34

137 280 50

250 50 48

180 212 58

178 264 82

65 91 93

110 180 53

173 176 11

298 293 52

119 166 43

214 206 4

33 268 99

163 280 27

67 125 80

101 67 38

137 170 99

13 173 79

65 84 14

113 36 32

265 293 49

285 261 90

103 27 92

98 243 37

38 62 82

57 213 65

245 250 33

79 97 18

277 278 91

271 196 17

110 89 34

33 38 94

165 11 97

182 162 78

267 58 58

64 150 9

125 192 9

60 27 44

244 181 14

76 68 85

67 68 97

67 91 84

245 114 76

95 216 77

280 226 71

8 216 1

1 79 38

124 182 18

117 0 47

27 36 29

150 169 98

293 215 81

258 57 36

285 72 51

100 261 40

206 90 64

161 109 59

83 94 17

201 108 43

176 14 60

10 232 75

14 184 89

60 241 2

101 272 90

260 295 43

28 202 74

249 87 12

170 8 17

3 286 95

83 147 30

96 191 77

64 36 77

262 286 45

92 130 59

27 48 63

271 24 24

200 261 49

190 50 4

59 275 71

47 149 100

46 188 93

255 8 88

31 30 91

203 109 59

61 135 10

91 296 59

195 177 95

191 39 96

192 173 13

178 21 48

11 129 26

113 209 91

14 245 4

124 37 18

276 172 87

297 207 35

243 174 97

202 269 59

130 293 8

97 39 14

116 5 27

259 116 46

290 210 48

221 50 43

86 63 5

188 215 9

123 244 77

29 226 36

61 263 23

191 212 96

97 110 51

17 4 39

83 296 11

3 112 83

115 138 51

183 250 23

206 104 36

84 33 3

132 298 24

220 85 22

251 291 81

6 244 22

277 297 62

3 17 65

201 39 56

7 117 82

107 211 91

22 52 61

30 230 94

50 266 15

265 224 27

19 116 65

31 157 28

171 134 81

264 29 81

83 196 53

102 158 75

0 64 94

97 293 87

192 93 79

206 11 95

212 242 61

216 189 15

109 16 52

46 262 17

239 228 59

164 107 80

185 251 41

142 191 43

229 280 93

156 248 23

266 274 92

271 96 90

82 56 33

65 52 1

184 114 76

139 164 50

72 185 4

81 96 69

142 275 5

112 170 100

170 280 62

135 227 28

23 145 74

71 269 16

26 79 52

98 245 43

223 108 76

180 280 98

30 276 74

254 278 40

151 59 28

63 278 65

196 199 81

21 35 20

49 111 92

284 32 36

120 237 13

152 72 98

286 55 81

49 11 92

220 190 65

65 139 81

22 19 79

216 175 17

165 231 24

99 65 7

148 192 75

200 194 43

262 4 59

251 11 87

156 198 79

293 149 20

207 187 94

139 23 85

257 194 25

94 213 57

273 152 56

131 199 80

120 5 9

234 210 50

234 121 97

282 23 98

121 231 81

233 159 21

153 60 78

185 175 37

284 277 58

145 218 19

264 161 2

196 47 87

78 195 27

118 225 53

203 231 47

153 215 3

290 108 61

236 208 71

74 37 25

24 141 55

164 194 79

76 148 87

58 69 10

163 242 73

233 273 90

223 13 20

231 142 68

164 65 59

249 95 70

279 56 34

50 207 1

222 268 52

225 77 19

266 117 72

154 60 43

59 175 99

44 153 72

25 132 64

221 3 48

136 56 33

237 282 98

228 243 98

9 298 17

250 105 26

27 48 88

32 119 93

10 122 49

15 49 77

5 262 92

179 83 2

186 170 92

139 132 67

19 259 15

40 135 54

233 296 38

43 134 8

188 216 18

49 89 93

241 242 47

86 181 57

68 70 69

131 98 53

77 193 5

252 80 81

25 14 10

131 119 38

265 182 5

248 92 97

248 133 26

222 247 40

199 202 23

133 90 91

27 68 96

73 224 98

115 243 44

229 5 84

66 10 47

155 4 41

28 170 63

40 217 35

16 235 83

27 70 4

216 65 9

232 49 21

223 196 91

194 176 40

264 101 72

2 260 97

107 38 81

94 159 79

65 149 80

36 158 10

209 96 82

175 239 99

38 80 72

42 193 50

6 41 73

162 144 10

205 161 79

133 103 21

74 93 100

217 158 99

160 262 66

155 175 6

4 86 55

111 58 67

38 146 91

57 206 47

225 148 35

44 103 82

180 193 29

278 161 91

125 183 60

246 268 81

44 225 97

193 72 70

241 46 45

13 107 34

152 110 38

246 237 9

82 282 44

86 157 70

267 136 11

2 103 95

144 267 39

187 0 38

297 95 24

242 5 63

14 162 67

31 242 54

78 263 83

42 177 86

213 145 82

78 37 87

114 46 99

166 282 12

21 157 9

254 201 8

223 45 99

228 237 88

68 36 94

120 247 22

95 292 42

117 45 66

173 121 3

239 5 11

30 271 85

126 284 84

262 163 24

197 192 17

139 151 12

161 31 9

3 171 1

152 112 100

63 145 31

174 3 48

43 165 1

13 87 38

252 133 24

76 283 38

126 104 93

99 296 79

150 136 44

263 207 24

80 197 72

78 43 98

