106
193
125
176
144
130
184
132
177
130
151
114
197
149
137
137
150
185
176
111
124
143
130
142
157
168
200
182
103
106
187
118
188
115
132
181
144
139
101
120
105
180
111
112
195
150
194
198
133
180
123
146
194
187
165
103
193
105
160
172
151
104
156
128
198
101
142
131
126
129
116
123
146
150
176
173
192
146
149
154
156
184
194
121
150
115
163
111
154
194
165
135
101
162
113
184
133
143
127
173
198
106
174
140
175
170
122
164
129
104
183
103
157
172
129
179
197
108
100
191
107
150
114
104
184
164
200
104
107
146
120
120
191
194
199
155
125
153
137
179
169
112
105
164
188
139
126
109
164
162
170
116
138
189
116
180
149
171
117
161
178
161
200
117
147
182
140
141
101
148
189
162
197
169
103
130
114
187
174
100
164
190
138
123
159
108
181
145
190
162
190
118
123
191
178
189
153
111
124
187
124
115
100
143
132
142
151
152
192
106
125
182
109
197
140
180
119
167
109
128
167
171
161
127
178
155
119
180
182
195
111
135
106
121
131
112
190
127
116
170
146
126
104
169
111
153
193
123
157
127
189
147
145
131
198
130
164
111
109
130
126
173
181
102
107
112
163
150
159
138
143
131
112
195
154
130
140
122
196
108
189
191
181
199
102
153
175
135
122
194
193
105
176
187
181
141
151
142
179
190
