56463
53099
50098
51389
52809
56733
51753
52591
57344
57718
58305
55426
59537
55542
57838
52126
56040
54203
51004
53911
57947
58236
59874
57107
55365
57326
50407
56370
52498
57460
57323
51925
50696
58090
53482
58670
51286
52069
54178
59484
52763
59303
57025
57240
56458
53652
52360
57985
52463
56943
54458
57451
56582
51499
54458
54807
51381
59190
55973
58846
58171
54225
51595
51536
53157
50441
53757
54723
54707
55053
53146
52076
52122
53852
58980
53482
57373
55422
56301
57384
58501
53231
57772
56957
51897
53342
53656
53622
54383
53745
55168
59762
51039
55723
53451
57991
57979
52527
50347
55483
52700
59514
56815
54629
58705
54575
52072
57886
55204
53267
55237
58932
59364
55810
58457
59742
53125
59473
54556
50964
51039
54658
51191
51301
50797
52577
57004
54110
58040
50278
55384
54693
54663
53410
55214
56503
56616
58166
56838
54549
52650
54416
53320
56304
53669
55888
54530
51536
54856
53584
59400
55354
55875
56829
57143
54590
52423
57725
51547
55683
52331
50622
52318
54716
54145
52990
59733
58363
52578
52750
59990
53975
58175
58453
59389
55495
59132
58798
50633
52389
53530
53515
52285
51970
56648
52214
52072
58269
55847
51485
52743
59733
54796
54621
56350
50833
53836
51031
51609
58467
56156
59938
59264
57905
58273
54765
50311
57976
54900
57966
56420
54551
51716
51337
57025
56069
54741
52765
52582
56862
51439
54902
50162
56179
52576
58197
59326
50606
56908
51780
59412
57238
53790
59816
56676
52550
56113
59245
58411
50700
55734
56790
59072
54954
53849
56777
52673
55650
56839
50896
59431
58492
50831
59291
51262
51954
59269
56014
52666
54823
57816
58486
59293
54592
50552
53689
53054
50871
51526
56498
56510
57058
52796
50252
50048
51832
52513
51289
51126
50925
52597
51218
55339
53441
58007
54134
52744
59408
59789
55983
57911
55111
52191
55724
50159
50903
55610
59134
51532
50924
