0 1 4

1 2 9

2 3 18

3 4 60

4 5 37

5 6 76

6 7 16

7 8 2

8 9 82

9 10 15

10 11 10

11 12 83

12 13 76

13 14 6

14 15 5

15 16 83

16 17 25

17 18 74

18 19 6

19 20 85

20 21 48

21 22 54

22 23 30

23 24 61

24 25 13

25 26 88

26 27 33

27 28 45

28 29 14

29 30 39

30 31 1

31 32 43

32 33 67

33 34 100

34 35 72

35 36 26

36 37 96

37 38 73

38 39 18

39 40 98

40 41 81

41 42 82

42 43 1

43 44 38

44 45 29

45 46 99

46 47 53

47 48 18

48 49 86

49 50 81

50 51 6

51 52 82

52 53 6

53 54 82

54 55 21

55 56 85

56 57 30

57 58 1

58 59 43

59 60 54

60 61 54

61 62 15

62 63 57

63 64 86

64 65 100

65 66 62

66 67 49

67 68 62

68 69 66

69 70 54

70 71 75

71 72 28

72 73 13

73 74 16

74 75 83

75 76 91

76 77 14

77 78 32

78 79 71

79 80 16

80 81 99

81 82 46

82 83 60

83 84 64

84 85 30

85 86 41

86 87 27

87 88 20

88 89 35

89 90 89

90 91 95

91 92 5

92 93 96

93 94 86

94 95 58

95 96 68

96 97 97

97 98 41

98 99 28

99 100 7

100 101 50

101 102 12

102 103 17

103 104 40

104 105 29

105 106 9

106 107 39

107 108 49

108 109 36

109 110 12

110 111 18

111 112 11

112 113 42

113 114 28

114 115 93

115 116 72

116 117 38

117 118 90

118 119 93

119 120 99

120 121 13

121 122 91

122 123 54

123 124 12

124 125 91

125 126 34

126 127 26

127 128 56

128 129 68

129 130 37

130 131 24

131 132 85

132 133 87

133 134 95

134 135 30

135 136 75

136 137 79

137 138 52

138 139 34

139 140 34

140 141 64

141 142 18

142 143 19

143 144 75

144 145 71

145 146 18

146 147 11

147 148 27

148 149 60

149 150 10

150 151 61

151 152 47

152 153 46

153 154 21

154 155 79

155 156 31

156 157 38

157 158 24

158 159 42

159 160 61

160 161 22

161 162 92

162 163 31

163 164 62

164 165 76

165 166 69

166 167 60

167 168 69

168 169 16

169 170 100

170 171 31

171 172 87

172 173 10

173 174 34

174 175 10

175 176 30

176 177 89

177 178 62

178 179 30

179 180 93

180 181 90

181 182 91

182 183 96

183 184 77

184 185 91

185 186 31

186 187 99

187 188 48

188 189 58

189 190 22

190 191 86

191 192 12

192 193 75

193 194 85

194 195 88

195 196 46

196 197 9

197 198 64

198 199 6

199 200 93

200 201 77

201 202 84

202 203 78

203 204 84

204 205 47

205 206 3

206 207 24

207 208 26

208 209 49

209 210 78

210 211 19

211 212 66

212 213 40

213 214 89

214 215 93

215 216 8

216 217 25

217 218 28

218 219 59

219 220 57

220 221 12

221 222 50

222 223 11

223 224 96

224 225 85

225 226 41

226 227 51

227 228 40

228 229 100

229 230 1

230 231 4

231 232 1

232 233 49

233 234 88

234 235 54

235 236 37

236 237 89

237 238 22

238 239 10

239 240 93

240 241 72

241 242 99

242 243 59

243 244 31

244 245 100

245 246 72

246 247 84

247 248 100

248 249 68

249 250 59

250 251 16

251 252 38

252 253 83

253 254 67

254 255 68

255 256 69

256 257 15

257 258 36

258 259 85

259 260 33

260 261 17

261 262 6

262 263 91

263 264 4

264 265 3

265 266 81

266 267 80

267 268 90

268 269 11

269 270 69

270 271 95

271 272 61

272 273 98

273 274 6

274 275 14

275 276 43

276 277 89

277 278 49

278 279 24

279 280 14

280 281 85

281 282 41

282 283 15

283 284 26

284 285 2

285 286 88

286 287 55

287 288 38

288 289 18

289 290 21

290 291 62

291 292 37

292 293 16

293 294 3

294 295 76

295 296 62

296 297 6

297 298 7

298 299 98

299 0 13

84 184 90

163 190 80

41 207 23

236 211 90

177 179 18

233 59 33

49 31 55

144 259 73

220 261 76

281 39 36

16 276 33

141 66 52

13 170 58

212 204 68

169 129 52

69 5 37

142 28 80

63 97 11

65 294 30

279 198 19

107 191 65

52 184 28

70 44 84

285 74 26

29 114 44

247 69 65

60 241 30

93 59 18

227 224 36

251 60 30

295 3 82

254 198 54

123 43 40

293 147 44

10 6 12

280 206 52

145 51 27

258 246 62

250 86 19

133 185 32

55 19 22

85 224 7

192 70 65

68 270 16

48 69 32

237 248 59

251 250 94

107 187 68

225 295 34

280 71 11

221 114 79

138 252 7

165 87 70

217 84 92

208 255 76

43 164 7

141 7 76

259 233 83

46 66 71

262 121 68

105 55 72

32 223 72

94 212 48

265 37 39

61 108 76

136 93 54

280 40 9

145 248 39

32 199 31

208 19 69

44 277 49

147 246 19

150 244 87

74 38 47

194 25 60

130 260 35

181 106 30

183 76 64

291 26 4

128 280 84

130 166 74

136 30 94

243 277 61

19 74 93

224 134 31

235 247 87

232 135 6

72 2 44

233 86 58

293 171 72

235 67 50

144 146 48

149 134 16

232 66 48

96 285 22

48 281 4

271 246 68

160 252 73

50 87 46

0 81 1

96 83 54

153 136 80

110 157 31

1 158 19

180 2 60

141 255 53

124 115 77

37 22 40

142 247 53

237 127 68

242 259 81

166 187 99

272 242 99

83 184 37

1 185 60

175 211 98

96 111 2

244 187 41

285 298 69

121 142 81

161 288 83

294 51 30

274 196 47

292 106 41

153 181 29

82 16 15

101 57 4

210 225 73

112 48 81

241 134 23

81 232 69

102 126 59

101 76 25

291 219 44

57 61 33

160 172 25

225 179 8

166 76 63

219 25 83

151 14 4

88 54 10

16 132 44

104 133 83

210 17 80

120 36 78

105 119 80

196 122 19

249 117 37

211 119 52

93 253 51

206 127 76

184 264 89

98 160 36

207 218 92

110 113 68

253 138 54

44 161 70

141 90 26

167 231 80

215 105 79

253 13 75

11 3 23

144 62 32

234 10 6

102 43 74

262 197 6

224 169 51

209 269 52

218 190 77

71 235 71

109 255 63

24 125 23

198 52 28

162 61 18

242 257 36

55 53 40

49 6 5

244 133 43

184 176 77

252 159 60

154 160 71

125 160 30

291 279 52

117 66 81

238 153 22

259 180 61

6 159 75

150 44 86

182 186 85

109 69 50

81 13 72

229 186 96

288 42 30

71 138 89

120 67 90

75 85 78

138 169 74

132 33 67

116 115 96

215 76 74

52 133 10

230 262 25

159 26 17

78 54 17

151 98 98

56 50 19

66 160 73

117 212 43

262 149 55

124 157 45

190 147 33

71 235 44

230 200 100

216 122 33

89 226 75

202 179 20

239 18 24

141 45 65

283 5 61

166 111 77

93 257 78

287 143 37

2 107 44

246 200 61

131 69 88

123 161 3

98 220 100

27 165 8

151 276 79

184 66 14

284 217 13

138 252 71

182 150 68

160 245 41

75 135 31

212 25 52

212 151 93

82 87 33

214 198 27

91 148 60

211 238 62

39 191 48

51 64 90

165 174 35

3 154 29

184 138 32

40 80 82

129 190 16

217 275 1

214 244 39

266 287 16

104 195 54

124 72 55

180 150 65

53 24 97

249 0 22

83 245 5

266 147 49

141 183 82

106 22 6

97 295 85

152 44 14

218 236 10

233 259 37

79 297 59

62 267 34

23 235 78

294 47 97

287 28 86

217 102 44

252 215 9

152 240 51

141 228 95

238 175 49

117 23 13

196 243 43

61 217 36

154 227 72

93 41 47

289 228 45

5 81 54

200 150 91

59 253 13

72 191 59

124 279 30

61 138 18

44 136 1

153 151 90

90 187 77

15 269 73

111 169 94

36 284 21

202 86 88

250 205 45

272 183 8

264 224 84

56 28 79

191 52 68

197 282 46

296 236 54

155 203 5

247 260 12

274 53 51

75 127 34

3 6 81

110 150 38

146 145 74

132 195 26

23 4 99

290 118 8

286 29 62

243 263 90

114 262 98

290 117 71

152 158 24

206 67 21

187 289 75

270 245 99

119 182 78

35 64 79

252 255 19

186 127 81

192 137 79

13 72 23

162 144 9

61 36 89

161 136 97

53 207 90

23 144 65

284 261 100

37 139 81

47 120 41

291 76 19

89 274 67

145 98 84

142 190 48

219 254 91

249 104 97

106 43 49

225 126 7

269 89 99

198 205 16

6 114 11

22 89 39

221 147 41

218 74 51

101 34 45

18 80 6

202 131 93

27 188 70

225 209 33

81 276 36

202 74 1

206 155 94

13 292 79

55 34 92

267 225 17

92 71 10

29 230 78

196 161 78

246 38 54

211 24 26

91 57 52

120 210 45

281 275 52

231 117 36

247 74 62

271 284 2

118 258 81

218 101 60

170 213 2

184 163 100

221 254 100

88 162 79

118 238 31

97 12 3

251 164 74

154 45 89

132 227 47

67 259 24

274 69 28

251 159 8

210 65 21

237 185 61

37 259 50

84 29 55

266 212 22

35 31 28

274 69 24

7 171 2

195 254 4

238 296 39

212 109 49

75 298 36

232 221 35

255 149 39

207 38 39

206 57 95

173 271 32

42 221 8

20 132 96

108 98 15

207 237 25

211 176 41

49 145 18

111 24 58

177 125 84

5 138 92

178 22 67

164 200 15

8 105 49

272 71 4

239 80 10

215 139 4

235 121 71

159 225 11

116 204 3

190 44 85

227 182 81

84 125 66

204 125 70

113 254 18

168 35 16

289 41 95

116 59 96

62 174 64

221 261 21

104 32 63

234 126 6

155 293 46

119 128 54

216 192 16

91 281 24

180 50 65

282 110 62

31 107 47

115 217 67

262 114 23

0 285 8

114 60 12

38 272 72

288 158 1

239 22 5

249 42 28

61 75 27

1 16 71

21 249 46

72 95 1

21 267 13

31 90 93

173 254 99

183 107 18

85 191 85

123 185 76

241 7 74

105 95 99

143 267 68

20 206 37

211 232 41

201 99 66

174 208 89

133 215 25

220 144 58

86 251 23

158 192 15

111 0 38

41 173 89

87 28 79

257 8 89

246 154 81

219 214 75

264 131 16

150 56 37

82 208 43

245 258 18

176 270 37

212 279 34

77 219 95

206 32 55

132 235 87

270 9 29

201 106 36

293 18 86

128 229 14

124 148 38

282 28 41

249 186 85

116 94 71

280 251 51

289 188 38

15 60 12

181 8 16

237 294 83

118 256 29

197 237 53

207 37 86

181 153 54

221 147 44

1 279 78

132 221 27

109 292 71

214 213 63

14 79 41

45 157 87

50 16 22

281 279 42

60 230 69

88 10 91

255 273 94

101 161 97

139 218 5

95 254 43

202 246 16

43 225 31

12 294 90

181 182 68

120 102 66

64 67 77

12 230 22

221 259 82

27 199 46

176 62 53

105 154 2

204 69 71

272 220 23

140 74 77

231 255 77

42 244 8

189 203 93

201 18 95

243 261 19

281 83 97

148 162 39

263 233 1

99 202 88

135 269 57

31 201 31

25 240 84

187 56 72

6 112 2

87 277 55

231 192 38

187 25 99

186 296 23

112 248 43

287 2 21

91 144 29

292 178 58

206 236 89

127 275 88

240 286 44

222 155 67

115 183 75

56 60 34

175 193 22

229 265 17

189 193 2

229 232 96

64 209 97

113 155 29

271 208 39

125 3 65

97 226 23

65 49 28

188 95 41

215 210 69

206 134 62

202 104 75

203 151 42

108 35 24

211 296 43

289 263 27

284 198 49

152 166 32

173 258 60

270 45 52

251 80 67

27 252 17

286 22 5

265 25 80

60 16 17

158 71 9

238 20 43

238 243 84

60 285 80

85 179 14

268 79 36

36 202 25

287 46 61

194 78 73

266 143 86

197 276 15

175 12 55

196 9 9

61 262 81

244 26 36

235 11 82

131 34 10

19 45 83

180 7 20

247 163 97

256 222 16

169 278 43

277 72 13

31 118 10

13 15 78

272 143 92

212 251 70

6 106 98

229 31 56

51 263 92

269 12 69

65 209 74

143 214 64

45 216 100

211 5 18

42 62 50

126 280 64

200 139 68

41 90 90

96 133 12

134 199 78

175 78 92

274 40 85

187 27 60

110 31 1

262 118 67

60 54 34

181 252 96

282 132 10

49 88 4

74 173 13

162 117 75

157 261 81

210 129 48

71 231 52

109 265 23

229 195 64

146 100 62

10 3 31

258 126 55

261 28 97

127 130 55

48 7 63

93 167 36

42 46 76

262 28 85

168 165 73

152 153 96

211 137 66

23 101 53

196 93 93

38 203 26

248 97 85

238 48 3

126 69 91

271 134 41

184 148 36

179 112 82

146 219 62

271 280 3

112 85 19

120 133 7

289 278 13

70 282 52

291 134 41

127 161 51

113 231 23

19 188 67

175 18 59

293 127 12

262 195 54

258 138 37

172 260 85

52 228 20

77 208 51

93 296 27

269 237 66

75 280 12

48 283 96

60 30 97

198 119 17

130 92 89

278 31 6

121 28 17

288 149 68

225 214 100

248 36 40

200 288 5

268 60 100

269 172 21

235 292 43

178 25 85

150 80 62

270 239 41

36 37 63

152 43 46

199 148 34

198 239 42

238 225 74

59 217 61

181 109 13

6 150 16

105 36 45

296 138 74

164 194 20

292 19 22

259 79 56

2 75 72

126 130 36

2 3 74

75 37 74

194 272 21

288 227 91

196 174 32

111 239 59

55 49 97

199 216 68

124 63 19

171 176 38

54 135 70

242 287 95

119 236 96

291 125 71

197 232 35

97 269 39

149 238 66

92 74 58

191 209 41

42 21 85

134 198 51

281 236 54

119 108 90

112 12 5

235 237 22

38 123 91

215 281 15

159 202 90

100 15 85

30 172 72

182 252 13

115 68 1

290 292 36

273 85 79

28 45 67

1 149 54

73 23 73

124 148 43

216 278 23

72 116 15

106 270 65

124 46 61

219 176 35

68 128 84

29 5 49

164 94 69

115 119 97

231 262 93

228 86 30

207 260 14

179 6 49

168 148 40

101 10 26

25 75 53

13 153 95

125 183 25

42 137 25

179 177 95

229 175 46

229 263 22

197 150 42

143 180 88

74 137 83

44 17 58

61 168 92

288 267 30

194 18 84

218 142 91

162 22 83

221 175 40

123 7 93

215 5 50

121 122 1

180 165 62

77 111 83

280 278 33

202 129 51

113 18 86

284 269 54

43 85 31

281 260 16

271 108 47

181 202 36

276 16 5

24 52 41

253 277 74

175 113 78

135 288 75

205 287 46

139 223 89

249 151 43

146 8 66

63 93 45

144 297 68

14 210 66

268 207 48

190 68 75

11 74 15

27 46 67

109 14 71

116 153 96

240 139 65

135 260 35

61 16 15

241 143 8

47 198 81

280 49 62

230 286 94

151 188 77

53 126 69

121 139 51

233 298 13

167 163 57

221 27 86

193 122 71

98 222 16

118 277 24

264 99 78

48 276 79

120 140 78

263 158 9

86 52 49

273 103 80

2 283 87

290 284 74

8 215 15

177 41 71

92 151 47

261 264 72

160 97 24

280 5 92

230 288 4

101 224 3

170 134 76

21 62 39

290 295 21

170 262 5

178 244 59

280 99 19

257 114 63

135 253 8

7 66 44

158 27 20

233 127 28

289 107 29

26 67 16

165 276 82

264 245 66

113 281 54

117 231 16

14 96 80

69 44 5

265 156 84

265 219 41

242 39 62

122 105 14

213 146 4

265 179 39

142 128 54

62 223 90

48 193 44

58 270 1

184 139 66

298 173 1

141 205 97

28 221 34

283 35 5

297 104 19

49 192 91

209 139 32

16 153 9

26 161 75

136 85 9

251 158 42

271 266 23

199 4 82

172 99 46

278 30 16

94 60 33

235 276 64

216 48 17

43 98 52

75 271 62

198 229 33

100 276 49

291 273 31

151 197 86

231 254 21

18 228 76

49 188 50

107 253 4

67 134 74

204 41 5

129 103 42

213 218 93

57 31 19

226 54 76

268 187 11

200 253 90

285 101 17

33 206 67

236 133 82

213 54 12

222 190 99

185 266 77

44 16 34

246 211 92

261 129 86

71 49 92

99 224 47

51 263 75

54 17 49

259 25 14

100 4 46

210 55 50

28 90 17

247 232 59

53 132 5

137 61 40

289 297 88

68 18 21

229 146 24

43 162 2

205 169 9

180 5 58

112 20 52

232 180 88

10 106 9

212 67 14

106 110 94

223 125 57

67 107 91

292 28 11

171 225 19

4 145 50

148 285 31

111 34 97

277 29 52

253 180 16

97 164 87

131 185 37

123 200 99

129 117 90

159 105 86

236 47 47

1 113 47

209 174 11

158 4 15

30 62 65

198 130 82

73 288 33

236 130 48

30 292 78

91 277 23

219 119 80

292 273 83

253 180 55

293 87 51

76 98 23

112 275 46

9 186 16

46 269 9

280 254 90

216 225 28

123 57 23

79 278 32

206 66 39

235 258 58

244 141 77

213 79 17

204 41 15

222 243 89

279 10 28

209 87 9

271 175 59

38 53 31

207 102 5

8 137 61

154 200 85

124 218 37

234 54 47

1 18 56

239 90 7

166 102 23

109 275 97

274 145 73

9 33 24

197 297 19

236 98 60

187 41 86

151 124 11

10 171 87

260 237 51

20 252 94

164 185 54

297 169 62

158 270 59

129 6 89

133 103 74

114 79 45

85 18 53

273 274 81

267 246 59

92 31 29

292 63 95

249 293 2

225 163 67

13 225 80

269 286 57

175 247 19

186 64 78

160 278 21

163 144 12

106 197 45

247 142 66

16 82 20

271 275 26

168 60 15

260 151 56

57 130 18

135 149 52

116 296 58

282 277 84

113 169 74

260 51 49

193 20 7

34 246 76

115 148 51

93 276 48

4 103 97

288 126 67

76 127 88

33 48 7

168 204 44

143 229 63

272 86 43

6 173 99

278 84 47

131 248 10

272 187 54

161 39 7

184 39 76

104 284 86

284 0 60

76 162 87

253 185 5

258 89 74

248 144 87

147 155 11

222 111 46

227 9 97

60 24 4

73 115 70

16 44 54

100 57 76

234 242 40

286 48 64

265 219 68

138 12 54

84 279 100

6 206 1

168 296 11

163 7 37

234 59 33

209 270 3

161 279 63

108 156 56

290 104 35

283 211 20

213 129 16

255 56 7

150 20 90

286 232 10

54 48 42

258 11 41

12 182 69

42 31 90

49 7 96

3 236 87

246 161 53

212 215 18

214 88 37

179 137 98

104 220 59

55 197 89

247 213 82

66 1 11

265 288 40

275 203 95

259 264 28

55 269 95

127 53 24

187 62 11

206 32 13

113 30 50

88 189 77

249 6 33

67 93 38

230 47 37

257 62 34

246 45 83

91 47 50

166 213 2

54 99 61

280 57 57

251 132 48

182 71 86

183 74 4

297 207 3

100 19 9

75 226 51

92 130 29

49 9 53

38 18 42

68 239 57

236 156 57

198 43 47

211 225 21

149 76 84

203 119 8

223 85 83

86 155 78

146 105 74

98 233 65

76 209 35

206 283 35

142 88 12

274 291 22

83 201 79

190 77 78

147 149 96

255 49 51

46 182 25

214 210 38

50 135 84

44 249 15

196 64 21

276 95 39

28 234 76

26 259 18

108 281 27

221 66 52

139 96 42

48 1 81

285 177 16

31 96 78

265 124 3

50 267 94

212 265 99

188 223 73

36 4 52

128 15 28

213 263 58

5 60 87

134 195 29

217 8 52

193 23 75

122 200 52

61 55 16

232 20 19

188 109 92

0 170 62

9 181 16

212 291 29

196 126 93

25 50 99

273 145 98

155 57 28

127 289 67

236 174 7

25 285 6

226 212 71

228 213 26

86 61 87

15 128 62

142 227 77

125 107 51

242 34 100

174 96 66

70 91 7

234 171 22

73 81 31

288 27 19

130 52 25

77 291 60

165 57 71

191 6 72

47 171 98

189 76 38

83 278 26

155 157 32

153 40 64

126 275 77

231 280 68

199 128 54

242 169 91

169 120 95

169 21 73

85 130 55

76 52 87

56 48 27

11 176 55

54 106 62

44 74 79

280 24 62

250 199 35

54 84 85

146 42 98

34 114 22

136 198 49

93 212 15

2 146 96

17 77 46

136 290 43

241 3 33

176 292 81

180 165 19

137 21 100

45 11 34

173 58 55

190 76 93

168 64 9

233 124 59

36 285 80

159 164 100

34 166 95

110 204 95

254 128 78

130 289 79

282 59 21

254 132 56

264 160 88

230 2 39

191 269 89

239 271 8

128 80 11

24 38 18

232 197 31

223 222 56

255 38 26

32 48 100

222 71 91

61 204 80

163 117 39

79 134 35

184 231 94

140 219 80

50 204 17

152 7 76

271 102 3

215 96 9

211 5 17

61 34 84

279 15 25

123 63 14

126 169 82

295 14 84

205 182 65

273 252 17

178 260 47

190 150 98

217 98 23

172 12 9

224 153 94

202 143 8

139 147 53

153 258 92

28 89 12

164 29 86

272 113 88

203 115 21

71 290 50

20 173 78

292 90 54

45 136 27

229 287 1

141 11 48

121 269 10

72 135 20

103 10 71

194 76 24

270 279 6

93 200 72

3 277 36

27 9 60

98 275 19

185 63 13

150 206 4

215 146 79

89 280 26

235 104 58

88 18 33

249 123 38

173 123 15

223 86 7

181 198 14

107 232 38

81 209 86

139 171 65

289 243 99

38 271 17

236 69 14

84 60 9

282 91 22

259 273 45

235 44 66

293 66 85

110 62 59

66 208 75

39 168 56

159 229 24

104 59 27

89 66 77

179 177 97

228 128 27

85 97 48

119 96 20

23 280 66

213 116 53

178 182 2

83 129 68

198 272 80

163 41 86

73 110 55

5 6 59

27 132 73

1 6 83

221 138 15

265 166 16

165 220 39

159 164 6

165 70 92

0 112 38

32 259 40

91 180 21

139 60 8

86 125 21

58 48 78

94 284 75

243 165 42

54 145 52

237 94 2

234 39 56

126 195 86

135 255 53

170 34 4

283 54 31

91 35 53

160 92 83

216 50 90

278 259 81

74 7 14

180 50 39

4 221 23

211 7 74

168 58 36

44 128 15

270 106 82

100 193 17

4 30 30

285 36 55

145 294 29

222 229 68

171 23 78

228 98 16

192 152 25

87 288 2

281 7 16

210 124 39

81 290 68

33 145 25

28 79 89

247 262 20

29 250 61

279 53 68

102 45 91

158 206 22

187 284 6

158 237 16

275 245 79

36 288 86

245 135 37

297 41 94

89 47 100

155 272 70

59 57 27

280 105 56

106 154 9

143 38 87

43 133 54

271 146 60

245 248 65

266 113 18

126 169 28

269 286 98

187 297 37

127 101 76

132 20 15

215 2 57

1 280 31

257 206 88

158 180 28

259 204 10

207 117 71

95 110 31

49 69 31

42 211 61

111 24 52

211 159 17

165 68 71

174 129 1

198 222 39

24 241 25

267 263 45

6 192 23

119 215 44

75 198 51

105 218 65

45 44 40

271 296 6

202 41 67

255 240 91

224 14 3

72 48 81

7 23 99

185 85 91

229 4 27

26 140 79

46 84 88

267 56 20

42 261 78

226 286 11

212 57 33

257 244 14

170 54 77

114 174 88

159 185 86

109 94 88

280 210 18

45 7 43

240 226 51

110 24 32

264 256 10

149 201 95

171 201 25

38 266 75

106 248 44

270 173 74

13 75 48

172 157 29

236 8 87

161 20 3

79 175 8

213 261 69

270 83 33

39 82 54

190 200 11

150 259 29

293 196 62

61 285 78

262 248 64

169 257 49

71 210 100

35 222 93

88 264 78

144 68 79

249 284 19

187 277 11

128 277 55

117 271 100

258 114 22

138 150 76

232 74 13

19 94 100

276 285 97

216 290 15

221 111 29

249 280 8

108 233 31

58 41 17

250 148 12

196 72 39

96 258 46

29 4 9

122 191 50

0 18 27

5 259 69

24 187 20

141 249 59

127 162 16

