102
180
125
180
131
156
165
151
140
126
154
139
180
138
165
122
149
117
140
165
187
127
184
108
115
150
188
177
179
197
174
200
186
132
152
183
113
150
190
141
105
120
125
150
111
195
185
169
104
109
148
135
114
176
112
156
113
169
186
103
115
143
149
146
108
166
108
159
114
178
165
147
136
131
188
181
108
170
115
171
120
191
134
159
152
122
115
123
122
160
124
133
163
185
160
131
142
124
179
136
196
140
126
157
123
133
153
108
126
153
197
114
183
156
130
144
166
144
197
197
159
174
149
174
198
157
178
114
101
137
187
140
127
185
188
173
106
148
129
106
116
138
188
103
136
188
153
101
163
127
106
138
185
163
119
180
130
180
126
139
169
123
199
106
175
194
101
109
183
106
182
149
199
192
195
141
198
132
161
133
136
107
159
112
136
141
147
113
109
154
106
145
123
142
114
145
148
158
195
194
142
110
198
112
139
102
168
118
148
154
127
108
192
117
105
190
154
146
100
101
179
143
144
190
150
116
124
108
183
147
200
162
156
158
155
149
193
181
123
183
185
133
145
110
109
102
164
163
170
162
104
171
189
107
171
199
149
154
125
155
107
193
173
116
154
125
187
130
144
109
196
149
124
114
144
170
186
102
168
195
189
139
159
111
155
106
174
195
196
172
167
100
175
113
129
154
169
184
185
176
