50602
50964
58473
50145
58446
52571
54238
59754
53538
54613
58064
58122
57263
58891
55293
52839
51324
58867
56613
57798
57838
51940
57306
57101
50968
52510
58227
53060
50127
51785
57003
52356
57880
52063
57789
57441
56099
50317
56759
57274
57410
53380
51312
52665
55818
57289
56809
54816
52115
50237
53653
56015
57745
52434
58999
53601
53939
57768
55169
52474
57845
59166
59561
58540
54945
51152
50016
54124
59130
57630
57147
50314
50913
57219
59768
57741
56733
53447
59458
58229
55256
54763
54154
55309
51151
59879
53089
58914
54496
55072
59510
55629
57309
56276
56582
54797
56281
53172
57178
53894
50716
56357
58516
58340
59815
54302
55852
51543
55004
57159
52737
54387
52157
53850
58634
57924
53247
58871
50370
55434
50666
51946
55639
57731
54347
58721
56820
57235
51140
51789
55824
58366
52526
52936
59832
52156
54228
59589
50880
52778
53834
53301
56388
52124
50051
50745
52507
54312
59232
52964
56851
50243
53888
53421
56460
54773
59774
50299
53869
53557
56137
50602
51054
59693
52487
50358
58870
57485
56247
51904
54252
53203
53387
59784
52252
59371
50649
58875
58940
56802
56658
56905
57406
55371
54135
59462
59660
55166
51575
50954
50906
54137
59623
54593
59915
56099
59311
54305
55392
59061
55636
57829
53004
54566
59177
55515
59475
53887
58755
59783
52929
55822
52384
52170
57786
56178
50010
59896
54090
56050
53481
53073
57036
52951
51810
54689
58121
52888
53859
58291
59563
58992
56688
55109
54196
57207
59297
56347
52229
51429
52882
51903
53296
51451
57068
57535
51590
55930
50252
54068
56764
55921
54903
58617
53589
58237
57630
52196
53603
59523
57536
51052
51195
53628
58702
57999
57262
58399
50020
57113
58590
53133
56178
54630
56148
53507
58782
55917
50013
55449
57321
55209
55023
55194
58657
54597
50455
50771
57462
55158
50130
53775
54834
52012
50231
57232
52110
54680
58080
53096
