167
114
119
136
115
189
165
111
110
175
146
123
107
189
167
169
139
141
132
165
153
165
182
135
161
120
172
106
127
180
152
119
112
139
200
153
189
149
144
162
148
155
116
100
129
103
109
157
194
157
134
149
157
176
189
105
164
114
178
144
139
193
121
183
168
186
170
162
181
107
120
104
152
188
152
142
142
194
187
157
171
156
158
193
102
190
143
113
180
110
117
101
195
116
145
180
106
103
193
162
129
159
102
131
154
177
166
122
181
119
120
139
129
188
136
107
134
144
196
101
190
130
113
178
135
197
138
126
191
154
165
142
118
190
176
158
100
186
173
182
173
132
110
122
175
115
123
150
107
143
110
148
118
113
138
163
199
113
138
175
135
100
104
105
107
129
115
193
180
115
120
113
128
150
110
107
109
172
187
141
174
159
134
146
194
158
145
175
101
178
127
108
114
164
194
164
138
185
147
106
128
123
138
106
182
142
196
170
176
186
159
138
124
182
182
114
153
199
106
115
175
105
107
161
149
191
121
110
135
140
128
197
129
170
136
150
161
103
118
136
200
180
147
129
111
196
148
186
113
187
200
125
138
136
156
193
119
182
162
149
144
148
150
171
116
102
168
167
153
135
109
116
122
158
100
124
152
187
180
190
198
156
119
166
188
173
131
145
173
183
143
194
109
142
167
133
123
101
192
137
100
182
128
147
101
137
147
134
131
129
172
117
108
160
167
168
168
101
186
138
125
152
165
162
182
194
183
121
190
196
119
165
151
164
110
109
160
156
124
110
129
150
121
200
155
110
164
108
177
150
103
144
122
104
135
156
136
162
100
160
173
134
200
163
127
111
158
109
164
158
174
100
106
138
175
152
156
192
163
159
159
125
128
149
115
170
128
140
161
104
104
152
160
143
140
166
109
117
105
162
