50070
51652
52726
58200
55645
51427
51723
59502
58817
51177
50501
53936
53142
57426
54845
50830
56937
52609
54336
50913
58057
50091
50402
55356
54784
57087
59388
56894
52088
53784
53975
58508
51948
52181
52938
57926
56575
54425
55924
55187
54071
56564
54641
52150
59576
53495
59122
53383
52928
58561
54425
52265
52276
52220
52817
53931
51604
56524
52190
55689
50455
59811
50051
50177
53324
53914
53653
58023
52020
50786
59556
57384
50356
51481
54282
57335
53142
51013
58877
53626
51867
58596
52340
56475
56971
55196
51471
50228
56337
55923
51857
54618
58065
50316
51689
57032
50362
52475
58297
57897
55716
54749
52125
56733
50990
56872
53850
59301
54018
58527
56446
55272
53932
53256
57145
51484
54673
51937
52164
59470
54925
57822
59374
59682
52967
53654
55642
54612
51728
54699
54762
53372
54158
58611
51071
50613
54838
54858
55269
54949
51949
50815
50930
55439
52692
54985
53320
55300
59241
59676
51912
50766
59498
53510
57921
58335
53557
53941
57078
59484
59877
57545
57235
59961
51450
54963
55113
55512
55954
53886
59101
53472
50631
58927
58956
55646
59657
59723
56221
54171
55339
51540
54551
56314
59988
54018
54944
58191
50145
59590
50595
55731
59377
51333
58281
51064
59936
56227
52192
56321
57479
53335
50265
53703
58311
56180
57180
54753
50229
51013
56747
59724
51244
50206
52675
50411
51734
52414
59504
57077
54641
56674
59355
59550
50984
56712
59998
50271
58234
59807
51620
54484
51952
58131
50412
53309
57276
53901
51399
59873
52437
54676
57240
59591
54136
58594
51127
50203
50302
52989
50815
54203
51069
51620
54955
51819
52947
53664
50549
52419
55029
55767
58979
53081
57168
58691
53944
50506
53017
58628
55776
50657
53378
54789
59515
54034
51784
58294
52772
52791
56484
59759
51230
58964
56556
56822
57225
50422
59102
59317
59294
51045
52655
53063
52291
58137
58696
50272
53256
55888
59367
54450
53293
56971
56095
59060
50647
51176
57867
50065
58190
56802
58944
50118
52521
52470
56826
58903
53318
56597
56610
58649
52599
55089
58040
58699
57685
55281
51623
58226
55575
59694
50966
54287
51756
59343
56073
58384
51967
59676
51668
58344
58802
58863
54921
55677
53897
52745
57279
58073
54904
50242
54863
50476
57819
56116
50452
54630
50367
50134
59579
53774
52579
53166
53681
51116
55731
53843
54252
53185
57428
57344
57744
51479
54017
53938
52328
55036
50672
53024
58919
57468
56064
51729
51678
51354
51344
52445
58989
51314
52680
53185
59772
50196
53139
51898
54549
54972
52871
53852
