0 1 45

1 2 23

2 3 96

3 4 59

4 5 24

5 6 78

6 7 24

7 8 70

8 9 5

9 10 66

10 11 93

11 12 31

12 13 67

13 14 89

14 15 93

15 16 22

16 17 83

17 18 83

18 19 89

19 20 59

20 21 11

21 22 85

22 23 24

23 24 94

24 25 79

25 26 3

26 27 53

27 28 62

28 29 36

29 30 77

30 31 14

31 32 65

32 33 13

33 34 72

34 35 44

35 36 84

36 37 17

37 38 11

38 39 98

39 40 70

40 41 80

41 42 61

42 43 35

43 44 5

44 45 51

45 46 35

46 47 4

47 48 8

48 49 43

49 50 19

50 51 63

51 52 46

52 53 97

53 54 73

54 55 23

55 56 87

56 57 37

57 58 15

58 59 28

59 60 9

60 61 78

61 62 27

62 63 92

63 64 81

64 65 82

65 66 30

66 67 67

67 68 88

68 69 54

69 70 76

70 71 16

71 72 60

72 73 95

73 74 10

74 75 86

75 76 76

76 77 9

77 78 82

78 79 94

79 80 6

80 81 72

81 82 84

82 83 41

83 84 80

84 85 31

85 86 29

86 87 24

87 88 76

88 89 84

89 90 35

90 91 71

91 92 28

92 93 57

93 94 76

94 95 50

95 96 25

96 97 92

97 98 44

98 99 46

99 0 10

95 47 8

14 21 31

43 16 76

42 6 56

89 45 49

18 97 62

23 8 68

54 89 80

11 61 70

7 97 38

47 88 58

85 80 76

93 10 93

1 30 46

63 33 54

26 31 33

68 73 68

2 13 62

73 76 27

96 38 57

7 21 56

95 1 33

15 26 24

53 21 53

38 62 57

33 45 12

75 23 48

88 19 57

91 56 80

9 8 17

90 9 86

65 25 96

12 18 60

6 69 38

53 92 98

37 88 18

77 22 64

84 8 3

43 89 31

91 16 55

72 7 9

68 86 18

86 51 33

20 42 20

43 54 31

76 20 74

88 22 77

39 54 7

94 72 96

87 67 87

8 87 59

21 80 24

61 71 70

75 76 19

94 61 70

75 97 14

31 6 67

46 68 75

11 6 91

22 13 63

62 61 42

70 56 60

22 25 62

98 54 10

10 2 71

70 76 99

66 76 84

51 37 81

62 85 45

16 56 76

25 28 36

71 87 37

65 23 48

47 46 15

82 41 99

86 77 77

54 3 57

14 88 31

98 18 24

68 1 97

47 19 63

90 63 33

25 53 61

61 0 89

82 7 67

80 30 71

25 76 36

17 21 28

87 60 73

22 42 70

80 88 91

93 73 54

25 57 22

94 87 83

51 46 35

18 54 48

11 2 68

21 35 67

67 57 18

47 87 58

