0 1 38

1 2 71

2 3 66

3 4 73

4 5 51

5 6 66

6 7 28

7 8 90

8 9 82

9 10 48

10 11 97

11 12 75

12 13 44

13 14 90

14 15 44

15 16 70

16 17 65

17 18 24

18 19 40

19 20 79

20 21 37

21 22 70

22 23 8

23 24 54

24 25 100

25 26 50

26 27 43

27 28 23

28 29 83

29 30 5

30 31 35

31 32 16

32 33 20

33 34 79

34 35 74

35 36 87

36 37 69

37 38 21

38 39 51

39 40 15

40 41 24

41 42 80

42 43 75

43 44 38

44 45 81

45 46 87

46 47 34

47 48 39

48 49 95

49 50 39

50 51 9

51 52 67

52 53 65

53 54 30

54 55 5

55 56 35

56 57 38

57 58 63

58 59 29

59 60 43

60 61 48

61 62 59

62 63 69

63 64 11

64 65 2

65 66 95

66 67 22

67 68 96

68 69 85

69 70 95

70 71 10

71 72 45

72 73 96

73 74 63

74 75 99

75 76 95

76 77 22

77 78 65

78 79 52

79 80 81

80 81 89

81 82 37

82 83 75

83 84 70

84 85 59

85 86 84

86 87 81

87 88 4

88 89 99

89 90 93

90 91 75

91 92 29

92 93 6

93 94 73

94 95 91

95 96 15

96 97 53

97 98 85

98 99 71

99 0 17

77 96 3

15 68 19

2 98 50

43 4 3

75 27 78

48 49 9

56 51 23

87 23 5

22 85 33

58 14 84

80 63 72

26 35 32

79 48 81

77 58 45

51 65 77

42 32 62

93 2 46

86 18 14

56 9 53

53 98 67

46 72 70

71 60 51

86 45 37

7 28 86

5 67 37

97 40 68

83 90 6

35 2 68

42 9 40

26 80 6

58 7 73

78 73 84

14 95 42

46 74 7

68 65 65

68 14 11

60 40 19

62 71 36

92 25 82

37 62 40

96 21 14

35 6 81

9 50 12

33 86 93

34 74 19

13 11 50

47 80 2

96 51 56

0 59 56

61 93 6

75 73 20

66 26 47

31 44 62

78 15 72

79 48 52

65 39 8

86 82 16

78 48 7

98 92 24

76 13 2

47 13 58

74 43 67

4 95 86

0 68 84

55 68 94

35 10 59

81 35 63

51 95 10

50 89 1

14 59 93

26 28 99

68 71 11

59 26 27

22 14 53

54 9 33

45 96 3

98 47 8

31 59 19

13 43 15

73 87 3

15 96 38

67 68 1

21 91 48

33 50 48

67 24 84

35 53 5

39 56 60

14 6 24

73 77 42

57 56 77

1 93 5

16 40 10

25 35 83

15 47 94

76 82 46

34 67 32

89 58 51

41 44 80

10 18 49

51 78 59

