50975
56610
53730
50382
52129
50457
58992
55485
52018
56885
54854
58504
50727
54210
53354
59854
53270
59542
54061
57776
57722
53247
54798
57190
59427
59086
50599
53214
57250
50556
52429
54977
56510
50098
55102
55614
56263
51946
52082
50726
57981
57878
54029
59719
53227
59058
59950
56325
59312
55963
51180
57451
59838
57859
57383
52241
59369
57671
58249
50837
50738
59868
53617
57019
52443
55668
53034
58316
53479
56815
54979
51963
51391
59935
57099
54066
50226
52088
56667
53831
51418
52651
52464
53477
58019
50052
52901
58719
57945
50161
55963
57759
50854
58567
56759
57380
58802
54456
56103
55504
