0 1 90
0 2 95
0 3 34
0 4 21
0 5 83
0 6 7
0 7 5
0 8 38
0 9 11
0 10 99
0 11 60
0 12 10
0 13 53
0 14 61
0 15 42
0 16 54
0 17 34
0 18 49
0 19 63
0 20 83
0 21 44
0 22 76
0 23 74
0 24 39
0 25 52
0 26 24
0 27 58
0 28 16
0 29 65
0 30 73
0 31 100
0 32 92
0 33 82
0 34 48
0 35 42
0 36 68
0 37 88
0 38 81
0 39 83
0 40 46
0 41 6
0 42 68
0 43 72
0 44 15
0 45 81
0 46 36
0 47 74
0 48 62
0 49 71
0 50 45
0 51 55
0 52 58
0 53 13
0 54 9
0 55 96
0 56 23
0 57 41
0 58 22
0 60 22
0 61 83
0 65 72
0 67 47
0 71 100
0 73 55
0 74 26
0 75 79
0 76 68
0 77 74
0 79 60
0 83 73
0 85 72
0 87 80
0 91 94
0 93 89
0 94 36
0 97 83
0 102 26
0 103 31
0 105 41
0 106 75
0 111 75
0 112 39
0 113 73
0 114 47
0 115 41
0 118 72
0 124 99
0 126 37
0 128 46
0 130 93
0 132 38
0 135 74
0 137 71
0 139 25
0 141 9
0 146 68
0 147 40
0 152 6
0 155 78
0 166 86
0 167 77
0 170 50
0 172 29
0 173 54
0 179 19
0 191 16
0 194 48
0 197 81
1 28 34
1 29 62
1 31 74
1 32 25
1 33 19
1 34 40
1 35 34
1 36 57
1 37 85
1 38 56
1 39 62
1 40 56
1 41 89
1 45 47
1 46 98
1 50 68
1 51 84
1 53 89
1 55 19
1 56 48
1 60 62
1 64 42
1 74 48
1 76 26
1 78 41
1 80 95
1 82 75
1 85 99
1 90 83
1 92 56
1 93 69
1 97 55
1 101 14
1 104 47
1 107 71
1 110 39
1 113 6
1 114 41
1 117 20
1 124 29
1 130 93
1 135 1
1 139 41
1 147 44
1 148 15
1 153 59
1 162 69
1 164 53
1 166 17
1 171 69
1 184 65
1 190 9
1 193 26
1 199 63
2 28 5
2 29 78
2 30 96
2 31 20
2 32 7
2 33 49
2 34 52
2 35 38
2 36 35
2 37 5
2 38 67
2 42 32
2 45 85
2 48 65
2 49 61
2 50 26
2 51 59
2 54 46
2 63 12
2 64 14
2 65 72
2 67 88
2 72 21
2 77 100
2 82 50
2 86 10
2 94 4
2 101 79
2 110 32
2 114 32
2 123 87
2 133 44
2 143 56
2 166 67
2 169 55
2 171 33
2 179 37
2 180 3
2 181 83
2 183 71
2 195 28
3 28 80
3 29 13
3 30 13
3 31 57
3 33 86
3 34 27
3 37 91
3 41 78
3 44 20
3 46 18
3 48 9
3 52 79
3 56 87
3 63 61
3 64 82
3 66 5
3 68 31
3 76 57
3 82 3
3 85 67
3 87 76
3 88 94
3 91 64
3 108 79
3 115 57
3 116 76
3 133 91
3 143 50
3 145 68
3 154 5
3 162 29
3 172 82
3 173 45
3 182 2
4 29 100
4 30 56
4 31 26
4 34 57
4 35 89
4 36 12
4 38 35
4 39 7
4 42 29
4 44 58
4 45 71
4 48 49
4 52 36
4 54 31
4 55 5
4 57 4
4 59 39
4 61 64
4 63 80
4 67 13
4 69 91
4 70 2
4 72 7
4 74 28
4 79 95
4 93 31
4 95 28
4 105 19
4 113 82
4 131 7
4 140 4
4 141 78
4 146 83
4 150 41
4 158 72
4 178 25
4 186 86
4 192 53
5 28 5
5 29 26
5 30 51
5 32 86
5 34 21
5 36 49
5 37 74
5 38 63
5 39 65
5 40 98
5 41 79
5 42 36
5 44 43
5 46 23
5 48 64
5 51 98
5 53 36
5 54 59
5 55 96
5 60 99
5 65 62
5 70 97
5 72 50
5 73 71
5 74 26
5 79 2
5 82 24
5 84 62
5 86 53
5 89 25
5 95 68
5 96 13
5 97 55
5 100 37
5 103 39
5 112 21
5 114 65
5 115 77
5 122 90
5 130 94
5 136 52
5 147 3
5 148 89
5 151 26
5 155 20
5 160 27
5 173 83
5 178 15
5 185 33
5 193 96
6 28 70
6 29 25
6 30 71
6 31 36
6 33 80
6 34 5
6 35 22
6 36 24
6 37 66
6 38 89
6 42 92
6 43 97
6 45 24
6 47 66
6 49 6
6 51 30
6 52 30
6 55 6
6 58 45
6 59 87
6 60 1
6 61 16
6 62 78
6 65 27
6 66 23
6 67 55
6 68 70
6 69 26
6 71 83
6 77 85
6 80 55
6 83 51
6 87 51
6 91 49
6 99 15
6 105 91
6 115 70
6 119 92
6 123 25
6 124 25
6 125 43
6 131 2
6 132 64
6 133 68
6 159 13
6 186 28
6 195 96
6 196 2
7 28 43
7 29 10
7 30 45
7 31 42
7 32 23
7 34 13
7 35 15
7 39 21
7 41 75
7 54 75
7 55 86
7 56 46
7 57 45
7 62 12
7 68 27
7 78 22
7 103 10
7 107 94
7 120 7
7 125 1
7 142 14
7 145 65
7 147 96
7 148 65
7 150 79
7 158 69
7 170 33
7 182 58
7 188 44
7 196 79
8 28 53
8 29 83
8 30 57
8 33 65
8 34 80
8 37 18
8 39 12
8 41 73
8 42 46
8 44 29
8 46 56
8 59 85
8 64 92
8 67 58
8 69 93
8 70 9
8 77 48
8 79 92
8 85 12
8 89 47
8 94 71
8 95 95
8 98 51
8 104 5
8 108 11
8 112 11
8 114 89
8 121 76
8 122 7
8 125 5
8 127 44
8 128 46
8 129 70
8 133 82
8 136 22
8 157 42
8 158 14
8 166 19
8 168 83
8 180 85
8 187 56
8 192 11
8 197 23
9 28 29
9 29 57
9 30 22
9 32 83
9 34 47
9 36 91
9 41 32
9 43 63
9 47 91
9 49 80
9 52 79
9 53 70
9 54 71
9 57 42
9 58 14
9 59 25
9 62 62
9 71 55
9 77 86
9 79 93
9 80 93
9 87 59
9 90 67
9 92 46
9 95 26
9 98 57
9 104 28
9 108 44
9 111 64
9 116 27
9 125 73
9 127 9
9 130 31
9 138 94
9 142 68
9 153 23
9 162 51
9 166 2
9 173 83
9 178 43
9 186 69
9 188 7
9 193 92
10 28 53
10 29 12
10 30 39
10 31 84
10 32 24
10 33 95
10 35 57
10 36 58
10 38 22
10 40 1
10 43 16
10 44 4
10 45 64
10 46 42
10 47 31
10 48 46
10 51 90
10 52 48
10 56 66
10 58 69
10 60 90
10 61 76
10 65 24
10 66 83
10 73 26
10 76 35
10 78 77
10 79 62
10 80 27
10 83 40
10 84 64
10 92 73
10 93 64
10 94 57
10 110 51
10 134 60
10 150 74
10 161 39
10 166 84
10 175 64
10 179 80
10 191 87
10 196 57
11 28 66
11 29 95
11 31 13
11 32 17
11 33 9
11 34 28
11 35 68
11 40 7
11 42 36
11 47 69
11 48 32
11 49 17
11 50 90
11 51 35
11 53 87
11 55 17
11 57 81
11 60 36
11 63 36
11 66 35
11 67 65
11 70 27
11 71 60
11 79 96
11 80 24
11 89 85
11 90 59
11 91 58
11 92 100
11 94 2
11 95 6
11 96 56
11 98 24
11 104 99
11 113 34
11 119 86
11 120 81
11 124 30
11 131 45
11 133 49
11 137 7
11 144 42
11 145 32
11 154 44
11 159 84
11 167 5
11 174 74
11 193 40
11 195 28
11 196 45
11 199 73
12 28 16
12 29 32
12 30 18
12 31 16
12 33 86
12 34 99
12 35 25
12 36 27
12 37 54
12 38 61
12 40 24
12 42 92
12 45 6
12 47 65
12 50 97
12 52 43
12 55 92
12 56 40
12 58 36
12 60 5
12 61 12
12 62 9
12 64 42
12 68 46
12 70 19
12 72 93
12 75 65
12 76 24
12 80 78
12 82 87
12 84 77
12 88 81
12 91 7
12 95 18
12 110 63
12 112 32
12 115 48
12 118 43
12 119 61
12 148 86
12 152 44
12 154 64
12 155 90
12 162 83
12 174 18
12 179 50
12 181 26
12 185 59
12 193 21
12 198 46
13 28 74
13 29 26
13 30 18
13 31 62
13 32 39
13 33 58
13 34 32
13 35 87
13 36 77
13 37 93
13 38 1
13 39 58
13 41 76
13 43 70
13 44 90
13 47 40
13 49 41
13 53 68
13 54 64
13 56 100
13 57 85
13 60 95
13 62 33
13 73 15
13 75 76
13 86 94
13 91 33
13 92 4
13 95 22
13 96 3
13 103 76
13 106 18
13 107 59
13 109 31
13 110 2
13 114 99
13 115 52
13 131 95
13 146 99
13 153 77
13 159 62
13 160 63
13 162 20
13 164 97
13 167 81
13 169 58
13 170 72
13 176 22
13 179 1
13 181 14
13 195 73
14 28 77
14 29 70
14 30 53
14 31 78
14 32 82
14 33 26
14 34 80
14 35 9
14 36 68
14 37 81
14 38 78
14 45 24
14 48 69
14 49 25
14 50 43
14 53 27
14 54 84
14 56 20
14 59 92
14 60 47
14 61 78
14 64 26
14 70 9
14 72 98
14 80 95
14 99 24
14 101 48
14 102 57
14 107 89
14 112 74
14 114 9
14 116 92
14 119 94
14 121 60
14 125 32
14 126 10
14 133 43
14 135 55
14 146 69
14 150 81
14 155 10
14 159 90
14 160 21
14 164 71
14 167 59
14 176 16
14 184 39
15 28 6
15 29 11
15 30 66
15 31 2
15 32 59
15 33 90
15 35 51
15 36 67
15 40 5
15 42 33
15 43 46
15 44 89
15 47 59
15 50 97
15 53 19
15 57 9
15 61 66
15 62 27
15 64 36
15 67 53
15 74 11
15 80 93
15 82 24
15 87 24
15 89 1
15 92 94
15 93 42
15 94 91
15 102 3
15 105 34
15 106 63
15 109 23
15 127 70
15 128 19
15 134 40
15 136 6
15 138 98
15 140 96
15 150 60
15 152 15
15 154 82
15 156 96
15 165 17
15 166 34
15 167 66
15 174 6
15 178 7
15 179 82
15 183 6
15 188 81
15 191 37
15 192 47
16 28 75
16 32 78
16 33 30
16 37 75
16 39 86
16 40 46
16 56 9
16 60 29
16 70 79
16 78 15
16 83 31
16 88 92
16 90 96
16 109 8
16 111 72
16 153 73
16 169 68
16 175 8
16 184 35
17 28 67
17 29 16
17 30 7
17 31 74
17 32 12
17 35 99
17 36 48
17 37 8
17 38 9
17 39 89
17 40 4
17 43 41
17 47 64
17 48 90
17 52 90
17 53 3
17 55 49
17 56 55
17 57 84
17 60 64
17 62 71
17 77 33
17 82 94
17 94 31
17 102 98
17 110 85
17 141 59
17 170 64
17 171 95
17 195 9
17 197 71
17 199 74
18 28 47
18 29 14
18 30 92
18 31 89
18 32 58
18 33 73
18 35 24
18 36 16
18 39 39
18 40 33
18 41 43
18 42 18
18 44 17
18 45 83
18 46 3
18 51 95
18 52 6
18 53 1
18 60 68
18 64 9
18 65 26
18 75 46
18 76 16
18 77 53
18 81 20
18 82 86
18 83 82
18 84 35
18 86 90
18 94 19
18 96 46
18 100 29
18 108 75
18 109 4
18 122 58
18 123 29
18 125 49
18 134 68
18 139 65
18 142 58
18 149 95
18 152 64
18 162 81
18 164 97
18 165 42
18 167 43
18 170 26
18 173 22
18 189 1
18 195 3
19 28 30
19 30 68
19 31 98
19 32 2
19 33 43
19 34 15
19 37 55
19 39 50
19 43 7
19 45 14
19 55 15
19 56 60
19 57 99
19 59 22
19 63 54
19 71 80
19 74 23
19 76 9
19 77 65
19 81 43
19 90 73
19 93 8
19 112 51
19 123 44
19 154 33
19 169 74
19 172 73
19 173 23
19 190 14
19 197 13
19 198 73
20 28 98
20 29 45
20 30 47
20 31 52
20 32 95
20 33 63
20 34 62
20 35 86
20 36 10
20 37 32
20 38 3
20 39 70
20 40 89
20 42 12
20 45 61
20 46 44
20 47 52
20 50 72
20 55 99
20 57 89
20 64 95
20 70 56
20 71 75
20 94 64
20 107 24
20 109 54
20 111 94
20 117 35
20 119 47
20 131 85
20 138 67
20 148 58
20 150 47
20 168 27
20 169 12
20 171 80
20 179 14
20 196 84
20 197 80
21 28 46
21 29 99
21 30 68
21 31 33
21 32 10
21 34 67
21 35 73
21 36 51
21 39 34
21 41 57
21 43 3
21 44 91
21 46 71
21 49 5
21 50 55
21 52 32
21 55 83
21 57 83
21 61 12
21 63 41
21 66 100
21 68 93
21 70 34
21 71 61
21 73 14
21 76 38
21 78 5
21 80 57
21 84 33
21 91 40
21 99 21
21 119 95
21 130 58
21 136 90
21 142 96
21 143 83
21 148 22
21 162 71
21 167 33
21 171 80
21 198 27
22 28 16
22 29 28
22 30 20
22 31 69
22 32 17
22 33 90
22 34 73
22 35 59
22 36 5
22 39 41
22 40 66
22 46 43
22 47 54
22 59 56
22 61 100
22 66 31
22 68 4
22 78 26
22 81 33
22 91 91
22 104 25
22 105 52
22 137 39
22 140 12
22 141 88
22 152 58
22 156 22
22 160 25
22 165 7
22 172 1
22 176 48
22 178 58
22 180 78
22 197 36
23 28 96
23 29 69
23 30 83
23 31 62
23 32 5
23 33 18
23 34 93
23 37 31
23 38 64
23 39 72
23 41 40
23 42 44
23 43 99
23 44 14
23 47 10
23 48 18
23 56 45
23 57 73
23 61 8
23 63 63
23 67 28
23 68 56
23 72 92
23 74 6
23 76 100
23 79 39
23 80 18
23 91 45
23 104 29
23 130 59
23 131 71
23 148 70
23 162 7
23 173 72
23 180 40
23 190 60
23 192 100
23 196 28
24 28 97
24 29 41
24 30 72
24 31 78
24 32 91
24 33 47
24 34 42
24 35 41
24 37 61
24 38 86
24 39 76
24 40 100
24 41 92
24 47 43
24 49 1
24 50 64
24 51 99
24 52 92
24 53 17
24 55 16
24 56 83
24 58 30
24 59 46
24 61 65
24 62 68
24 63 18
24 70 8
24 75 29
24 81 27
24 83 94
24 86 46
24 87 32
24 88 86
24 92 10
24 93 91
24 96 50
24 99 28
24 100 8
24 108 7
24 110 26
24 112 32
24 117 96
24 119 38
24 120 85
24 121 59
24 122 15
24 127 20
24 128 25
24 130 49
24 132 6
24 134 43
24 135 20
24 139 80
24 140 81
24 141 12
24 147 92
24 154 5
24 157 63
24 163 70
24 166 9
24 186 49
24 187 51
25 28 30
25 29 67
25 30 88
25 31 11
25 32 87
25 33 59
25 36 9
25 37 76
25 38 47
25 40 39
25 41 67
25 42 83
25 45 48
25 46 17
25 47 10
25 48 27
25 58 72
25 62 81
25 64 82
25 65 69
25 66 96
25 71 79
25 75 9
25 76 18
25 78 44
25 79 96
25 80 12
25 82 18
25 84 24
25 85 70
25 87 40
25 90 31
25 92 13
25 93 51
25 94 17
25 97 92
25 109 44
25 126 78
25 128 50
25 135 75
25 137 81
25 141 12
25 142 75
25 144 92
25 146 28
25 147 91
25 150 98
25 154 99
25 159 80
25 163 12
25 164 91
25 167 39
25 168 47
25 177 28
25 188 74
25 189 85
26 28 77
26 29 90
26 30 33
26 31 51
26 32 41
26 33 23
26 34 99
26 35 5
26 38 37
26 39 89
26 40 22
26 41 95
26 43 34
26 44 76
26 45 56
26 46 83
26 47 75
26 51 32
26 52 53
26 53 13
26 54 13
26 55 11
26 58 65
26 65 68
26 73 84
26 76 15
26 78 56
26 82 93
26 85 23
26 108 25
26 109 63
26 112 75
26 120 93
26 130 62
26 145 60
26 150 35
26 162 37
26 165 64
26 173 46
26 178 2
26 188 60
26 190 77
26 195 13
26 198 18
27 28 81
27 29 62
27 30 87
27 31 12
27 32 14
27 33 58
27 35 18
27 36 74
27 37 21
27 38 80
27 40 59
27 41 14
27 43 75
27 45 48
27 46 61
27 47 42
27 49 59
27 58 40
27 66 57
27 74 84
27 75 92
27 78 19
27 86 12
27 88 77
27 90 53
27 97 74
27 111 6
27 113 43
27 117 17
27 122 14
27 126 79
27 134 71
27 141 11
27 142 88
27 150 56
27 151 18
27 174 52
27 181 12
27 187 93
27 189 22
27 191 26
28 29 45
28 30 59
28 31 47
28 32 86
28 33 76
28 34 10
28 35 17
28 36 67
28 37 90
28 38 41
28 39 53
28 40 19
28 41 28
28 42 63
28 43 3
28 44 86
28 47 59
28 48 84
28 49 21
28 51 78
28 52 45
28 54 38
28 55 97
28 56 73
28 59 21
28 60 18
28 62 42
28 63 82
28 64 85
28 66 96
28 67 3
28 69 21
28 71 68
28 72 26
28 73 47
28 75 9
28 76 35
28 77 70
28 79 50
28 80 49
28 81 44
28 85 26
28 86 56
28 87 18
28 89 11
28 92 46
28 93 36
28 96 33
28 105 93
28 106 24
28 107 51
28 111 57
28 115 65
28 116 69
28 117 48
28 118 17
28 121 97
28 123 30
28 126 12
28 128 99
28 131 36
28 132 96
28 135 69
28 141 92
28 144 79
28 145 37
28 149 40
28 154 21
28 155 75
28 156 20
28 157 38
28 160 16
28 161 10
28 164 73
28 165 2
28 167 83
28 171 15
28 172 75
28 182 99
28 186 26
28 188 20
28 189 73
28 191 1
28 192 69
28 194 57
29 30 50
29 31 49
29 32 38
29 33 30
29 34 84
29 35 94
29 36 11
29 37 71
29 38 19
29 39 42
29 41 87
29 42 3
29 43 80
29 44 70
29 46 82
29 47 68
29 48 66
29 50 34
29 51 99
29 52 98
29 55 20
29 56 93
29 58 44
29 63 51
29 64 76
29 66 85
29 73 54
29 75 86
29 78 61
29 79 37
29 80 94
29 83 100
29 85 40
29 87 39
29 88 84
29 89 77
29 93 13
29 94 46
29 95 49
29 96 12
29 98 73
29 100 57
29 104 88
29 107 71
29 111 70
29 113 62
29 114 39
29 116 30
29 117 36
29 118 89
29 119 30
29 120 80
29 126 59
29 127 40
29 129 60
29 132 28
29 134 62
29 136 83
29 137 78
29 146 27
29 154 45
29 163 27
29 164 34
29 168 27
29 171 10
29 172 61
29 175 99
29 185 28
29 187 39
29 196 86
30 31 42
30 32 29
30 33 75
30 34 95
30 35 27
30 36 40
30 37 68
30 38 72
30 39 99
30 40 18
30 41 27
30 42 18
30 43 29
30 44 27
30 45 44
30 47 29
30 48 83
30 49 67
30 50 29
30 52 96
30 53 65
30 55 67
30 56 19
30 58 63
30 59 84
30 60 98
30 61 30
30 62 32
30 63 97
30 64 80
30 65 10
30 66 62
30 67 56
30 68 63
30 69 40
30 71 40
30 72 22
30 74 98
30 76 13
30 77 32
30 82 5
30 83 27
30 86 33
30 89 62
30 95 70
30 97 8
30 99 56
30 101 40
30 102 24
30 103 61
30 105 56
30 109 58
30 110 98
30 111 90
30 116 94
30 117 90
30 118 75
30 119 6
30 120 85
30 122 72
30 126 57
30 127 93
30 128 3
30 129 30
30 134 13
30 137 12
30 138 81
30 139 86
30 142 88
30 143 54
30 144 73
30 159 81
30 161 22
30 168 45
30 171 22
30 175 91
30 178 49
30 181 91
30 182 39
30 184 44
30 187 17
30 191 85
30 192 69
30 197 81
31 32 19
31 33 60
31 34 54
31 35 33
31 36 67
31 37 25
31 38 64
31 39 74
31 40 61
31 41 76
31 42 76
31 43 3
31 44 6
31 45 76
31 46 46
31 47 21
31 48 96
31 49 30
31 50 72
31 52 79
31 53 8
31 54 62
31 57 13
31 58 91
31 59 96
31 60 92
31 62 54
31 63 16
31 66 97
31 67 33
31 69 93
31 72 69
31 73 77
31 74 75
31 77 53
31 78 33
31 80 86
31 81 27
31 84 39
31 88 82
31 89 90
31 90 1
31 91 31
31 95 88
31 96 12
31 97 41
31 98 44
31 101 50
31 104 31
31 105 94
31 109 5
31 113 54
31 114 72
31 115 48
31 117 20
31 121 70
31 122 44
31 128 41
31 132 11
31 133 59
31 135 23
31 138 74
31 139 66
31 142 14
31 143 15
31 146 70
31 148 13
31 149 32
31 150 92
31 156 28
31 157 13
31 163 47
31 165 7
31 166 20
31 168 59
31 169 93
31 170 29
31 172 93
31 175 31
31 176 64
31 184 87
31 186 37
31 192 83
31 193 49
31 197 90
31 198 52
31 199 92
32 33 7
32 34 3
32 35 19
32 36 26
32 37 62
32 38 5
32 39 25
32 40 55
32 41 10
32 42 70
32 43 77
32 44 94
32 46 15
32 47 92
32 48 8
32 49 33
32 50 94
32 52 98
32 53 30
32 55 48
32 56 83
32 57 74
32 59 23
32 61 10
32 63 66
32 64 31
32 65 66
32 69 18
32 70 86
32 71 34
32 72 10
32 73 46
32 74 54
32 77 44
32 79 72
32 81 93
32 82 28
32 84 6
32 87 57
32 89 11
32 97 12
32 98 43
32 99 42
32 100 80
32 101 63
32 103 87
32 104 58
32 112 99
32 113 17
32 115 84
32 117 19
32 120 2
32 129 43
32 130 89
32 136 5
32 137 39
32 139 94
32 141 35
32 143 6
32 153 11
32 154 80
32 155 26
32 156 98
32 164 69
32 170 75
32 173 47
32 178 27
32 182 4
32 183 76
32 185 35
32 186 46
32 191 59
32 192 34
32 197 78
32 198 88
32 199 65
33 34 81
33 35 88
33 36 29
33 37 64
33 38 28
33 39 77
33 40 45
33 41 59
33 42 12
33 43 29
33 44 38
33 45 90
33 46 50
33 48 32
33 49 68
33 50 87
33 51 7
33 52 52
33 53 17
33 54 99
33 57 38
33 59 35
33 61 47
33 62 93
33 65 96
33 69 38
33 72 90
33 73 49
33 75 63
33 78 78
33 82 81
33 86 7
33 88 2
33 92 76
33 93 41
33 94 71
33 96 93
33 99 94
33 100 59
33 101 62
33 102 6
33 106 92
33 111 64
33 112 7
33 114 36
33 115 77
33 121 52
33 123 11
33 124 26
33 125 9
33 126 14
33 127 15
33 129 37
33 130 6
33 131 10
33 133 93
33 138 39
33 139 27
33 140 93
33 142 17
33 143 56
33 147 15
33 151 22
33 152 74
33 155 74
33 156 6
33 160 74
33 165 69
33 168 80
33 170 94
33 171 69
33 182 67
33 183 98
33 189 34
33 191 18
33 192 39
33 193 42
33 197 80
34 35 50
34 36 15
34 37 21
34 38 20
34 40 39
34 41 94
34 42 95
34 43 54
34 44 59
34 45 49
34 46 80
34 48 8
34 49 29
34 51 39
34 52 63
34 54 61
34 56 23
34 57 8
34 58 22
34 61 28
34 63 97
34 65 87
34 66 30
34 67 33
34 69 23
34 73 24
34 74 29
34 75 38
34 76 3
34 77 3
34 83 57
34 84 55
34 92 17
34 95 90
34 97 41
34 98 1
34 99 74
34 100 63
34 102 87
34 103 3
34 104 23
34 108 57
34 110 52
34 111 87
34 112 9
34 115 71
34 117 13
34 121 100
34 122 39
34 123 25
34 124 66
34 125 40
34 128 31
34 129 46
34 130 9
34 134 17
34 135 44
34 138 6
34 140 51
34 142 86
34 159 88
34 160 83
34 165 32
34 169 28
34 175 33
34 176 89
34 183 7
34 188 81
34 199 41
35 36 95
35 37 19
35 38 32
35 39 59
35 40 40
35 41 46
35 42 95
35 43 22
35 44 9
35 45 2
35 46 44
35 47 100
35 48 23
35 49 98
35 50 9
35 51 13
35 52 18
35 53 88
35 54 100
35 55 99
35 57 9
35 58 26
35 59 90
35 62 84
35 64 90
35 66 53
35 67 97
35 69 53
35 71 17
35 73 9
35 75 23
35 77 46
35 82 36
35 87 100
35 89 84
35 90 14
35 91 26
35 92 86
35 93 45
35 95 89
35 99 55
35 100 9
35 105 2
35 106 72
35 107 47
35 113 2
35 120 43
35 123 37
35 125 9
35 127 88
35 129 77
35 133 89
35 143 64
35 144 98
35 148 56
35 152 46
35 153 23
35 154 29
35 158 55
35 161 51
35 163 68
35 164 44
35 166 60
35 182 67
35 185 20
35 188 94
35 190 46
35 193 45
36 37 39
36 38 89
36 39 52
36 40 82
36 41 78
36 42 20
36 43 69
36 44 67
36 45 35
36 46 85
36 48 8
36 49 66
36 50 36
36 51 84
36 53 58
36 56 46
36 57 66
36 58 48
36 60 53
36 61 77
36 64 14
36 65 61
36 67 42
36 72 87
36 74 12
36 75 44
36 79 59
36 80 84
36 81 17
36 82 64
36 83 7
36 85 31
36 90 87
36 91 72
36 93 87
36 94 86
36 97 39
36 98 29
36 101 17
36 103 18
36 105 5
36 113 60
36 114 34
36 115 98
36 118 89
36 119 43
36 120 89
36 121 9
36 123 39
36 124 18
36 125 58
36 134 75
36 136 89
36 143 8
36 144 29
36 146 41
36 147 37
36 148 45
36 151 13
36 154 92
36 161 51
36 162 6
36 166 55
36 167 4
36 169 97
36 170 91
36 174 57
36 175 48
36 181 90
36 182 15
36 184 82
36 189 78
36 190 31
36 192 32
36 193 50
36 195 64
36 196 33
36 198 58
37 38 60
37 39 19
37 40 15
37 41 86
37 42 87
37 43 43
37 44 76
37 45 75
37 46 81
37 50 93
37 51 82
37 54 32
37 55 78
37 57 82
37 58 8
37 60 62
37 61 60
37 65 26
37 67 82
37 68 71
37 69 98
37 70 13
37 72 58
37 73 41
37 75 79
37 77 10
37 78 75
37 79 16
37 80 30
37 81 31
37 96 63
37 98 74
37 99 11
37 100 14
37 105 21
37 106 96
37 107 39
37 110 39
37 111 79
37 116 27
37 117 63
37 118 24
37 127 3
37 129 34
37 137 76
37 140 30
37 147 18
37 148 12
37 152 9
37 154 20
37 159 88
37 176 87
37 181 4
37 182 64
37 185 64
37 186 26
37 187 57
37 188 90
37 192 41
37 194 71
37 196 66
38 39 37
38 40 57
38 41 99
38 42 55
38 43 27
38 44 21
38 45 44
38 46 32
38 47 52
38 48 81
38 49 92
38 50 33
38 54 55
38 55 89
38 56 75
38 59 60
38 60 12
38 61 16
38 62 87
38 65 34
38 66 98
38 71 50
38 74 89
38 75 85
38 77 21
38 83 56
38 84 94
38 85 51
38 87 32
38 90 50
38 95 6
38 98 96
38 100 6
38 102 34
38 103 98
38 104 20
38 105 46
38 106 68
38 109 92
38 111 90
38 118 4
38 119 46
38 120 76
38 121 48
38 128 14
38 129 58
38 130 31
38 132 97
38 133 45
38 135 19
38 137 84
38 138 93
38 142 88
38 152 12
38 155 72
38 157 89
38 159 33
38 165 37
38 166 83
38 167 58
38 168 22
38 172 42
38 183 59
38 189 75
38 195 3
39 40 70
39 42 88
39 43 2
39 45 64
39 46 39
39 47 25
39 48 88
39 49 36
39 50 75
39 51 50
39 52 19
39 54 80
39 56 50
39 58 49
39 59 90
39 61 67
39 63 29
39 64 1
39 68 64
39 69 27
39 71 89
39 73 69
39 78 95
39 84 100
39 85 41
39 87 55
39 89 32
39 90 23
39 91 71
39 92 67
39 98 63
39 101 92
39 106 63
39 115 78
39 117 90
39 126 14
39 127 82
39 129 35
39 131 42
39 141 37
39 143 63
39 158 94
39 160 37
39 161 39
39 172 56
39 174 52
39 183 58
39 188 37
39 193 77
39 195 99
40 41 82
40 42 20
40 43 25
40 44 15
40 45 4
40 46 35
40 47 12
40 49 7
40 50 55
40 51 75
40 52 48
40 54 8
40 59 20
40 62 81
40 63 48
40 64 96
40 65 72
40 66 53
40 67 44
40 68 85
40 69 34
40 70 65
40 71 91
40 72 30
40 73 74
40 74 80
40 76 69
40 77 97
40 78 61
40 80 89
40 81 84
40 83 33
40 88 73
40 89 50
40 90 43
40 95 4
40 96 16
40 97 71
40 98 20
40 99 27
40 102 55
40 104 41
40 106 25
40 108 36
40 111 45
40 115 10
40 116 76
40 117 11
40 119 50
40 120 73
40 123 82
40 126 50
40 127 100
40 132 66
40 138 25
40 140 60
40 144 41
40 147 42
40 152 39
40 154 13
40 155 61
40 158 22
40 162 16
40 166 22
40 167 84
40 168 79
40 171 77
40 174 85
40 175 67
40 176 98
40 180 1
40 181 62
40 183 41
40 187 59
40 189 91
40 191 55
41 42 93
41 43 83
41 44 100
41 45 85
41 46 16
41 48 26
41 49 17
41 50 15
41 51 28
41 52 95
41 53 100
41 54 68
41 57 77
41 58 84
41 59 60
41 60 80
41 65 98
41 68 57
41 69 85
41 71 2
41 72 50
41 75 33
41 76 72
41 80 13
41 85 89
41 87 53
41 88 80
41 90 59
41 91 38
41 94 20
41 101 22
41 104 52
41 105 23
41 108 77
41 110 2
41 112 8
41 113 13
41 114 35
41 115 34
41 127 33
41 130 79
41 132 65
41 133 94
41 137 74
41 148 55
41 156 40
41 157 97
41 160 90
41 161 21
41 176 81
41 181 91
41 190 11
42 43 80
42 44 6
42 46 87
42 47 40
42 48 80
42 49 2
42 50 83
42 52 64
42 53 19
42 54 66
42 57 44
42 60 80
42 61 16
42 64 60
42 68 40
42 69 43
42 73 47
42 75 36
42 77 59
42 78 29
42 79 99
42 81 4
42 82 83
42 83 11
42 85 45
42 86 53
42 88 17
42 89 21
42 91 100
42 95 28
42 98 54
42 102 8
42 108 90
42 112 57
42 119 65
42 120 53
42 122 83
42 124 89
42 127 10
42 136 36
42 138 57
42 139 63
42 140 50
42 141 50
42 149 2
42 151 32
42 152 98
42 154 95
42 155 15
42 159 48
42 161 100
42 164 27
42 166 27
42 168 83
42 171 32
42 179 9
42 186 60
42 188 20
42 193 38
42 196 92
42 199 79
43 44 19
43 45 45
43 48 42
43 51 98
43 53 87
43 56 2
43 59 88
43 62 61
43 65 38
43 66 86
43 68 58
43 70 25
43 71 93
43 72 90
43 73 68
43 79 68
43 81 51
43 82 7
43 85 61
43 86 37
43 87 2
43 89 62
43 94 6
43 96 76
43 97 60
43 101 72
43 102 64
43 106 30
43 112 61
43 113 38
43 116 31
43 118 74
43 120 56
43 122 35
43 132 51
43 133 74
43 136 28
43 140 68
43 145 95
43 146 9
43 147 10
43 148 73
43 150 99
43 162 6
43 163 3
43 175 25
43 177 26
43 179 86
43 180 22
43 188 100
43 191 13
43 197 86
44 45 32
44 46 76
44 49 34
44 50 28
44 51 7
44 53 11
44 55 66
44 56 29
44 58 1
44 66 16
44 68 67
44 70 63
44 73 96
44 81 11
44 93 91
44 94 47
44 95 96
44 97 61
44 99 42
44 102 55
44 103 51
44 108 50
44 109 76
44 111 71
44 114 34
44 118 15
44 119 68
44 123 47
44 127 61
44 128 99
44 133 28
44 135 62
44 140 23
44 142 55
44 143 88
44 144 75
44 146 37
44 153 67
44 154 81
44 160 53
44 161 12
44 165 31
44 169 28
44 170 33
44 175 6
44 176 64
44 185 75
44 188 56
44 189 18
44 198 54
45 47 50
45 48 68
45 49 46
45 51 4
45 52 50
45 53 26
45 54 9
45 58 15
45 59 27
45 61 75
45 62 83
45 67 68
45 68 41
45 71 49
45 72 91
45 74 48
45 78 16
45 81 52
45 82 84
45 83 28
45 86 85
45 87 19
45 90 57
45 92 6
45 94 29
45 95 6
45 96 28
45 97 100
45 99 34
45 100 84
45 101 39
45 102 65
45 103 67
45 105 34
45 106 31
45 107 97
45 112 81
45 114 23
45 117 10
45 118 95
45 122 92
45 128 61
45 136 32
45 137 5
45 139 73
45 141 52
45 148 51
45 149 45
45 151 5
45 154 82
45 156 30
45 158 59
45 161 64
45 162 73
45 170 97
45 171 92
45 173 82
45 177 80
45 179 100
45 181 46
45 183 43
45 187 84
45 188 62
45 198 23
46 48 31
46 49 81
46 50 26
46 52 23
46 53 2
46 55 15
46 56 22
46 57 41
46 58 47
46 62 72
46 63 21
46 64 88
46 65 94
46 66 39
46 68 19
46 70 69
46 73 90
46 77 84
46 80 96
46 81 26
46 82 83
46 84 7
46 99 56
46 101 52
46 107 54
46 112 47
46 113 41
46 115 4
46 116 37
46 117 4
46 118 72
46 119 38
46 122 77
46 125 66
46 126 56
46 128 81
46 133 26
46 134 52
46 136 4
46 139 27
46 147 54
46 155 85
46 156 9
46 157 17
46 159 4
46 163 28
46 164 60
46 165 97
46 167 8
46 169 66
46 170 45
46 179 37
46 180 61
46 194 83
46 197 25
46 199 32
47 50 92
47 51 89
47 53 43
47 54 41
47 58 12
47 59 65
47 61 33
47 63 77
47 67 31
47 68 72
47 69 32
47 70 35
47 72 64
47 74 56
47 77 9
47 78 56
47 79 83
47 82 39
47 83 98
47 85 86
47 86 6
47 87 69
47 88 84
47 89 13
47 91 77
47 94 54
47 97 87
47 98 28
47 101 62
47 109 81
47 111 9
47 113 94
47 114 46
47 118 83
47 119 79
47 121 56
47 122 96
47 125 6
47 126 41
47 127 85
47 128 30
47 129 96
47 133 69
47 135 6
47 136 95
47 138 96
47 141 55
47 142 24
47 144 65
47 146 5
47 150 13
47 151 8
47 156 1
47 157 4
47 160 59
47 170 4
47 173 100
47 176 95
47 177 53
47 181 57
47 184 27
47 186 49
47 190 36
47 194 19
47 198 84
48 49 66
48 50 67
48 51 90
48 53 46
48 54 74
48 55 71
48 60 43
48 62 24
48 63 42
48 67 95
48 68 1
48 69 33
48 70 41
48 73 95
48 74 8
48 75 65
48 78 68
48 79 10
48 81 63
48 84 37
48 85 75
48 90 4
48 93 32
48 95 75
48 96 97
48 98 7
48 101 59
48 102 98
48 112 7
48 115 35
48 124 79
48 129 24
48 131 38
48 132 33
48 134 29
48 136 81
48 137 40
48 140 39
48 155 85
48 157 86
48 160 83
48 161 73
48 168 57
48 169 22
48 172 10
48 173 40
48 181 1
48 182 22
48 184 24
48 187 83
48 190 95
48 193 23
49 51 35
49 54 28
49 55 89
49 57 76
49 58 69
49 63 68
49 64 30
49 65 19
49 68 51
49 69 93
49 71 52
49 72 62
49 74 72
49 75 58
49 76 5
49 79 23
49 81 99
49 84 21
49 86 18
49 88 68
49 98 29
49 102 41
49 106 53
49 108 56
49 109 36
49 110 15
49 117 20
49 118 36
49 120 28
49 122 57
49 125 34
49 126 74
49 130 49
49 131 70
49 139 46
49 141 11
49 142 49
49 147 56
49 150 97
49 155 67
49 157 41
49 158 85
49 160 40
49 167 37
49 176 97
49 177 81
49 178 52
49 183 1
49 189 74
49 197 58
49 199 27
50 51 16
50 54 59
50 55 6
50 57 99
50 59 50
50 61 92
50 62 30
50 63 50
50 67 27
50 68 42
50 69 60
50 73 24
50 74 28
50 77 25
50 92 35
50 99 23
50 104 35
50 116 56
50 119 55
50 123 43
50 128 94
50 134 1
50 150 10
50 155 51
50 159 32
50 160 73
50 164 70
50 167 97
50 168 29
50 169 23
50 183 87
50 186 76
51 52 28
51 53 72
51 54 17
51 55 94
51 56 11
51 58 28
51 59 70
51 62 80
51 64 6
51 65 78
51 66 53
51 67 39
51 69 1
51 71 2
51 72 55
51 75 80
51 81 33
51 83 67
51 85 62
51 86 2
51 88 85
51 89 62
51 97 84
51 99 73
51 102 25
51 103 32
51 105 31
51 115 95
51 121 16
51 123 63
51 128 99
51 130 18
51 131 12
51 132 35
51 133 6
51 135 59
51 137 97
51 138 60
51 145 8
51 147 88
51 148 27
51 150 28
51 151 6
51 156 80
51 163 93
51 165 50
51 175 52
51 194 93
51 196 93
52 54 91
52 57 66
52 60 28
52 61 58
52 62 30
52 64 41
52 65 14
52 67 27
52 68 86
52 69 80
52 70 46
52 71 24
52 75 54
52 78 7
52 88 28
52 89 57
52 96 80
52 101 19
52 106 70
52 108 28
52 109 83
52 110 90
52 111 97
52 112 72
52 114 60
52 116 11
52 117 27
52 121 91
52 123 35
52 126 91
52 128 92
52 142 94
52 145 42
52 146 54
52 148 35
52 158 38
52 168 53
52 185 85
52 187 20
52 188 94
52 199 93
53 58 81
53 59 60
53 60 95
53 61 52
53 63 9
53 64 16
53 65 2
53 74 53
53 76 68
53 78 8
53 79 21
53 80 34
53 81 69
53 87 14
53 92 36
53 93 3
53 97 61
53 99 88
53 101 27
53 102 66
53 107 20
53 108 4
53 118 23
53 122 65
53 126 72
53 127 95
53 129 78
53 132 31
53 137 5
53 140 92
53 145 62
53 156 50
53 157 100
53 160 93
53 163 93
53 167 74
53 172 8
53 183 6
53 189 60
53 199 93
54 56 90
54 57 69
54 59 74
54 60 21
54 62 61
54 63 47
54 66 33
54 70 20
54 72 11
54 79 88
54 80 56
54 84 30
54 89 70
54 92 6
54 95 63
54 96 73
54 98 31
54 102 2
54 103 99
54 104 80
54 109 49
54 111 33
54 124 30
54 128 88
54 131 82
54 137 28
54 144 69
54 145 96
54 149 81
54 165 78
54 168 33
54 172 8
54 173 35
54 174 72
54 177 14
54 180 98
54 186 1
54 190 5
54 193 2
55 56 3
55 57 91
55 58 6
55 60 88
55 61 79
55 62 68
55 67 67
55 68 10
55 70 39
55 71 21
55 74 44
55 75 78
55 81 91
55 82 1
55 83 95
55 86 67
55 98 9
55 103 2
55 106 82
55 107 68
55 123 82
55 133 27
55 134 100
55 139 81
55 145 51
55 147 59
55 152 59
55 154 31
55 157 74
55 158 70
55 159 65
55 166 10
55 170 1
55 173 6
55 175 5
55 177 42
55 180 71
55 184 65
55 187 12
55 193 71
55 196 86
56 58 99
56 59 21
56 62 21
56 63 56
56 66 34
56 67 69
56 71 34
56 74 14
56 80 10
56 85 40
56 86 18
56 87 8
56 89 17
56 90 77
56 91 3
56 92 23
56 93 89
56 94 37
56 95 21
56 97 98
56 98 38
56 131 41
56 133 91
56 135 18
56 138 94
56 143 65
56 145 93
56 155 36
56 156 81
56 161 94
56 162 64
56 169 47
56 173 90
56 176 90
56 177 97
56 179 84
56 182 91
56 183 95
56 190 41
56 196 39
56 198 81
56 199 10
57 59 35
57 60 35
57 62 6
57 63 31
57 64 48
57 65 45
57 67 81
57 73 57
57 75 12
57 76 73
57 80 15
57 81 70
57 82 87
57 83 41
57 84 75
57 85 34
57 88 33
57 92 26
57 93 62
57 94 6
57 97 13
57 99 42
57 100 67
57 104 55
57 105 73
57 112 4
57 122 93
57 126 24
57 128 15
57 135 22
57 138 25
57 140 20
57 155 29
57 164 50
57 168 75
57 179 22
57 183 75
57 194 79
57 199 72
58 61 12
58 64 5
58 65 63
58 66 32
58 67 15
58 68 27
58 70 94
58 71 40
58 72 41
58 74 4
58 76 14
58 80 49
58 83 6
58 85 23
58 86 33
58 88 95
58 89 73
58 90 5
58 101 28
58 107 99
58 110 59
58 111 45
58 112 38
58 114 64
58 115 32
58 116 92
58 126 2
58 131 65
58 136 40
58 139 30
58 145 36
58 155 98
58 165 27
58 172 61
58 175 50
58 189 72
58 194 13
59 60 82
59 66 55
59 67 60
59 70 42
59 71 50
59 73 11
59 76 90
59 87 8
59 88 19
59 94 90
59 96 45
59 99 69
59 100 43
59 104 2
59 105 48
59 108 29
59 109 31
59 110 20
59 112 25
59 119 89
59 120 29
59 121 72
59 126 54
59 127 82
59 132 81
59 133 77
59 144 68
59 147 89
59 168 57
59 169 93
59 171 94
59 172 6
59 176 46
59 177 73
59 179 88
59 180 88
59 186 38
59 189 71
59 191 68
59 198 72
60 64 8
60 69 39
60 70 64
60 72 91
60 77 66
60 83 70
60 84 71
60 86 71
60 87 98
60 92 56
60 97 87
60 111 83
60 116 12
60 122 2
60 132 98
60 139 58
60 145 53
60 147 29
60 160 83
60 170 54
60 174 52
60 176 30
60 189 95
60 190 24
60 193 87
60 196 89
61 63 100
61 65 61
61 68 62
61 69 15
61 73 25
61 74 4
61 78 99
61 79 18
61 85 37
61 100 87
61 104 4
61 107 36
61 112 55
61 115 73
61 118 56
61 123 29
61 125 29
61 130 37
61 134 28
61 135 83
61 140 46
61 148 33
61 151 51
61 156 67
61 161 12
61 163 98
61 167 99
61 171 76
61 172 40
61 173 44
61 174 40
61 177 48
61 180 73
61 181 23
61 182 33
61 183 66
61 185 32
62 63 66
62 68 55
62 72 27
62 73 30
62 76 51
62 85 64
62 86 37
62 88 54
62 89 85
62 93 88
62 95 7
62 99 78
62 100 26
62 102 29
62 105 31
62 112 28
62 118 46
62 123 75
62 126 84
62 129 74
62 132 3
62 134 9
62 136 82
62 137 52
62 140 31
62 145 82
62 149 98
62 151 86
62 158 11
62 164 76
62 165 87
62 166 17
62 169 46
62 174 26
62 176 60
62 177 30
62 178 78
62 187 26
62 191 14
62 192 19
62 195 23
63 66 93
63 69 96
63 70 4
63 72 86
63 81 83
63 90 81
63 91 10
63 95 53
63 96 89
63 106 54
63 113 77
63 114 77
63 119 59
63 120 61
63 125 71
63 134 41
63 137 46
63 140 12
63 142 31
63 144 53
63 151 73
63 152 10
63 154 24
63 162 10
63 163 58
63 165 46
63 167 91
63 169 37
63 177 92
63 178 78
63 189 13
63 193 27
63 197 39
63 198 10
64 65 19
64 66 27
64 68 94
64 69 85
64 73 47
64 76 65
64 78 96
64 80 97
64 82 27
64 87 84
64 93 41
64 94 68
64 100 67
64 101 46
64 104 38
64 107 70
64 109 100
64 110 91
64 113 25
64 129 78
64 136 50
64 139 93
64 144 57
64 153 24
64 162 40
64 163 79
64 185 12
64 189 41
64 190 10
64 198 75
65 66 53
65 69 85
65 76 1
65 79 54
65 83 1
65 84 81
65 90 79
65 93 68
65 102 52
65 103 100
65 105 87
65 107 58
65 109 35
65 114 91
65 116 92
65 119 74
65 121 92
65 122 28
65 123 60
65 126 50
65 128 41
65 130 99
65 131 48
65 132 50
65 147 30
65 151 32
65 152 76
65 154 66
65 155 65
65 157 22
65 162 63
65 164 83
65 167 39
65 168 10
65 171 83
65 173 13
65 174 52
65 175 83
65 178 35
65 179 92
65 181 11
65 194 78
66 69 15
66 70 4
66 71 46
66 72 82
66 75 85
66 81 90
66 82 49
66 90 20
66 91 10
66 96 68
66 97 59
66 101 33
66 102 76
66 109 65
66 117 80
66 119 91
66 124 73
66 125 73
66 129 78
66 130 43
66 131 14
66 137 35
66 140 30
66 144 45
66 145 90
66 153 100
66 156 75
66 161 100
66 164 39
66 165 30
66 170 58
66 179 89
66 184 62
66 185 35
66 193 85
66 198 59
67 76 60
67 78 78
67 84 69
67 88 63
67 95 86
67 97 94
67 100 95
67 102 98
67 103 85
67 105 77
67 119 30
67 120 91
67 122 11
67 123 46
67 124 48
67 130 47
67 153 84
67 158 42
67 166 55
67 170 31
67 188 88
67 190 78
67 196 26
67 197 58
68 71 26
68 75 62
68 79 10
68 81 51
68 84 32
68 88 69
68 89 1
68 101 74
68 113 46
68 116 91
68 121 65
68 123 86
68 127 50
68 133 84
68 137 62
68 140 77
68 144 66
68 151 42
68 153 72
68 156 11
68 158 28
68 160 36
68 164 9
68 178 82
68 184 21
68 190 88
68 191 18
69 70 3
69 75 7
69 78 60
69 82 97
69 83 35
69 84 19
69 85 36
69 86 1
69 87 81
69 89 82
69 90 21
69 93 49
69 99 49
69 108 3
69 109 90
69 110 82
69 113 98
69 119 87
69 122 79
69 132 70
69 138 10
69 139 36
69 146 30
69 147 65
69 149 60
69 156 51
69 158 48
69 159 95
69 163 82
69 170 54
69 171 35
69 172 88
69 177 10
69 186 45
69 187 54
69 189 34
69 190 32
69 191 28
69 197 58
69 199 3
70 77 48
70 86 23
70 96 71
70 100 98
70 101 2
70 103 25
70 106 18
70 110 48
70 111 96
70 120 10
70 124 71
70 126 32
70 137 100
70 146 81
70 149 39
70 166 55
70 168 72
70 172 89
70 174 59
70 175 83
70 181 60
70 185 68
70 194 62
70 195 89
70 196 39
71 72 100
71 74 78
71 78 24
71 79 84
71 81 43
71 83 53
71 85 43
71 86 30
71 90 33
71 91 59
71 92 91
71 97 84
71 100 87
71 102 92
71 106 34
71 107 63
71 109 65
71 114 65
71 127 80
71 135 49
71 136 85
71 140 75
71 141 95
71 145 88
71 148 99
71 151 82
71 154 33
71 159 70
71 167 72
71 169 2
71 174 20
71 176 5
71 180 78
71 184 35
71 194 53
71 199 91
72 75 95
72 76 23
72 84 80
72 103 53
72 108 45
72 121 10
72 125 77
72 126 73
72 135 51
72 139 39
72 142 61
72 145 96
72 149 74
72 153 79
72 157 64
72 171 56
72 175 91
72 176 58
72 177 15
72 180 68
72 197 26
73 74 64
73 77 8
73 78 93
73 82 61
73 83 11
73 84 90
73 86 25
73 89 61
73 90 75
73 92 92
73 93 40
73 104 4
73 106 100
73 116 36
73 118 53
73 120 55
73 122 34
73 128 79
73 131 45
73 142 100
73 145 99
73 150 2
73 152 98
73 155 29
73 157 79
73 161 81
73 163 47
73 195 25
74 77 92
74 80 52
74 81 53
74 82 5
74 85 9
74 86 50
74 92 31
74 96 37
74 97 48
74 107 24
74 115 91
74 135 84
74 139 71
74 146 8
74 150 42
74 153 61
74 157 88
74 158 59
74 162 16
74 174 18
74 182 76
74 183 41
74 188 19
74 190 31
74 193 60
74 194 80
75 76 39
75 77 55
75 79 11
75 81 95
75 83 71
75 87 86
75 99 37
75 101 66
75 106 21
75 107 47
75 108 51
75 121 31
75 146 48
75 148 40
75 149 52
75 152 37
75 157 44
75 160 93
75 189 8
75 192 92
75 198 13
75 199 60
76 77 97
76 80 86
76 84 81
76 85 98
76 88 71
76 92 90
76 95 38
76 98 10
76 102 26
76 103 72
76 108 27
76 134 27
76 135 59
76 137 8
76 139 59
76 141 12
76 158 50
76 160 63
76 162 47
76 165 46
76 167 28
76 188 59
76 192 88
76 198 28
77 79 63
77 88 50
77 93 36
77 98 65
77 103 22
77 104 90
77 108 69
77 109 54
77 110 14
77 111 74
77 116 26
77 117 39
77 118 98
77 119 52
77 122 9
77 130 39
77 139 34
77 141 59
77 143 84
77 151 5
77 152 38
77 153 38
77 159 81
77 160 78
77 164 76
77 166 65
77 168 80
77 180 78
77 184 98
77 186 38
77 191 83
77 199 57
78 84 71
78 86 53
78 89 88
78 94 12
78 98 70
78 99 89
78 106 70
78 107 57
78 116 31
78 117 59
78 124 83
78 126 11
78 128 24
78 129 75
78 150 100
78 156 68
78 170 2
78 174 35
78 183 86
78 184 60
78 185 77
78 190 48
79 83 88
79 84 72
79 88 75
79 96 15
79 98 14
79 102 5
79 111 22
79 112 39
79 123 95
79 125 80
79 127 60
79 137 21
79 144 5
79 146 4
79 147 82
79 152 66
79 155 13
79 159 38
79 163 54
79 167 6
79 168 38
79 170 69
79 171 80
79 176 43
79 181 1
79 182 20
79 183 26
79 191 26
80 83 47
80 87 79
80 91 58
80 92 1
80 94 28
80 97 3
80 104 35
80 105 19
80 109 12
80 110 67
80 111 7
80 128 99
80 129 33
80 135 28
80 138 38
80 151 65
80 154 64
80 156 52
80 157 80
80 162 94
80 164 45
80 165 41
80 170 46
80 171 24
80 182 50
80 184 30
80 191 14
80 193 93
80 197 12
80 198 73
81 86 81
81 88 40
81 89 77
81 91 46
81 93 60
81 94 70
81 100 61
81 103 36
81 105 60
81 107 69
81 110 67
81 116 7
81 117 79
81 118 36
81 129 11
81 132 87
81 133 6
81 136 15
81 142 78
81 149 75
81 174 63
81 185 61
82 87 36
82 88 7
82 90 65
82 91 79
82 93 1
82 104 92
82 106 26
82 108 18
82 109 23
82 112 38
82 115 84
82 120 79
82 121 80
82 123 98
82 128 76
82 133 61
82 141 62
82 143 93
82 147 80
82 156 63
82 166 52
82 167 22
82 199 34
83 84 2
83 85 67
83 91 95
83 96 53
83 105 7
83 112 62
83 116 74
83 119 92
83 129 92
83 157 58
84 87 92
84 90 47
84 98 64
84 100 33
84 108 65
84 111 66
84 115 2
84 121 57
84 123 95
84 124 72
84 127 18
84 132 95
84 137 60
84 143 22
84 148 79
84 155 56
84 162 71
84 170 10
84 178 23
84 185 28
84 198 59
85 91 20
85 92 34
85 97 76
85 98 95
85 99 64
85 114 86
85 131 27
85 146 5
85 159 75
85 169 80
85 185 77
85 187 99
85 189 48
85 195 9
86 88 70
86 91 64
86 96 20
86 98 52
86 100 18
86 105 58
86 110 47
86 120 83
86 129 20
86 130 96
86 137 84
86 142 70
86 149 82
86 152 30
86 155 46
86 165 66
86 189 75
86 198 12
87 89 65
87 94 1
87 95 11
87 101 90
87 104 96
87 117 68
87 121 29
87 124 45
87 125 19
87 127 54
87 132 27
87 144 2
87 148 72
87 149 49
87 150 56
87 151 77
87 152 6
87 155 29
87 161 5
87 163 62
87 164 85
87 166 45
87 167 53
87 169 22
87 177 84
87 181 22
87 183 84
87 188 40
87 191 44
87 194 99
87 195 36
87 199 9
88 91 100
88 93 3
88 102 2
88 105 51
88 107 85
88 120 83
88 124 31
88 125 100
88 131 27
88 136 30
88 138 71
88 140 71
88 143 6
88 151 37
88 154 67
88 169 25
88 179 25
88 180 86
89 90 99
89 101 28
89 106 42
89 114 17
89 115 74
89 116 74
89 124 13
89 128 51
89 134 69
89 136 76
89 152 76
89 162 36
89 164 36
89 173 85
89 183 61
89 192 62
89 195 28
90 94 89
90 95 56
90 96 57
90 100 71
90 110 7
90 118 63
90 120 58
90 133 64
90 134 65
90 148 30
90 150 95
90 153 58
90 163 23
90 170 91
90 174 51
90 187 79
90 190 6
91 92 96
91 103 75
91 106 15
91 110 72
91 114 48
91 122 68
91 139 22
91 145 37
91 163 76
91 188 86
91 196 5
91 199 31
92 95 5
92 105 31
92 106 85
92 107 61
92 111 94
92 113 6
92 119 6
92 124 47
92 125 12
92 130 23
92 132 9
92 135 64
92 146 27
92 149 47
92 154 34
92 158 80
92 167 6
92 172 67
92 181 77
92 183 79
92 194 49
92 195 36
92 196 73
93 96 52
93 99 84
93 101 77
93 105 52
93 113 58
93 118 67
93 120 67
93 121 68
93 134 53
93 138 45
93 143 89
93 146 7
93 149 72
93 165 22
93 169 75
93 171 50
94 96 83
94 99 78
94 100 12
94 103 58
94 117 60
94 118 13
94 119 20
94 120 49
94 132 89
94 141 51
94 144 54
94 145 91
94 158 8
94 171 21
94 173 86
94 175 46
94 181 13
94 184 14
94 186 47
95 100 62
95 103 32
95 107 12
95 108 83
95 113 53
95 124 70
95 135 75
95 148 50
95 154 39
95 159 24
95 177 90
95 188 33
95 193 63
95 196 16
96 97 3
96 100 2
96 104 95
96 106 51
96 108 41
96 109 38
96 115 46
96 125 22
96 137 85
96 138 76
96 145 16
96 152 100
96 160 11
96 167 63
96 172 49
96 174 53
96 175 28
96 178 41
97 98 58
97 100 82
97 103 11
97 113 45
97 121 13
97 123 83
97 124 4
97 127 37
97 132 80
97 139 15
97 151 29
97 154 48
97 162 49
97 173 28
97 177 15
97 178 91
97 181 97
97 185 98
97 195 62
97 198 35
98 99 5
98 101 79
98 108 5
98 109 69
98 111 3
98 113 58
98 117 61
98 120 21
98 121 88
98 125 57
98 129 16
98 141 4
98 144 98
98 150 6
98 161 59
98 174 29
98 193 77
98 194 11
99 104 60
99 110 40
99 122 68
99 124 56
99 135 86
99 144 26
99 145 28
99 149 7
99 150 34
99 153 81
99 155 76
99 157 17
99 160 7
99 163 85
99 165 60
99 178 36
100 102 96
100 103 77
100 110 53
100 112 61
100 113 10
100 116 35
100 121 70
100 131 4
100 134 43
100 141 64
100 142 44
100 144 16
100 151 86
100 158 93
100 164 62
100 180 80
100 189 2
100 191 87
101 103 30
101 104 23
101 107 28
101 113 52
101 114 4
101 116 16
101 124 69
101 126 79
101 129 34
101 130 19
101 131 42
101 133 73
101 136 75
101 146 18
101 147 66
101 153 44
101 160 81
101 163 65
101 173 62
101 176 31
101 180 47
101 192 39
101 194 74
102 107 24
102 110 29
102 115 83
102 122 74
102 138 47
102 142 30
102 143 76
102 144 45
102 149 88
102 152 14
102 156 37
102 165 91
102 179 47
102 185 84
102 186 100
102 190 68
103 111 79
103 114 58
103 116 15
103 117 52
103 125 51
103 126 53
103 134 14
103 148 30
103 151 69
103 153 89
103 158 77
103 174 97
103 175 48
103 180 74
103 181 94
103 185 21
103 193 28
104 109 32
104 118 87
104 124 10
104 127 33
104 131 13
104 135 53
104 152 36
104 162 27
104 169 79
104 174 9
104 180 98
104 193 31
105 106 50
105 121 53
105 138 43
105 145 74
105 151 68
105 156 29
105 186 51
105 187 45
106 108 63
106 125 15
106 138 28
106 143 8
106 146 40
106 156 20
106 170 1
106 176 84
106 178 84
106 184 32
106 186 14
107 108 94
107 113 8
107 120 53
107 123 60
107 124 95
107 126 1
107 129 2
107 139 89
107 143 41
107 151 61
107 152 6
107 153 34
107 157 79
107 164 38
107 166 72
107 175 79
107 176 52
107 191 42
107 192 52
107 198 46
108 114 95
108 115 2
108 116 13
108 117 84
108 118 76
108 136 40
108 141 40
108 143 100
108 158 78
108 168 99
108 182 17
108 187 83
109 117 20
109 127 84
109 150 100
109 158 41
109 178 88
109 185 82
109 187 45
110 122 98
110 155 29
110 161 19
110 172 19
110 174 19
110 175 32
110 182 53
110 183 52
110 186 100
110 189 5
111 113 28
111 125 11
111 132 90
111 142 68
111 153 7
111 168 16
111 171 47
111 173 40
111 177 45
111 179 26
111 181 24
111 183 29
112 114 57
112 129 97
112 130 32
112 134 32
112 136 27
112 137 9
112 141 61
112 152 41
112 177 74
112 180 69
112 185 20
112 199 35
113 118 53
113 122 75
113 129 63
113 131 7
113 133 26
113 159 87
113 160 25
113 164 34
113 165 18
113 184 72
114 121 75
114 129 47
114 130 92
114 141 21
114 149 24
114 157 23
114 171 48
114 191 5
114 192 91
114 193 87
114 198 78
115 116 52
115 118 16
115 124 71
115 125 47
115 126 91
115 127 69
115 132 90
115 143 100
115 160 27
115 171 56
115 175 30
115 180 34
115 181 7
115 185 95
116 121 6
116 131 82
116 135 60
116 143 19
116 176 11
116 179 75
116 182 69
116 195 45
117 135 65
117 138 34
117 147 66
117 151 73
117 159 60
117 162 94
117 164 90
117 167 17
117 168 19
117 173 11
117 177 89
117 180 50
117 183 47
117 191 31
118 166 34
118 172 99
119 124 6
119 130 36
119 132 25
119 134 7
119 136 58
119 163 87
119 170 15
119 173 72
119 184 77
119 186 52
119 190 46
119 198 24
119 199 5
120 123 81
120 127 20
120 150 73
120 153 49
120 156 69
120 157 72
120 158 65
120 160 97
120 164 69
120 192 60
121 123 80
121 159 25
121 187 1
121 188 19
121 194 59
121 195 64
121 197 93
121 199 76
122 128 51
122 135 5
122 138 59
122 151 59
122 153 21
122 159 44
122 177 69
122 182 50
123 130 55
123 131 21
123 133 77
123 140 98
123 144 46
123 149 90
123 172 16
123 184 75
123 191 20
123 194 70
124 128 93
124 146 58
124 158 41
124 159 67
124 161 85
124 169 17
124 171 44
124 179 53
124 181 58
124 186 71
125 145 38
125 154 90
125 185 75
126 139 12
126 142 40
126 144 10
126 161 66
126 175 60
126 181 96
126 194 4
127 134 22
127 142 79
127 159 92
127 179 56
128 140 48
128 141 73
128 144 59
128 146 36
128 153 83
128 173 65
128 175 74
129 136 28
129 137 81
129 152 35
129 162 42
129 163 39
129 190 11
129 196 77
129 199 62
130 131 99
130 140 74
130 144 45
130 146 61
130 148 91
130 149 23
130 150 9
130 153 97
130 157 18
130 174 62
130 177 12
130 195 44
130 196 47
131 133 70
131 134 10
131 136 37
131 141 77
131 145 59
131 149 45
131 151 14
131 186 44
132 142 5
132 155 78
132 156 91
132 161 51
132 163 79
132 168 38
132 176 44
132 178 72
132 180 97
132 183 61
133 134 1
133 136 75
133 148 2
133 161 37
133 166 91
133 176 40
133 179 91
133 183 92
133 198 99
134 140 3
134 143 65
134 170 34
134 172 4
134 178 31
134 191 67
134 195 89
135 138 65
135 139 17
135 146 70
135 150 81
135 163 27
135 172 54
135 175 1
135 180 59
135 192 46
135 193 67
135 197 86
136 138 83
136 140 12
136 143 94
136 149 46
136 156 32
136 173 76
136 174 1
136 177 2
136 184 37
137 138 95
137 139 8
137 145 19
137 146 76
137 147 34
137 157 37
137 160 77
137 168 63
137 171 42
137 177 94
137 178 69
137 188 96
137 189 48
137 190 63
137 194 21
137 198 61
138 140 48
138 141 80
138 147 77
138 149 85
138 159 83
138 168 92
138 177 57
138 185 58
138 194 42
138 195 35
139 143 62
139 159 63
139 179 51
139 192 97
140 142 74
140 143 27
140 163 3
140 165 59
140 184 16
140 195 31
141 151 3
141 153 14
141 168 17
141 191 97
141 194 27
141 196 94
142 144 45
142 156 65
142 158 37
142 165 49
142 166 5
142 182 57
142 192 4
142 194 95
143 148 1
143 161 26
143 178 61
143 190 81
143 192 59
144 147 59
144 155 88
144 157 43
144 158 32
144 184 28
144 196 11
144 199 20
145 149 71
145 150 82
145 153 70
145 170 11
145 179 31
145 181 47
145 187 43
145 191 71
145 196 58
145 197 65
146 147 92
146 180 51
146 186 40
147 149 49
147 172 89
147 177 27
147 178 40
147 182 18
147 185 8
147 189 53
148 149 15
148 157 8
148 161 51
148 169 89
148 182 16
148 184 22
148 185 52
148 187 15
149 161 79
151 153 94
151 161 14
151 165 40
151 179 17
151 182 19
152 158 34
152 164 44
152 187 26
153 189 71
154 161 30
154 171 23
154 189 14
154 190 10
154 197 98
155 162 47
155 166 22
155 186 80
156 175 7
156 177 86
156 182 79
156 184 60
156 188 28
157 166 28
157 176 52
157 197 47
158 163 12
158 172 35
159 176 88
159 181 1
159 187 59
159 192 22
159 196 87
159 197 62
160 169 11
162 163 37
162 169 50
162 178 40
163 169 60
163 187 75
164 174 29
164 175 22
164 184 12
164 194 64
165 178 7
165 182 52
165 195 97
166 173 30
166 188 64
167 172 90
167 194 32
168 187 54
169 178 56
169 185 50
169 189 3
169 192 21
170 186 81
170 191 77
170 195 47
171 193 37
171 196 32
172 190 53
173 174 15
173 180 19
173 190 10
173 197 83
174 176 46
174 184 71
174 187 57
174 192 17
176 188 23
176 192 75
177 180 94
177 182 72
178 179 20
178 182 19
178 186 34
178 187 39
179 183 63
180 188 58
181 199 78
182 197 88
185 198 56
187 194 65
188 193 42
189 196 22
190 195 7
193 194 84
195 197 18
197 199 31
