0	2	49
0	4	50
0	6	43
0	8	41
0	9	33
0	16	45
0	20	40
0	23	32
0	24	38
0	25	49
0	33	37
0	35	49
0	46	33
0	50	36
0	51	48
0	52	33
0	53	50
0	57	36
0	61	43
0	63	38
0	64	46
0	65	46
0	66	33
0	78	44
0	80	43
0	82	43
0	83	39
0	92	30
0	95	47
0	105	32
0	107	34
0	108	47
0	111	36
0	113	35
0	114	49
0	115	37
0	117	47
0	118	50
0	124	47
0	132	44
0	138	41
0	140	38
0	141	37
0	148	33
0	153	45
0	156	49
0	163	32
0	166	37
0	175	49
0	176	40
0	179	40
0	186	47
0	189	40
0	192	30
0	199	37
1	4	30
1	10	33
1	12	32
1	13	35
1	14	46
1	16	42
1	19	33
1	26	40
1	27	38
1	29	46
1	30	30
1	31	35
1	32	40
1	33	47
1	36	47
1	40	40
1	41	40
1	48	32
1	49	46
1	52	35
1	53	38
1	55	34
1	56	40
1	63	39
1	64	41
1	66	47
1	68	38
1	69	49
1	70	46
1	72	45
1	73	43
1	79	36
1	82	47
1	85	38
1	92	37
1	104	40
1	115	47
1	116	41
1	121	48
1	122	41
1	128	41
1	130	39
1	132	34
1	135	39
1	136	33
1	137	35
1	138	46
1	142	49
1	146	42
1	153	44
1	154	33
1	156	42
1	158	30
1	162	34
1	164	36
1	165	43
1	171	31
1	173	33
1	176	35
1	178	45
1	179	40
1	182	34
1	185	50
1	188	40
1	189	34
1	194	44
1	195	38
1	198	50
2	3	48
2	7	46
2	9	46
2	10	36
2	12	44
2	13	32
2	16	32
2	19	40
2	20	46
2	21	45
2	22	48
2	29	34
2	31	38
2	35	40
2	38	42
2	48	35
2	49	36
2	52	42
2	55	50
2	57	44
2	63	50
2	66	48
2	67	49
2	70	36
2	72	47
2	73	45
2	75	34
2	81	43
2	88	47
2	90	49
2	91	31
2	92	44
2	96	46
2	98	35
2	106	43
2	108	47
2	111	47
2	113	33
2	114	32
2	117	34
2	120	37
2	126	49
2	128	35
2	135	38
2	142	43
2	145	44
2	148	33
2	150	48
2	153	45
2	154	31
2	156	48
2	157	44
2	158	33
2	166	37
2	168	43
2	169	37
2	170	34
2	176	44
2	178	34
2	181	42
2	183	43
2	184	31
2	187	50
2	195	42
2	197	37
3	8	43
3	11	31
3	16	40
3	17	39
3	20	46
3	28	43
3	30	41
3	31	36
3	43	50
3	49	44
3	51	46
3	55	31
3	56	31
3	57	41
3	58	35
3	62	39
3	63	48
3	64	40
3	69	50
3	71	38
3	74	31
3	79	48
3	80	49
3	81	49
3	87	46
3	91	34
3	98	35
3	102	39
3	109	39
3	110	30
3	112	40
3	116	33
3	121	34
3	125	36
3	128	47
3	130	33
3	132	42
3	133	31
3	147	43
3	150	34
3	154	36
3	155	32
3	157	39
3	166	43
3	167	38
3	170	47
3	171	35
3	178	48
3	180	37
3	183	47
3	185	43
3	194	41
3	197	40
4	6	46
4	7	48
4	8	39
4	9	36
4	15	46
4	16	43
4	24	46
4	25	50
4	28	47
4	32	48
4	39	45
4	40	40
4	44	42
4	47	49
4	48	35
4	51	32
4	57	45
4	67	33
4	72	33
4	73	31
4	87	45
4	91	32
4	95	36
4	102	46
4	104	48
4	114	33
4	116	50
4	122	46
4	123	36
4	127	45
4	128	33
4	129	35
4	134	44
4	136	33
4	137	31
4	138	47
4	141	49
4	142	44
4	145	47
4	146	48
4	147	50
4	149	30
4	157	40
4	158	46
4	160	33
4	162	48
4	163	42
4	164	47
4	170	40
4	173	41
4	175	43
4	178	48
4	179	50
4	186	42
4	188	38
4	189	30
4	195	34
4	198	43
5	6	39
5	10	31
5	11	40
5	13	50
5	14	49
5	15	45
5	16	38
5	17	44
5	18	44
5	20	35
5	32	45
5	39	33
5	40	49
5	47	45
5	50	49
5	51	31
5	52	43
5	53	33
5	57	31
5	58	49
5	59	45
5	63	30
5	67	50
5	75	45
5	78	34
5	79	31
5	81	36
5	83	47
5	90	34
5	92	41
5	93	47
5	96	39
5	98	37
5	99	46
5	101	36
5	102	48
5	103	32
5	104	50
5	112	31
5	120	32
5	122	48
5	125	41
5	130	30
5	131	47
5	133	44
5	139	35
5	141	45
5	142	41
5	144	35
5	147	37
5	148	36
5	149	46
5	152	34
5	153	30
5	154	38
5	157	50
5	160	43
5	161	43
5	166	30
5	171	31
5	172	43
5	173	36
5	174	39
5	181	32
5	182	44
5	189	37
5	194	35
5	197	39
5	198	46
6	13	44
6	17	38
6	24	38
6	26	37
6	27	42
6	28	45
6	30	34
6	31	46
6	42	32
6	43	35
6	44	40
6	46	49
6	50	34
6	53	39
6	54	44
6	60	45
6	66	50
6	72	31
6	75	37
6	78	42
6	81	37
6	83	34
6	84	31
6	87	50
6	89	41
6	91	36
6	96	38
6	98	32
6	99	36
6	100	34
6	103	31
6	107	31
6	108	36
6	110	36
6	115	39
6	116	44
6	117	45
6	120	43
6	122	41
6	125	41
6	126	50
6	132	38
6	134	47
6	135	50
6	144	41
6	151	42
6	152	50
6	153	31
6	154	30
6	158	45
6	162	39
6	164	32
6	166	37
6	167	32
6	168	42
6	169	30
6	170	39
6	172	36
6	174	31
6	175	34
6	181	33
6	183	49
6	184	47
6	193	42
6	198	49
6	199	33
7	9	31
7	21	41
7	24	42
7	26	48
7	31	36
7	38	37
7	40	46
7	55	50
7	56	32
7	57	50
7	59	43
7	67	31
7	71	45
7	75	44
7	80	37
7	81	32
7	84	36
7	85	43
7	87	48
7	90	44
7	91	33
7	99	34
7	103	32
7	106	36
7	109	38
7	112	33
7	114	31
7	115	30
7	117	43
7	121	42
7	127	39
7	129	39
7	132	37
7	133	30
7	155	40
7	156	43
7	161	31
7	171	35
7	178	39
7	179	44
7	182	41
7	192	33
7	193	50
7	195	48
7	197	34
8	10	32
8	13	36
8	14	36
8	20	38
8	23	30
8	26	46
8	33	42
8	34	42
8	38	44
8	39	31
8	42	33
8	47	38
8	50	42
8	55	44
8	58	35
8	60	46
8	69	32
8	71	31
8	72	38
8	73	32
8	74	39
8	76	49
8	89	46
8	92	43
8	94	31
8	95	47
8	101	42
8	113	33
8	130	41
8	131	34
8	135	46
8	139	30
8	143	46
8	145	49
8	147	44
8	148	45
8	150	48
8	151	46
8	158	43
8	159	48
8	161	46
8	165	45
8	166	46
8	167	43
8	170	34
8	173	43
8	174	44
8	181	45
8	183	34
8	186	49
8	187	43
8	188	32
8	192	30
9	15	39
9	29	32
9	30	45
9	33	47
9	40	36
9	47	36
9	48	43
9	51	45
9	52	38
9	53	40
9	56	50
9	57	36
9	58	47
9	61	50
9	63	46
9	67	35
9	69	48
9	78	33
9	82	35
9	85	47
9	87	35
9	90	39
9	93	38
9	95	37
9	98	40
9	107	50
9	109	37
9	111	33
9	120	43
9	121	47
9	123	48
9	124	45
9	126	43
9	128	36
9	131	45
9	132	45
9	133	32
9	136	36
9	139	36
9	142	36
9	147	41
9	157	48
9	158	31
9	162	45
9	163	31
9	171	31
9	177	38
9	181	45
9	182	47
9	183	39
9	184	39
9	185	41
9	186	35
9	191	43
9	195	39
9	199	46
10	13	44
10	15	45
10	16	34
10	20	49
10	24	38
10	41	30
10	47	37
10	52	47
10	55	42
10	62	34
10	66	40
10	70	49
10	75	45
10	80	50
10	83	38
10	87	34
10	95	42
10	96	33
10	97	48
10	100	34
10	101	48
10	106	35
10	112	39
10	115	33
10	118	47
10	145	37
10	149	39
10	151	30
10	156	31
10	166	38
10	167	40
10	168	43
10	177	32
10	178	31
10	180	49
10	181	49
10	183	36
10	185	31
10	187	32
10	188	33
10	189	43
10	192	50
11	20	30
11	23	45
11	27	38
11	36	34
11	38	36
11	40	42
11	43	42
11	49	37
11	55	43
11	60	37
11	61	40
11	65	45
11	71	47
11	82	45
11	87	49
11	93	34
11	100	43
11	101	49
11	104	32
11	107	49
11	112	38
11	115	34
11	119	31
11	121	49
11	122	30
11	123	30
11	125	47
11	128	40
11	131	32
11	135	35
11	137	33
11	138	41
11	140	45
11	144	49
11	149	35
11	151	46
11	153	42
11	157	35
11	162	36
11	164	42
11	173	47
11	174	41
11	182	40
11	189	37
11	197	38
11	198	38
12	15	43
12	16	43
12	17	42
12	20	47
12	21	42
12	24	40
12	28	35
12	32	44
12	35	39
12	36	31
12	37	37
12	38	43
12	39	32
12	40	41
12	41	43
12	42	50
12	49	33
12	56	45
12	57	47
12	59	33
12	61	45
12	67	46
12	69	42
12	71	44
12	74	41
12	76	33
12	79	40
12	83	47
12	94	42
12	99	39
12	100	48
12	102	40
12	107	32
12	110	39
12	112	38
12	113	41
12	115	33
12	117	35
12	119	31
12	120	41
12	121	30
12	130	45
12	133	34
12	134	32
12	136	44
12	144	46
12	150	42
12	151	45
12	155	46
12	160	48
12	161	44
12	162	30
12	168	35
12	170	47
12	173	46
12	180	30
12	186	31
12	189	42
13	17	50
13	18	37
13	21	40
13	26	38
13	27	40
13	31	38
13	32	35
13	34	47
13	38	32
13	39	39
13	41	38
13	44	47
13	46	46
13	47	34
13	50	41
13	52	31
13	57	42
13	61	47
13	62	40
13	64	49
13	66	34
13	74	31
13	75	49
13	76	48
13	78	49
13	83	34
13	84	42
13	85	47
13	91	39
13	93	40
13	95	47
13	99	41
13	110	45
13	111	32
13	113	37
13	114	33
13	122	36
13	129	35
13	130	31
13	138	34
13	141	40
13	144	33
13	146	38
13	152	42
13	155	39
13	160	48
13	161	49
13	163	49
13	164	41
13	166	41
13	167	42
13	181	48
13	182	36
13	188	43
13	195	43
13	197	50
13	199	37
14	16	34
14	17	50
14	20	38
14	21	45
14	28	31
14	34	45
14	39	46
14	41	46
14	45	36
14	55	44
14	63	40
14	77	50
14	79	46
14	80	30
14	82	42
14	91	41
14	92	44
14	94	31
14	96	32
14	100	44
14	104	33
14	106	47
14	107	48
14	108	50
14	110	48
14	116	41
14	126	48
14	137	37
14	138	42
14	141	44
14	144	45
14	147	41
14	153	38
14	154	47
14	155	40
14	158	41
14	163	46
14	164	35
14	165	45
14	167	32
14	169	30
14	171	37
14	178	31
14	179	31
14	180	31
14	184	32
14	186	48
14	189	40
14	191	33
14	192	47
14	198	39
15	19	33
15	22	42
15	25	48
15	26	38
15	28	37
15	30	43
15	33	46
15	39	45
15	40	45
15	41	50
15	44	37
15	50	37
15	52	39
15	56	32
15	59	47
15	60	30
15	65	35
15	67	45
15	69	49
15	70	42
15	73	34
15	76	37
15	80	47
15	84	45
15	88	37
15	90	40
15	98	36
15	102	49
15	113	30
15	114	48
15	117	30
15	121	47
15	122	49
15	125	44
15	129	38
15	132	42
15	134	43
15	135	45
15	136	49
15	138	46
15	140	37
15	142	44
15	148	41
15	152	36
15	159	35
15	160	44
15	162	36
15	170	45
15	173	34
15	177	35
15	179	42
15	184	49
15	185	38
15	187	35
15	190	32
15	191	50
15	194	44
16	19	47
16	20	41
16	21	50
16	37	45
16	39	30
16	40	38
16	45	37
16	46	45
16	50	36
16	51	43
16	52	46
16	55	40
16	57	31
16	61	35
16	64	37
16	68	37
16	70	34
16	71	36
16	75	34
16	76	49
16	86	46
16	90	34
16	91	49
16	92	46
16	99	36
16	101	45
16	103	42
16	104	47
16	106	44
16	110	42
16	114	34
16	119	35
16	123	42
16	127	46
16	131	37
16	134	42
16	137	45
16	144	50
16	145	42
16	146	47
16	148	40
16	155	41
16	157	40
16	159	50
16	167	33
16	168	43
16	170	32
16	172	47
16	174	38
16	180	46
16	184	39
16	185	36
16	197	38
17	20	41
17	21	49
17	31	31
17	33	50
17	40	50
17	44	50
17	45	33
17	58	50
17	63	41
17	65	40
17	67	31
17	69	36
17	71	48
17	72	47
17	74	34
17	75	43
17	77	42
17	78	30
17	79	50
17	83	45
17	89	39
17	94	47
17	100	34
17	109	30
17	115	41
17	117	39
17	127	32
17	128	40
17	130	50
17	138	42
17	143	45
17	146	49
17	148	37
17	149	49
17	151	38
17	155	41
17	156	43
17	160	37
17	163	36
17	164	49
17	165	34
17	167	31
17	174	48
17	175	31
17	183	42
17	185	44
17	188	39
17	189	31
17	191	36
17	193	46
18	23	31
18	24	34
18	32	37
18	33	47
18	37	35
18	39	34
18	45	41
18	49	44
18	53	39
18	59	45
18	67	35
18	70	32
18	72	32
18	73	34
18	74	36
18	77	37
18	79	45
18	90	35
18	91	50
18	93	49
18	102	41
18	104	32
18	109	40
18	114	44
18	116	38
18	119	42
18	123	47
18	124	35
18	125	42
18	129	47
18	130	46
18	131	44
18	136	33
18	140	31
18	142	36
18	143	44
18	146	31
18	147	47
18	148	35
18	149	34
18	155	43
18	163	34
18	164	40
18	165	35
18	167	50
18	168	32
18	173	36
18	180	35
18	185	45
18	186	38
18	189	35
18	195	30
18	196	42
18	199	30
19	20	43
19	23	38
19	25	46
19	26	40
19	29	46
19	31	49
19	33	32
19	36	47
19	39	40
19	41	32
19	47	50
19	49	38
19	50	49
19	51	44
19	53	38
19	59	45
19	62	48
19	65	32
19	68	48
19	69	36
19	70	48
19	71	41
19	73	48
19	75	45
19	78	36
19	80	46
19	84	31
19	88	33
19	89	42
19	93	31
19	99	44
19	103	30
19	104	32
19	106	37
19	108	47
19	114	41
19	120	46
19	121	45
19	123	43
19	124	30
19	125	48
19	128	41
19	137	31
19	149	36
19	150	40
19	153	39
19	157	39
19	158	37
19	166	38
19	173	32
19	180	43
19	182	31
19	186	44
19	188	44
19	190	36
19	192	41
19	197	48
20	21	37
20	25	30
20	27	39
20	28	35
20	31	44
20	35	34
20	39	37
20	41	37
20	42	49
20	48	31
20	54	46
20	57	33
20	62	37
20	63	50
20	67	38
20	69	31
20	72	34
20	77	45
20	79	45
20	80	48
20	82	34
20	83	38
20	85	44
20	101	39
20	109	47
20	112	49
20	116	44
20	117	38
20	118	46
20	119	44
20	120	46
20	124	41
20	127	36
20	132	37
20	134	44
20	136	47
20	137	38
20	142	39
20	145	49
20	146	31
20	147	35
20	152	48
20	153	39
20	154	39
20	161	39
20	167	42
20	168	35
20	169	35
20	172	30
20	176	48
20	179	32
20	184	43
20	185	48
20	189	41
20	192	42
20	194	45
21	24	30
21	26	30
21	31	32
21	33	41
21	35	35
21	37	42
21	40	33
21	43	41
21	53	39
21	55	32
21	57	35
21	58	43
21	62	49
21	65	31
21	70	41
21	76	46
21	77	42
21	83	34
21	84	34
21	86	40
21	91	41
21	93	46
21	94	49
21	96	39
21	99	32
21	100	48
21	102	44
21	106	41
21	108	40
21	109	31
21	111	47
21	113	35
21	124	50
21	129	35
21	131	38
21	133	43
21	134	50
21	137	34
21	140	45
21	141	49
21	145	34
21	152	33
21	154	36
21	157	42
21	174	34
21	175	39
21	179	39
21	180	44
21	186	31
21	189	34
21	191	37
22	23	39
22	24	47
22	29	49
22	32	41
22	39	43
22	47	46
22	48	33
22	53	45
22	57	32
22	61	49
22	66	30
22	67	37
22	69	47
22	72	47
22	73	34
22	78	32
22	84	49
22	85	48
22	89	39
22	92	40
22	93	32
22	95	47
22	100	49
22	103	39
22	113	48
22	116	31
22	117	35
22	118	37
22	119	48
22	123	40
22	129	49
22	130	47
22	138	37
22	140	30
22	147	34
22	151	31
22	152	40
22	153	38
22	154	33
22	157	47
22	161	37
22	163	33
22	170	30
22	171	45
22	172	35
22	190	39
22	191	32
22	193	31
22	195	36
23	24	41
23	27	40
23	30	40
23	33	38
23	34	32
23	36	33
23	38	47
23	42	41
23	48	40
23	53	45
23	54	36
23	56	37
23	60	46
23	62	39
23	63	32
23	72	35
23	81	39
23	85	41
23	92	30
23	93	37
23	94	49
23	107	40
23	110	39
23	111	38
23	112	34
23	113	34
23	114	47
23	123	41
23	125	48
23	128	45
23	129	35
23	134	40
23	138	41
23	140	47
23	141	43
23	142	43
23	147	49
23	150	34
23	151	39
23	156	32
23	161	34
23	167	30
23	179	42
23	181	50
23	184	35
23	187	37
23	191	46
23	192	37
23	195	34
23	197	46
23	198	45
24	25	37
24	34	32
24	36	43
24	38	31
24	42	46
24	47	35
24	51	33
24	53	49
24	54	48
24	57	49
24	59	48
24	61	43
24	62	49
24	69	47
24	70	42
24	71	31
24	75	50
24	78	45
24	83	34
24	89	35
24	91	34
24	93	31
24	98	45
24	104	45
24	111	31
24	114	43
24	116	37
24	123	46
24	125	43
24	127	31
24	128	46
24	129	44
24	132	31
24	135	40
24	136	42
24	140	45
24	143	31
24	147	50
24	150	50
24	152	48
24	157	48
24	174	37
24	179	49
24	180	36
24	185	46
24	186	34
24	187	31
24	189	39
24	192	40
24	194	35
24	197	32
24	198	34
25	26	39
25	31	49
25	35	40
25	36	39
25	39	41
25	43	34
25	47	41
25	49	39
25	52	41
25	58	42
25	60	31
25	61	45
25	62	30
25	65	45
25	66	49
25	67	40
25	69	46
25	70	31
25	79	35
25	81	39
25	84	35
25	85	31
25	91	31
25	97	36
25	102	44
25	103	35
25	107	39
25	108	40
25	109	39
25	111	39
25	112	36
25	113	36
25	115	50
25	127	35
25	130	33
25	134	44
25	136	45
25	139	33
25	142	41
25	144	41
25	148	48
25	156	46
25	158	32
25	161	38
25	164	30
25	168	36
25	169	49
25	171	45
25	172	34
25	173	34
25	178	36
25	183	33
25	185	33
25	187	48
25	188	32
25	190	35
25	192	42
25	196	45
26	30	31
26	33	45
26	37	36
26	44	37
26	46	40
26	51	44
26	52	50
26	61	44
26	62	32
26	63	33
26	65	46
26	69	47
26	76	50
26	82	33
26	86	37
26	91	30
26	92	33
26	98	48
26	104	50
26	108	42
26	116	45
26	117	33
26	120	31
26	125	34
26	131	47
26	138	45
26	141	49
26	146	39
26	147	47
26	148	38
26	157	34
26	158	36
26	160	47
26	162	36
26	174	47
26	185	38
26	190	39
26	191	48
26	195	40
26	196	35
27	32	35
27	34	40
27	38	31
27	41	41
27	42	42
27	46	31
27	52	32
27	59	42
27	62	31
27	64	33
27	66	38
27	69	43
27	82	35
27	85	41
27	101	46
27	114	31
27	118	47
27	123	39
27	125	42
27	130	47
27	131	42
27	138	46
27	139	39
27	144	50
27	145	35
27	147	33
27	151	49
27	160	47
27	164	49
27	166	34
27	170	38
27	180	44
27	185	43
27	188	38
27	191	39
27	194	49
27	196	46
28	32	40
28	36	31
28	40	40
28	42	41
28	46	45
28	54	37
28	57	35
28	58	50
28	60	37
28	61	48
28	63	45
28	68	30
28	69	37
28	70	48
28	76	46
28	77	34
28	81	50
28	84	31
28	87	34
28	88	36
28	89	50
28	96	33
28	97	48
28	98	32
28	106	44
28	110	41
28	117	41
28	121	30
28	124	37
28	129	46
28	131	36
28	134	32
28	136	48
28	139	30
28	140	44
28	141	50
28	142	45
28	144	44
28	145	47
28	146	46
28	149	39
28	158	46
28	160	33
28	161	49
28	165	42
28	166	32
28	168	32
28	169	40
28	173	47
28	174	49
28	175	38
28	176	31
28	186	32
28	190	41
28	192	44
28	193	33
28	194	40
28	196	46
28	197	34
29	37	49
29	39	40
29	43	36
29	46	48
29	48	44
29	49	40
29	53	38
29	58	46
29	61	37
29	62	45
29	66	38
29	68	33
29	73	30
29	75	46
29	83	32
29	86	35
29	87	40
29	93	42
29	99	35
29	106	33
29	107	35
29	109	34
29	111	30
29	112	47
29	113	34
29	114	35
29	126	46
29	128	36
29	130	31
29	134	39
29	135	44
29	138	46
29	140	49
29	143	42
29	146	45
29	149	48
29	150	49
29	154	46
29	157	37
29	159	42
29	166	48
29	168	46
29	169	39
29	175	50
29	181	48
29	182	35
29	184	40
29	185	41
29	186	50
29	187	40
29	193	44
29	195	50
29	196	44
29	197	36
30	32	30
30	34	38
30	42	38
30	43	33
30	45	33
30	47	44
30	50	50
30	58	50
30	59	50
30	61	42
30	69	44
30	75	33
30	76	39
30	81	42
30	84	31
30	85	34
30	89	48
30	91	44
30	93	48
30	94	35
30	99	33
30	100	47
30	105	35
30	107	44
30	108	43
30	114	34
30	119	39
30	121	38
30	126	37
30	128	43
30	130	43
30	133	47
30	134	43
30	138	37
30	144	33
30	150	42
30	151	37
30	153	37
30	158	30
30	163	38
30	165	47
30	173	33
30	175	48
30	178	31
30	182	37
30	183	33
30	186	37
30	187	47
30	191	38
30	196	44
30	197	38
31	33	30
31	35	44
31	43	41
31	52	33
31	54	47
31	59	38
31	60	48
31	67	50
31	68	41
31	78	37
31	79	44
31	80	50
31	83	38
31	85	44
31	87	48
31	91	50
31	97	40
31	102	47
31	107	36
31	110	37
31	121	36
31	123	43
31	134	33
31	135	37
31	136	47
31	138	43
31	142	46
31	144	33
31	146	31
31	147	38
31	150	38
31	152	50
31	159	49
31	162	32
31	163	47
31	164	35
31	165	45
31	167	35
31	168	48
31	169	41
31	170	49
31	175	32
31	178	42
31	183	42
31	185	35
31	190	30
31	195	45
31	196	36
31	197	45
31	198	33
32	33	45
32	38	43
32	45	49
32	48	37
32	51	39
32	54	45
32	58	49
32	59	49
32	60	40
32	68	46
32	71	43
32	73	50
32	81	37
32	90	45
32	98	44
32	101	39
32	103	30
32	106	33
32	107	33
32	109	45
32	112	48
32	113	50
32	117	49
32	118	31
32	119	39
32	127	32
32	129	30
32	137	49
32	140	33
32	144	43
32	151	48
32	155	46
32	157	33
32	161	48
32	165	39
32	166	46
32	169	34
32	170	44
32	172	42
32	176	34
32	177	33
32	178	33
32	180	49
32	181	31
32	183	30
32	184	50
32	186	33
32	189	42
32	196	36
33	34	50
33	36	39
33	37	49
33	40	44
33	41	48
33	48	40
33	50	48
33	51	49
33	59	44
33	62	46
33	67	50
33	69	38
33	73	44
33	77	39
33	78	44
33	79	49
33	80	33
33	82	40
33	90	32
33	92	49
33	97	33
33	99	43
33	100	30
33	110	34
33	112	49
33	116	39
33	117	43
33	119	38
33	120	40
33	125	49
33	130	46
33	133	39
33	135	43
33	136	38
33	138	43
33	140	40
33	142	45
33	144	40
33	145	43
33	148	48
33	150	49
33	151	30
33	154	33
33	157	32
33	158	30
33	161	50
33	162	37
33	166	40
33	167	46
33	168	37
33	171	32
33	175	50
33	176	45
33	184	36
33	188	30
33	189	47
33	195	32
33	199	32
34	36	42
34	41	39
34	44	36
34	51	37
34	53	33
34	57	48
34	59	41
34	63	42
34	65	33
34	69	50
34	70	50
34	75	47
34	80	31
34	82	50
34	84	43
34	86	43
34	87	42
34	95	45
34	96	38
34	100	49
34	101	50
34	103	45
34	107	39
34	108	37
34	115	31
34	123	38
34	124	42
34	125	45
34	127	46
34	129	35
34	130	33
34	132	39
34	137	38
34	140	50
34	141	43
34	143	44
34	147	50
34	149	40
34	151	41
34	153	43
34	156	48
34	157	50
34	158	39
34	163	41
34	165	32
34	166	42
34	170	43
34	175	35
34	179	43
34	180	31
34	184	37
34	185	33
34	186	32
34	188	46
34	191	47
34	192	45
34	195	38
34	199	38
35	37	41
35	42	40
35	45	32
35	46	39
35	50	31
35	53	45
35	57	40
35	61	31
35	62	43
35	66	36
35	68	44
35	72	47
35	77	49
35	79	47
35	84	32
35	86	40
35	87	46
35	89	36
35	90	43
35	93	36
35	95	38
35	110	39
35	116	50
35	119	31
35	121	46
35	128	30
35	131	42
35	142	31
35	143	32
35	146	46
35	147	50
35	149	46
35	155	48
35	157	33
35	158	50
35	161	48
35	165	38
35	167	30
35	168	42
35	169	46
35	176	41
35	188	30
35	191	30
35	192	38
35	196	50
35	197	32
35	199	41
36	42	40
36	43	34
36	47	46
36	48	40
36	49	39
36	50	32
36	51	48
36	54	47
36	55	43
36	56	50
36	57	50
36	59	32
36	68	41
36	69	31
36	70	30
36	71	50
36	73	40
36	76	36
36	78	31
36	84	35
36	93	50
36	97	46
36	98	48
36	100	38
36	101	39
36	108	42
36	109	49
36	112	33
36	113	36
36	115	43
36	117	31
36	118	31
36	120	44
36	122	47
36	129	50
36	131	40
36	136	30
36	138	48
36	139	47
36	140	30
36	146	30
36	147	35
36	148	41
36	149	40
36	157	38
36	158	35
36	159	31
36	161	34
36	162	34
36	163	43
36	166	47
36	171	31
36	175	32
36	176	41
36	178	37
36	184	46
36	185	46
36	186	43
36	189	44
36	194	48
36	195	31
36	196	40
36	197	39
37	42	42
37	50	33
37	58	46
37	60	44
37	63	32
37	82	42
37	84	32
37	90	35
37	96	36
37	97	31
37	98	34
37	100	42
37	103	49
37	104	42
37	105	45
37	106	48
37	107	50
37	112	45
37	113	46
37	114	41
37	116	30
37	123	45
37	126	35
37	127	40
37	128	39
37	137	33
37	139	40
37	143	35
37	147	44
37	149	31
37	151	49
37	152	30
37	153	35
37	160	39
37	177	35
37	180	37
37	181	48
37	185	38
37	187	31
37	188	41
37	192	37
38	40	34
38	41	50
38	44	33
38	47	43
38	52	43
38	57	33
38	60	36
38	67	46
38	74	48
38	77	47
38	78	32
38	79	35
38	82	34
38	84	39
38	89	32
38	94	46
38	96	47
38	98	31
38	99	37
38	100	45
38	102	36
38	106	30
38	108	38
38	110	47
38	120	48
38	130	30
38	135	30
38	138	32
38	141	32
38	142	33
38	146	50
38	152	48
38	160	48
38	164	33
38	165	44
38	168	33
38	170	36
38	173	32
38	174	46
38	175	46
38	179	44
38	180	34
38	182	30
38	184	38
38	185	46
38	194	36
39	41	35
39	43	47
39	46	41
39	47	36
39	48	38
39	55	37
39	69	39
39	79	45
39	82	46
39	86	37
39	88	40
39	90	35
39	91	34
39	96	37
39	97	39
39	99	38
39	101	39
39	104	36
39	109	42
39	113	35
39	117	46
39	118	45
39	119	38
39	121	44
39	122	46
39	128	46
39	131	31
39	136	40
39	139	45
39	140	37
39	143	50
39	150	37
39	157	37
39	160	33
39	165	44
39	171	45
39	172	47
39	174	37
39	179	32
39	183	32
39	191	47
39	192	30
39	194	41
40	51	32
40	57	49
40	61	32
40	65	37
40	67	40
40	75	31
40	76	48
40	80	50
40	82	49
40	83	30
40	84	40
40	87	38
40	97	36
40	101	43
40	105	31
40	107	41
40	108	39
40	110	40
40	112	30
40	116	40
40	122	38
40	123	48
40	125	32
40	135	48
40	137	42
40	138	41
40	140	34
40	142	35
40	144	36
40	149	49
40	155	41
40	157	44
40	159	32
40	164	41
40	165	46
40	170	40
40	171	41
40	173	41
40	175	32
40	177	45
40	179	42
40	186	43
40	189	38
40	196	30
40	199	41
41	47	44
41	48	50
41	49	32
41	50	45
41	51	47
41	52	46
41	53	34
41	57	45
41	59	32
41	60	39
41	61	42
41	66	41
41	67	49
41	68	48
41	73	31
41	74	46
41	78	39
41	80	37
41	81	33
41	83	42
41	85	44
41	90	44
41	93	35
41	100	31
41	101	46
41	103	38
41	105	39
41	109	50
41	113	30
41	118	32
41	123	36
41	129	34
41	137	48
41	138	47
41	139	32
41	141	35
41	142	30
41	143	42
41	144	39
41	150	45
41	151	36
41	155	39
41	158	45
41	162	45
41	167	39
41	168	31
41	171	44
41	173	41
41	176	49
41	177	34
41	180	38
41	181	35
41	183	33
41	187	34
41	192	33
41	193	38
41	195	44
42	43	32
42	46	37
42	49	38
42	51	30
42	56	30
42	57	43
42	60	36
42	64	50
42	83	39
42	85	50
42	87	41
42	92	45
42	98	32
42	99	35
42	101	43
42	102	44
42	103	50
42	107	39
42	110	39
42	114	35
42	115	31
42	118	47
42	120	30
42	123	43
42	124	42
42	125	31
42	127	31
42	131	31
42	136	34
42	138	47
42	139	49
42	141	49
42	144	37
42	145	33
42	146	40
42	149	33
42	152	33
42	161	32
42	168	40
42	169	46
42	173	32
42	175	43
42	182	35
42	186	39
42	187	31
42	189	46
42	192	43
42	199	31
43	44	43
43	47	33
43	50	42
43	52	47
43	57	45
43	58	49
43	62	47
43	67	48
43	69	39
43	73	42
43	74	47
43	75	49
43	80	46
43	85	33
43	94	33
43	97	50
43	98	31
43	108	31
43	116	33
43	117	44
43	118	38
43	122	38
43	123	43
43	124	47
43	127	37
43	128	33
43	132	46
43	133	49
43	141	32
43	142	45
43	143	33
43	146	47
43	150	41
43	153	36
43	154	30
43	156	40
43	158	31
43	159	37
43	160	38
43	161	38
43	168	35
43	170	44
43	171	41
43	180	33
43	181	31
43	190	42
43	197	47
43	199	44
44	45	40
44	47	44
44	56	40
44	57	40
44	58	46
44	63	32
44	66	41
44	67	43
44	70	34
44	73	48
44	75	40
44	80	45
44	81	42
44	85	47
44	87	30
44	88	43
44	94	32
44	96	45
44	99	32
44	100	31
44	104	41
44	111	35
44	112	32
44	115	50
44	118	43
44	119	31
44	121	39
44	122	32
44	123	50
44	125	33
44	132	37
44	137	36
44	142	35
44	146	31
44	149	35
44	150	31
44	151	31
44	153	47
44	156	45
44	165	49
44	167	40
44	169	41
44	174	36
44	176	47
44	178	44
44	179	46
44	180	37
44	182	41
44	190	36
44	197	48
44	198	42
45	46	42
45	47	38
45	51	43
45	52	46
45	53	35
45	57	32
45	58	39
45	60	30
45	61	38
45	63	49
45	64	34
45	69	35
45	71	46
45	72	49
45	76	39
45	89	50
45	93	32
45	95	31
45	101	50
45	107	48
45	110	40
45	115	40
45	116	40
45	120	36
45	123	39
45	134	40
45	137	43
45	139	31
45	140	50
45	146	35
45	148	38
45	149	50
45	155	45
45	156	41
45	166	35
45	172	44
45	174	37
45	175	50
45	177	43
45	178	42
45	185	35
45	187	41
45	190	34
45	191	30
45	192	43
46	51	33
46	55	34
46	56	50
46	57	30
46	64	33
46	68	33
46	75	32
46	80	42
46	81	30
46	87	45
46	89	50
46	99	37
46	101	37
46	103	40
46	107	46
46	108	46
46	109	35
46	111	47
46	112	41
46	114	38
46	117	38
46	119	44
46	125	38
46	126	35
46	127	47
46	130	37
46	132	40
46	133	39
46	136	42
46	137	33
46	146	34
46	147	39
46	150	38
46	156	45
46	159	33
46	160	32
46	161	33
46	162	43
46	168	31
46	170	49
46	171	34
46	172	48
46	174	31
46	184	31
46	189	45
46	190	34
46	192	39
46	193	50
46	195	50
46	196	38
47	50	43
47	52	41
47	53	43
47	59	47
47	60	32
47	61	44
47	66	48
47	68	33
47	76	38
47	78	41
47	86	50
47	88	48
47	97	35
47	102	50
47	105	39
47	106	42
47	110	49
47	111	49
47	123	37
47	136	37
47	139	41
47	142	32
47	146	46
47	148	44
47	157	39
47	158	39
47	159	46
47	163	32
47	164	44
47	165	49
47	166	47
47	167	40
47	170	32
47	174	32
47	176	41
47	177	43
47	178	36
47	183	37
47	196	47
47	198	33
48	49	46
48	50	41
48	51	50
48	52	40
48	55	34
48	63	34
48	64	33
48	68	50
48	71	35
48	73	50
48	77	43
48	82	38
48	90	33
48	93	31
48	99	46
48	101	36
48	104	33
48	105	39
48	107	41
48	108	42
48	109	30
48	112	30
48	118	31
48	119	38
48	126	47
48	130	31
48	131	42
48	133	40
48	135	40
48	136	40
48	138	42
48	140	30
48	151	46
48	152	40
48	159	42
48	161	41
48	162	32
48	172	50
48	175	36
48	178	33
48	180	40
49	55	33
49	58	50
49	61	48
49	63	43
49	67	43
49	75	39
49	77	43
49	82	35
49	88	48
49	91	49
49	97	32
49	103	41
49	104	46
49	105	42
49	115	31
49	117	38
49	119	38
49	123	46
49	128	34
49	133	42
49	134	30
49	135	41
49	138	37
49	139	45
49	144	39
49	147	33
49	149	47
49	156	44
49	163	35
49	165	49
49	168	43
49	170	49
49	176	38
49	179	46
49	181	46
49	182	42
49	186	49
49	187	41
49	188	43
49	189	40
49	192	36
49	196	34
49	197	44
49	198	30
49	199	42
50	51	44
50	52	30
50	53	30
50	55	49
50	58	47
50	60	40
50	63	36
50	71	37
50	73	46
50	80	31
50	92	30
50	94	48
50	105	32
50	106	49
50	107	30
50	109	45
50	110	49
50	114	49
50	124	34
50	127	36
50	129	50
50	131	48
50	133	34
50	134	41
50	138	48
50	140	32
50	141	33
50	145	38
50	146	32
50	149	41
50	155	44
50	158	38
50	159	44
50	168	47
50	170	39
50	172	50
50	174	33
50	178	38
50	181	49
50	182	50
50	187	30
51	53	36
51	54	32
51	55	35
51	56	46
51	60	33
51	62	49
51	67	38
51	74	50
51	77	38
51	82	44
51	88	42
51	90	45
51	91	44
51	93	42
51	95	44
51	99	41
51	103	32
51	104	47
51	107	42
51	113	30
51	116	33
51	124	47
51	126	38
51	127	38
51	128	36
51	132	31
51	142	49
51	143	37
51	144	34
51	147	36
51	148	41
51	151	31
51	152	35
51	153	38
51	159	40
51	167	36
51	177	32
51	178	42
51	180	43
51	182	49
51	188	36
51	190	44
51	191	50
51	196	46
51	198	46
52	53	32
52	55	43
52	58	49
52	60	40
52	63	42
52	64	32
52	73	40
52	76	32
52	77	43
52	78	49
52	84	45
52	87	35
52	89	42
52	90	44
52	92	34
52	93	41
52	95	47
52	98	47
52	106	41
52	112	49
52	113	48
52	114	40
52	115	42
52	116	48
52	117	37
52	118	46
52	123	50
52	129	37
52	130	32
52	138	34
52	140	39
52	142	43
52	145	32
52	147	43
52	148	34
52	153	41
52	159	43
52	161	46
52	167	42
52	171	43
52	172	45
52	175	30
52	181	45
52	182	42
52	183	43
52	185	41
52	187	32
52	190	41
52	192	36
52	194	33
52	196	35
53	55	49
53	56	32
53	63	40
53	65	31
53	67	47
53	68	45
53	70	36
53	71	44
53	77	43
53	79	31
53	80	33
53	84	40
53	90	31
53	91	44
53	93	49
53	96	37
53	99	44
53	103	42
53	112	34
53	113	47
53	114	36
53	115	31
53	117	46
53	124	43
53	125	41
53	126	34
53	127	45
53	132	42
53	135	49
53	139	36
53	142	32
53	145	41
53	148	36
53	150	37
53	154	40
53	155	36
53	158	36
53	163	40
53	172	45
53	175	45
53	178	38
53	179	45
53	181	32
53	183	38
53	186	43
53	190	33
53	191	31
53	197	50
54	57	43
54	62	42
54	63	36
54	65	48
54	68	30
54	74	30
54	83	49
54	84	46
54	91	38
54	101	34
54	102	47
54	105	35
54	109	39
54	126	30
54	129	33
54	146	44
54	147	44
54	148	42
54	149	50
54	152	32
54	156	32
54	162	38
54	170	35
54	173	36
54	174	49
54	176	44
54	180	41
54	188	34
54	189	34
54	193	38
55	56	42
55	58	50
55	61	40
55	62	37
55	65	33
55	66	32
55	71	49
55	82	43
55	95	40
55	99	35
55	107	37
55	109	48
55	111	45
55	113	34
55	117	37
55	119	42
55	123	40
55	127	47
55	130	30
55	138	34
55	140	49
55	141	46
55	144	38
55	145	44
55	146	41
55	147	42
55	153	40
55	154	44
55	162	49
55	169	49
55	170	32
55	171	37
55	172	30
55	175	45
55	177	41
55	180	33
55	186	46
55	191	31
55	193	40
55	195	45
55	196	48
55	198	31
55	199	32
56	65	36
56	67	42
56	69	42
56	71	50
56	73	41
56	76	41
56	79	32
56	81	30
56	83	45
56	87	41
56	94	34
56	98	36
56	99	34
56	103	48
56	106	44
56	107	44
56	118	35
56	124	30
56	126	41
56	129	37
56	134	42
56	135	32
56	138	35
56	140	31
56	141	47
56	142	32
56	146	42
56	147	36
56	163	48
56	165	46
56	167	37
56	168	30
56	169	48
56	176	34
56	177	36
56	184	50
56	193	50
56	195	50
56	196	49
57	66	34
57	71	37
57	72	39
57	74	42
57	75	42
57	78	42
57	80	37
57	81	34
57	82	33
57	83	32
57	85	43
57	88	33
57	93	38
57	94	45
57	96	45
57	98	48
57	100	39
57	103	40
57	104	37
57	105	41
57	106	35
57	116	50
57	117	46
57	123	50
57	125	44
57	136	42
57	140	48
57	142	45
57	144	38
57	149	38
57	151	50
57	157	39
57	158	40
57	159	43
57	160	40
57	161	46
57	162	42
57	165	47
57	167	40
57	171	40
57	179	42
57	181	31
57	198	44
57	199	37
58	59	32
58	61	36
58	63	45
58	64	48
58	66	46
58	67	44
58	70	39
58	73	50
58	78	49
58	87	35
58	92	43
58	93	36
58	96	33
58	98	33
58	99	47
58	105	30
58	106	44
58	107	49
58	111	46
58	113	39
58	122	48
58	123	30
58	125	31
58	128	41
58	129	48
58	136	39
58	140	45
58	141	34
58	144	37
58	146	46
58	149	45
58	154	33
58	157	36
58	158	30
58	163	48
58	164	43
58	167	32
58	168	41
58	170	37
58	171	47
58	176	39
58	178	44
58	179	39
58	180	35
58	185	36
58	186	39
58	188	36
58	192	32
58	196	48
58	197	38
59	61	33
59	65	34
59	67	42
59	69	35
59	70	31
59	72	31
59	73	43
59	80	31
59	85	47
59	87	41
59	88	43
59	94	44
59	100	42
59	104	35
59	114	38
59	115	33
59	118	41
59	121	33
59	122	32
59	128	39
59	131	40
59	139	40
59	144	40
59	145	41
59	152	43
59	156	43
59	159	49
59	160	35
59	163	33
59	165	39
59	170	36
59	172	47
59	178	48
59	180	48
59	184	46
59	197	50
60	61	47
60	68	34
60	72	43
60	75	48
60	77	46
60	83	41
60	87	35
60	89	46
60	90	40
60	94	42
60	95	33
60	97	33
60	100	48
60	104	30
60	108	34
60	110	40
60	111	47
60	115	38
60	117	46
60	120	48
60	123	37
60	127	40
60	130	32
60	138	47
60	141	30
60	143	46
60	160	36
60	164	37
60	176	37
60	178	30
60	181	43
60	184	34
60	192	39
60	196	40
60	199	46
61	69	43
61	70	34
61	75	40
61	79	50
61	81	30
61	83	40
61	87	42
61	94	30
61	96	31
61	107	50
61	109	42
61	118	48
61	120	49
61	122	50
61	125	38
61	126	44
61	132	30
61	133	49
61	138	36
61	139	44
61	141	37
61	143	36
61	146	50
61	147	45
61	156	50
61	159	33
61	160	47
61	164	45
61	165	33
61	166	35
61	171	36
61	173	46
61	174	35
61	178	38
61	182	44
61	184	48
61	190	34
61	191	45
61	196	40
61	197	34
62	63	34
62	66	47
62	69	49
62	74	42
62	76	43
62	80	31
62	83	35
62	85	43
62	89	40
62	92	37
62	97	32
62	99	33
62	104	35
62	107	43
62	111	30
62	112	46
62	113	50
62	119	36
62	120	47
62	125	41
62	128	36
62	131	49
62	133	43
62	138	37
62	142	34
62	148	47
62	151	32
62	153	31
62	155	44
62	161	39
62	162	45
62	168	49
62	172	38
62	176	40
62	179	41
62	183	50
62	185	34
62	186	37
62	191	38
62	194	32
62	196	45
62	197	33
63	64	45
63	65	48
63	67	42
63	68	49
63	72	47
63	73	49
63	83	41
63	84	34
63	90	36
63	91	32
63	97	43
63	98	46
63	99	42
63	102	48
63	105	35
63	107	33
63	115	43
63	116	30
63	119	39
63	126	43
63	136	45
63	137	34
63	143	36
63	144	30
63	147	30
63	149	45
63	150	48
63	159	50
63	160	31
63	161	43
63	163	31
63	164	49
63	167	31
63	170	47
63	171	37
63	174	44
63	175	42
63	180	38
63	181	38
63	182	34
63	186	37
63	188	31
63	193	37
64	65	33
64	67	37
64	68	38
64	70	34
64	74	33
64	77	35
64	79	48
64	81	44
64	82	37
64	86	34
64	89	50
64	94	32
64	103	34
64	105	47
64	107	46
64	108	44
64	115	34
64	116	44
64	117	36
64	123	43
64	127	32
64	129	37
64	131	40
64	136	30
64	139	44
64	144	43
64	145	32
64	147	32
64	148	41
64	153	50
64	155	33
64	162	30
64	167	31
64	174	39
64	182	41
64	184	33
64	187	41
64	192	50
64	193	50
64	197	49
64	198	40
64	199	34
65	76	47
65	77	45
65	78	48
65	83	33
65	91	44
65	94	32
65	98	34
65	99	31
65	101	37
65	113	34
65	115	41
65	117	47
65	118	31
65	119	41
65	121	34
65	124	45
65	130	44
65	134	42
65	135	50
65	141	34
65	143	33
65	146	33
65	151	37
65	153	40
65	154	50
65	155	34
65	156	42
65	157	30
65	159	45
65	163	46
65	164	47
65	165	34
65	174	41
65	175	41
65	177	45
65	179	48
65	181	30
65	182	43
65	189	39
65	193	37
65	196	35
65	197	45
65	198	43
66	69	38
66	72	44
66	73	42
66	81	48
66	82	37
66	84	42
66	86	31
66	88	38
66	90	43
66	94	47
66	96	33
66	99	40
66	103	47
66	104	33
66	108	34
66	110	31
66	111	46
66	113	48
66	115	34
66	117	36
66	118	44
66	122	43
66	124	41
66	125	43
66	127	39
66	129	50
66	133	48
66	137	43
66	139	39
66	140	40
66	141	33
66	143	38
66	145	50
66	158	33
66	160	40
66	162	30
66	164	35
66	179	46
66	180	34
66	185	35
66	191	37
66	194	43
66	198	44
67	68	31
67	73	30
67	74	36
67	75	44
67	80	50
67	83	35
67	87	49
67	88	36
67	89	38
67	93	50
67	96	42
67	100	46
67	102	31
67	103	32
67	106	37
67	107	42
67	109	37
67	115	50
67	116	31
67	120	35
67	122	49
67	124	49
67	130	36
67	131	42
67	133	33
67	135	44
67	138	33
67	141	42
67	144	47
67	146	31
67	147	32
67	151	45
67	152	47
67	154	31
67	156	45
67	158	35
67	160	35
67	163	47
67	171	33
67	178	37
67	179	38
67	181	34
67	182	32
67	184	44
67	185	49
67	187	48
67	188	46
67	190	39
67	191	47
67	199	36
68	69	49
68	74	33
68	76	43
68	77	37
68	81	49
68	83	44
68	84	49
68	89	37
68	98	41
68	102	35
68	111	30
68	115	36
68	124	33
68	128	34
68	130	41
68	131	41
68	134	34
68	139	32
68	145	43
68	147	32
68	149	46
68	154	36
68	157	36
68	159	41
68	160	49
68	161	47
68	164	32
68	167	49
68	168	38
68	170	44
68	174	36
68	175	48
68	179	39
68	180	32
68	193	43
68	195	31
68	198	44
69	71	40
69	72	39
69	73	42
69	85	50
69	86	39
69	89	44
69	93	36
69	94	42
69	96	33
69	100	41
69	105	43
69	109	41
69	110	38
69	111	39
69	115	38
69	116	31
69	124	40
69	125	32
69	139	36
69	141	47
69	142	38
69	144	30
69	148	33
69	150	47
69	152	37
69	157	40
69	158	36
69	161	30
69	163	39
69	165	45
69	166	42
69	173	32
69	174	43
69	181	30
69	183	46
69	185	43
69	187	34
69	188	44
69	191	32
69	193	42
69	195	49
70	71	39
70	72	33
70	75	43
70	81	49
70	82	38
70	84	40
70	87	32
70	91	41
70	93	34
70	96	49
70	98	38
70	101	41
70	113	41
70	114	50
70	116	42
70	120	31
70	122	46
70	123	36
70	125	37
70	128	44
70	131	38
70	132	49
70	134	43
70	137	42
70	140	44
70	143	42
70	145	35
70	150	38
70	155	38
70	156	45
70	160	47
70	162	45
70	165	41
70	170	39
70	180	38
70	182	49
70	183	42
70	185	49
70	190	42
70	196	33
70	198	43
71	75	50
71	77	41
71	78	36
71	80	32
71	82	33
71	83	38
71	85	36
71	86	46
71	90	46
71	92	31
71	93	42
71	103	46
71	106	31
71	108	35
71	114	35
71	117	30
71	121	40
71	122	49
71	124	44
71	125	46
71	127	30
71	133	44
71	140	39
71	143	36
71	147	34
71	149	37
71	151	30
71	159	47
71	174	35
71	175	31
71	177	39
71	180	31
71	183	33
71	184	35
71	188	38
71	189	43
71	190	44
71	191	48
71	193	37
72	83	48
72	85	34
72	86	34
72	88	40
72	90	36
72	91	47
72	92	46
72	96	46
72	105	40
72	108	39
72	112	41
72	115	31
72	116	37
72	117	41
72	119	48
72	121	46
72	123	33
72	127	35
72	128	33
72	132	50
72	135	41
72	142	30
72	144	41
72	153	49
72	156	36
72	160	31
72	163	39
72	167	35
72	168	41
72	170	45
72	171	42
72	174	35
72	176	40
72	177	37
72	179	44
72	180	48
72	181	44
72	195	49
73	74	46
73	81	31
73	88	32
73	90	48
73	92	45
73	95	38
73	97	30
73	99	40
73	104	43
73	106	31
73	107	30
73	114	49
73	117	39
73	118	43
73	121	34
73	128	44
73	132	35
73	133	39
73	139	41
73	144	39
73	149	35
73	150	46
73	152	32
73	153	32
73	158	34
73	159	45
73	165	44
73	168	40
73	171	44
73	176	43
73	180	41
73	183	38
73	192	44
73	196	43
73	198	32
74	75	35
74	78	37
74	82	39
74	84	37
74	86	34
74	87	48
74	96	30
74	97	35
74	103	36
74	106	41
74	109	41
74	111	33
74	112	46
74	114	30
74	115	46
74	125	31
74	133	36
74	146	31
74	149	50
74	164	45
74	165	39
74	168	40
74	169	49
74	170	46
74	171	32
74	173	34
74	174	41
74	177	49
74	181	44
74	187	37
74	188	50
74	192	49
74	193	44
74	195	31
74	196	32
74	197	50
74	198	35
74	199	33
75	76	34
75	80	37
75	82	39
75	88	44
75	89	38
75	90	43
75	93	41
75	94	34
75	103	44
75	110	38
75	112	41
75	114	41
75	119	39
75	122	34
75	124	33
75	125	36
75	127	40
75	130	36
75	132	47
75	134	37
75	135	43
75	139	47
75	143	40
75	144	39
75	148	43
75	153	46
75	162	43
75	167	46
75	168	42
75	169	33
75	171	45
75	180	41
75	184	33
75	186	44
75	187	49
75	191	50
75	194	35
75	195	47
75	196	31
75	199	34
76	80	33
76	84	49
76	87	33
76	92	31
76	93	46
76	94	41
76	97	30
76	106	50
76	107	44
76	115	32
76	121	40
76	123	40
76	125	32
76	126	48
76	127	35
76	130	34
76	131	36
76	133	49
76	136	44
76	138	34
76	139	49
76	140	36
76	148	50
76	152	31
76	154	45
76	157	47
76	163	41
76	164	44
76	165	34
76	169	46
76	174	38
76	181	36
76	183	33
76	184	31
76	193	46
76	197	34
77	78	39
77	85	36
77	86	44
77	93	45
77	102	39
77	103	43
77	109	46
77	114	43
77	115	49
77	119	43
77	124	48
77	128	47
77	134	43
77	135	44
77	136	31
77	137	34
77	138	33
77	148	38
77	149	46
77	150	30
77	152	34
77	154	40
77	158	44
77	161	45
77	163	43
77	165	49
77	166	31
77	169	49
77	171	48
77	173	32
77	174	45
77	178	43
77	182	47
77	190	46
77	192	41
77	195	34
78	83	45
78	84	34
78	88	40
78	93	48
78	104	42
78	111	36
78	114	36
78	118	30
78	122	43
78	123	33
78	124	34
78	126	42
78	127	44
78	128	50
78	134	39
78	136	38
78	137	34
78	138	43
78	140	36
78	141	49
78	142	31
78	143	38
78	153	45
78	154	42
78	156	39
78	158	39
78	162	30
78	163	34
78	165	37
78	167	42
78	170	31
78	177	50
78	181	30
78	185	47
78	187	48
78	195	31
78	198	33
79	80	36
79	83	37
79	84	34
79	87	32
79	89	47
79	90	43
79	100	36
79	102	48
79	104	37
79	105	48
79	107	40
79	113	37
79	115	34
79	116	30
79	119	40
79	121	35
79	124	48
79	126	45
79	131	49
79	132	50
79	133	45
79	135	50
79	150	30
79	151	49
79	153	34
79	154	31
79	163	40
79	164	48
79	165	47
79	167	31
79	168	31
79	173	32
79	176	45
79	177	46
79	178	35
79	185	46
79	186	49
79	188	32
79	189	37
79	191	50
79	192	37
79	195	34
79	197	40
80	82	43
80	85	37
80	91	44
80	92	37
80	94	46
80	100	32
80	105	47
80	107	42
80	108	36
80	110	35
80	113	33
80	116	45
80	118	36
80	119	38
80	121	34
80	122	33
80	123	34
80	124	45
80	125	32
80	128	42
80	129	46
80	130	50
80	132	36
80	139	45
80	140	48
80	148	41
80	149	47
80	150	46
80	153	38
80	155	40
80	158	39
80	161	45
80	164	41
80	169	35
80	170	39
80	174	49
80	176	48
80	192	38
80	194	31
80	196	35
81	83	41
81	91	35
81	93	35
81	94	38
81	96	44
81	98	33
81	103	49
81	104	39
81	105	30
81	107	34
81	109	47
81	110	35
81	123	48
81	124	48
81	129	40
81	135	33
81	139	33
81	144	43
81	145	48
81	146	40
81	149	34
81	155	37
81	157	32
81	163	34
81	164	46
81	165	37
81	168	47
81	169	44
81	170	34
81	172	42
81	173	34
81	176	45
81	178	49
81	184	34
81	189	44
81	193	41
81	195	31
81	198	48
82	85	40
82	89	42
82	91	49
82	93	40
82	96	48
82	104	42
82	105	31
82	106	35
82	108	47
82	110	30
82	114	48
82	118	45
82	119	36
82	120	49
82	124	40
82	125	36
82	127	32
82	128	46
82	130	41
82	132	43
82	135	49
82	136	33
82	137	30
82	143	41
82	144	36
82	145	44
82	146	38
82	148	36
82	149	42
82	150	47
82	151	35
82	156	36
82	157	43
82	158	38
82	159	32
82	160	50
82	167	34
82	171	46
82	175	50
82	177	30
82	178	42
82	184	35
82	188	34
82	196	42
82	197	46
82	198	48
83	84	50
83	85	36
83	93	31
83	96	44
83	97	42
83	99	42
83	100	31
83	102	30
83	103	44
83	105	35
83	106	41
83	108	33
83	112	41
83	117	43
83	118	31
83	127	30
83	134	50
83	135	30
83	136	46
83	138	38
83	139	47
83	141	39
83	144	41
83	151	42
83	153	37
83	155	43
83	161	42
83	162	37
83	164	48
83	165	47
83	166	48
83	170	39
83	171	43
83	172	38
83	175	46
83	177	34
83	178	40
83	183	49
83	185	43
83	188	42
83	193	50
83	198	50
84	86	48
84	98	39
84	104	32
84	105	31
84	107	38
84	109	31
84	111	41
84	112	43
84	115	47
84	120	36
84	121	43
84	124	32
84	129	33
84	134	48
84	137	46
84	138	45
84	160	32
84	161	44
84	164	32
84	167	40
84	169	31
84	176	41
84	177	49
84	180	38
84	188	47
84	189	31
84	191	50
84	193	31
85	87	49
85	89	45
85	90	48
85	94	47
85	102	43
85	103	49
85	105	45
85	106	37
85	113	47
85	115	32
85	116	39
85	117	39
85	118	42
85	120	43
85	123	30
85	124	44
85	127	47
85	133	36
85	134	39
85	138	46
85	139	32
85	145	49
85	150	40
85	151	49
85	157	32
85	166	48
85	170	30
85	172	40
85	175	30
85	176	41
85	178	48
85	182	47
85	185	49
85	186	38
85	187	45
85	189	46
85	197	34
86	87	39
86	88	45
86	89	38
86	90	38
86	91	44
86	98	46
86	102	32
86	104	47
86	105	48
86	106	34
86	110	36
86	112	31
86	113	49
86	116	40
86	119	49
86	120	33
86	123	43
86	125	31
86	128	43
86	130	30
86	133	42
86	135	48
86	145	43
86	146	44
86	147	37
86	148	42
86	153	32
86	156	43
86	157	34
86	158	30
86	160	47
86	163	40
86	167	30
86	169	50
86	171	38
86	173	35
86	175	49
86	180	48
86	181	40
86	185	40
86	187	41
86	190	37
86	193	39
86	195	48
87	88	30
87	92	40
87	93	41
87	95	50
87	96	41
87	98	43
87	99	38
87	100	46
87	101	32
87	105	38
87	111	31
87	112	43
87	118	49
87	121	36
87	126	38
87	133	38
87	134	39
87	137	32
87	140	32
87	144	48
87	147	44
87	149	31
87	150	33
87	153	36
87	154	32
87	155	33
87	156	50
87	157	36
87	159	30
87	162	31
87	163	33
87	165	34
87	170	47
87	181	38
87	186	32
87	190	34
87	194	39
87	197	35
88	91	47
88	92	45
88	94	32
88	95	47
88	97	45
88	105	38
88	106	46
88	108	39
88	110	44
88	116	47
88	117	41
88	119	36
88	121	47
88	123	45
88	137	38
88	138	36
88	143	34
88	147	33
88	148	44
88	162	42
88	167	32
88	168	49
88	173	30
88	174	40
88	178	48
88	181	44
88	183	46
88	187	42
88	190	43
88	191	31
89	91	38
89	92	42
89	96	31
89	100	32
89	102	32
89	103	30
89	105	39
89	109	31
89	110	43
89	128	35
89	130	35
89	133	36
89	134	40
89	135	43
89	136	41
89	137	38
89	138	38
89	143	36
89	149	36
89	150	42
89	151	41
89	153	35
89	155	33
89	156	35
89	165	48
89	166	49
89	170	32
89	172	40
89	173	48
89	175	47
89	176	44
89	177	38
89	179	39
89	180	37
89	181	45
89	191	30
89	197	30
89	198	50
90	92	38
90	93	40
90	107	36
90	109	36
90	120	35
90	121	45
90	122	49
90	125	49
90	126	31
90	127	41
90	129	32
90	130	47
90	132	34
90	142	48
90	143	47
90	144	40
90	145	40
90	147	42
90	149	41
90	150	48
90	153	46
90	156	49
90	159	35
90	161	34
90	163	36
90	167	38
90	169	42
90	172	38
90	173	47
90	174	33
90	182	46
90	184	50
90	188	38
90	192	34
90	193	34
90	195	30
91	96	42
91	97	50
91	100	40
91	102	44
91	103	37
91	109	37
91	111	32
91	114	40
91	116	37
91	123	34
91	124	46
91	125	48
91	131	50
91	132	33
91	134	40
91	139	40
91	143	40
91	144	30
91	146	36
91	147	31
91	150	31
91	152	39
91	157	32
91	158	42
91	159	36
91	160	50
91	165	42
91	173	50
91	180	42
91	189	43
91	191	32
91	193	35
92	94	41
92	95	40
92	97	32
92	99	42
92	103	48
92	115	46
92	116	34
92	129	45
92	137	48
92	138	39
92	139	45
92	145	36
92	152	30
92	153	44
92	156	33
92	157	50
92	160	31
92	170	50
92	171	43
92	176	33
92	179	40
92	182	45
92	185	31
92	186	32
92	189	39
92	193	49
93	94	31
93	96	46
93	97	36
93	100	34
93	102	37
93	105	46
93	106	45
93	110	42
93	114	48
93	119	43
93	120	30
93	123	38
93	124	32
93	128	31
93	129	44
93	132	50
93	134	37
93	136	43
93	141	39
93	143	42
93	149	45
93	151	31
93	153	37
93	157	34
93	162	31
93	168	48
93	171	37
93	172	31
93	173	50
93	174	48
93	176	34
93	186	39
93	188	47
93	191	46
93	192	30
93	194	42
93	198	39
94	97	40
94	111	43
94	113	41
94	115	36
94	117	47
94	119	44
94	120	45
94	122	43
94	125	38
94	128	50
94	135	48
94	137	49
94	138	45
94	140	46
94	142	43
94	144	37
94	147	33
94	148	45
94	150	44
94	153	41
94	161	37
94	168	47
94	171	48
94	178	45
94	179	41
94	182	39
94	186	30
94	188	45
94	189	41
94	191	41
94	198	45
95	96	42
95	99	48
95	100	34
95	101	40
95	104	35
95	105	45
95	108	38
95	111	40
95	112	35
95	114	37
95	116	35
95	117	35
95	118	43
95	122	37
95	126	34
95	127	44
95	135	40
95	136	49
95	138	32
95	143	46
95	148	36
95	149	50
95	157	44
95	160	43
95	165	34
95	166	47
95	167	45
95	171	42
95	176	47
95	180	30
95	182	48
95	184	30
95	187	37
95	188	33
95	189	32
95	190	44
95	195	32
96	97	40
96	98	36
96	109	35
96	112	39
96	118	34
96	123	42
96	124	42
96	125	44
96	126	33
96	127	43
96	132	38
96	136	40
96	139	35
96	141	30
96	142	36
96	145	49
96	146	34
96	147	40
96	153	46
96	155	41
96	156	30
96	159	39
96	160	40
96	171	39
96	172	31
96	173	49
96	182	42
96	191	40
96	192	38
96	194	43
96	195	33
97	103	32
97	106	34
97	108	43
97	109	32
97	114	40
97	120	44
97	124	47
97	125	48
97	127	30
97	128	37
97	131	41
97	133	43
97	142	46
97	144	41
97	149	33
97	150	31
97	152	34
97	153	45
97	156	44
97	157	41
97	162	37
97	163	47
97	164	50
97	165	34
97	171	42
97	175	49
97	176	34
97	177	32
97	178	33
97	179	50
97	180	46
97	184	40
97	187	34
97	190	37
97	196	40
98	104	43
98	107	40
98	112	47
98	116	41
98	117	47
98	118	38
98	129	33
98	130	44
98	131	45
98	139	38
98	140	43
98	141	37
98	143	48
98	146	50
98	147	30
98	156	33
98	157	37
98	159	49
98	161	39
98	164	49
98	165	40
98	166	44
98	171	35
98	174	38
98	176	41
98	181	34
98	183	45
98	185	49
98	186	46
98	189	30
98	193	49
99	103	45
99	105	41
99	112	49
99	117	32
99	122	34
99	125	44
99	136	40
99	140	32
99	143	44
99	153	45
99	154	50
99	155	48
99	156	42
99	166	46
99	167	39
99	171	45
99	172	49
99	174	40
99	178	41
99	184	46
99	188	31
99	190	48
99	192	49
99	193	46
99	195	40
99	198	45
100	101	47
100	105	31
100	113	48
100	117	33
100	128	33
100	130	49
100	131	39
100	140	48
100	149	48
100	151	40
100	152	32
100	154	30
100	156	48
100	157	44
100	160	34
100	168	36
100	169	44
100	180	40
100	181	31
100	182	39
100	186	43
100	189	32
100	191	39
100	195	39
100	196	48
100	197	48
100	199	43
101	103	48
101	104	40
101	105	30
101	107	41
101	111	42
101	112	38
101	113	40
101	115	35
101	119	47
101	122	48
101	123	35
101	127	42
101	129	50
101	138	33
101	139	41
101	141	48
101	142	47
101	143	42
101	145	47
101	149	38
101	152	44
101	154	50
101	155	32
101	159	36
101	165	44
101	171	37
101	173	39
101	177	42
101	178	45
101	179	45
101	180	41
101	193	47
101	195	43
101	198	34
102	105	38
102	107	48
102	108	50
102	109	40
102	112	34
102	115	41
102	119	34
102	122	30
102	124	30
102	137	33
102	139	31
102	142	30
102	145	42
102	146	34
102	150	33
102	151	33
102	157	34
102	163	46
102	164	43
102	172	30
102	174	42
102	175	50
102	177	38
102	178	36
102	180	35
102	181	35
102	183	34
102	188	44
102	194	31
102	196	38
103	109	48
103	123	47
103	132	32
103	134	36
103	136	37
103	139	33
103	142	42
103	161	36
103	162	38
103	164	48
103	165	31
103	167	43
103	169	37
103	170	45
103	174	36
103	175	47
103	176	41
103	177	45
103	178	38
103	181	32
103	187	31
103	192	42
103	196	37
103	199	35
104	108	40
104	114	50
104	116	48
104	122	33
104	131	35
104	134	41
104	135	38
104	138	36
104	139	42
104	146	30
104	148	33
104	151	35
104	158	42
104	160	45
104	161	37
104	162	37
104	164	40
104	166	48
104	167	35
104	168	34
104	171	36
104	189	42
104	191	33
104	192	40
104	193	34
104	196	43
104	199	34
105	109	32
105	113	33
105	114	45
105	120	43
105	124	30
105	126	37
105	127	48
105	128	30
105	129	44
105	132	36
105	133	43
105	141	36
105	142	34
105	145	30
105	147	49
105	148	32
105	149	48
105	151	41
105	154	43
105	156	47
105	165	36
105	170	36
105	176	36
105	178	34
105	181	34
105	183	40
105	185	32
105	186	46
105	189	36
105	190	35
105	191	30
105	198	36
106	111	42
106	117	35
106	118	37
106	121	31
106	122	38
106	124	32
106	128	37
106	132	46
106	135	42
106	137	43
106	138	45
106	140	36
106	142	50
106	143	44
106	145	31
106	146	36
106	153	40
106	157	45
106	163	36
106	164	46
106	167	35
106	169	36
106	171	38
106	172	37
106	174	36
106	175	44
106	177	32
106	182	47
106	195	48
106	197	34
107	109	39
107	110	42
107	121	34
107	125	39
107	128	32
107	131	50
107	136	43
107	139	45
107	140	43
107	141	40
107	146	43
107	153	44
107	160	44
107	162	38
107	167	42
107	169	50
107	170	46
107	173	43
107	178	47
107	180	35
107	184	35
107	187	38
107	188	46
107	195	42
107	196	31
107	199	33
108	115	43
108	119	47
108	124	35
108	126	48
108	134	48
108	135	39
108	136	45
108	142	49
108	143	36
108	144	43
108	145	36
108	147	45
108	149	46
108	155	37
108	156	32
108	160	32
108	162	46
108	163	40
108	167	39
108	170	38
108	171	41
108	174	31
108	177	40
108	180	42
108	182	41
108	184	33
108	195	32
109	111	49
109	114	50
109	118	32
109	123	48
109	130	40
109	131	31
109	136	40
109	141	34
109	142	44
109	144	50
109	147	41
109	148	35
109	151	35
109	152	39
109	155	30
109	156	48
109	161	33
109	162	47
109	164	48
109	168	46
109	170	48
109	171	48
109	175	43
109	178	43
109	181	43
109	182	33
109	183	46
109	192	42
109	196	39
109	197	30
110	111	42
110	112	36
110	116	33
110	117	42
110	120	37
110	121	32
110	125	33
110	128	30
110	129	32
110	131	49
110	133	48
110	135	34
110	147	39
110	149	47
110	151	44
110	152	49
110	155	42
110	158	38
110	160	39
110	161	42
110	162	37
110	166	31
110	168	30
110	169	41
110	170	30
110	187	50
110	193	35
110	195	35
110	199	44
111	112	42
111	113	45
111	120	50
111	124	41
111	126	30
111	136	39
111	148	39
111	149	44
111	153	47
111	154	32
111	155	34
111	156	48
111	167	32
111	169	50
111	171	38
111	173	48
111	175	42
111	177	33
111	179	31
111	186	44
111	190	49
111	192	44
111	193	31
111	197	46
112	113	30
112	119	31
112	121	35
112	129	41
112	130	31
112	147	35
112	149	30
112	152	46
112	155	30
112	157	46
112	160	46
112	164	39
112	165	32
112	166	46
112	167	39
112	169	49
112	171	40
112	172	39
112	173	44
112	174	44
112	175	30
112	177	33
112	181	47
112	182	43
112	188	41
112	189	42
112	191	46
112	196	49
112	197	41
113	120	48
113	135	47
113	136	50
113	137	37
113	139	44
113	141	42
113	142	50
113	143	40
113	144	35
113	149	42
113	152	40
113	156	41
113	162	36
113	165	46
113	168	42
113	172	39
113	176	40
113	184	34
113	185	48
113	186	50
113	190	46
113	193	32
114	117	35
114	118	32
114	119	44
114	120	41
114	122	33
114	133	43
114	140	47
114	141	41
114	143	40
114	146	42
114	149	50
114	150	43
114	156	37
114	158	48
114	161	36
114	162	37
114	164	43
114	166	42
114	170	34
114	171	48
114	182	41
114	183	44
114	185	42
114	192	37
114	193	32
114	195	34
114	197	36
114	198	50
114	199	45
115	131	46
115	134	50
115	136	32
115	142	48
115	143	45
115	145	42
115	147	39
115	153	39
115	156	33
115	159	47
115	162	45
115	168	44
115	173	40
115	174	42
115	181	38
115	184	30
115	191	33
115	195	36
115	198	41
116	118	46
116	119	37
116	124	46
116	128	41
116	133	32
116	136	45
116	140	46
116	146	33
116	149	30
116	153	43
116	156	50
116	161	38
116	164	31
116	167	37
116	172	40
116	176	40
116	178	44
116	181	50
116	188	48
116	189	31
116	190	39
116	194	45
116	195	49
116	198	48
117	121	46
117	122	32
117	129	36
117	132	46
117	138	49
117	145	34
117	146	49
117	147	40
117	152	34
117	155	36
117	157	44
117	167	46
117	170	49
117	171	36
117	173	30
117	176	38
117	177	41
117	181	43
117	182	44
117	186	33
117	188	41
117	189	44
117	192	35
117	194	46
118	122	34
118	123	37
118	131	50
118	132	39
118	136	46
118	138	38
118	139	36
118	144	50
118	147	42
118	151	40
118	152	45
118	154	50
118	160	32
118	162	36
118	163	30
118	164	47
118	165	39
118	167	50
118	174	32
118	176	37
118	177	40
118	183	34
118	185	35
118	186	50
118	190	42
118	191	40
118	192	46
118	193	44
118	194	30
118	198	42
118	199	34
119	124	33
119	125	47
119	127	44
119	133	36
119	135	33
119	137	31
119	138	34
119	139	40
119	141	32
119	143	42
119	144	31
119	145	48
119	148	31
119	150	34
119	151	30
119	158	48
119	163	42
119	164	31
119	169	48
119	175	30
119	179	40
119	180	46
119	181	32
119	183	42
119	186	45
119	188	31
119	193	44
119	194	38
119	195	46
119	196	36
119	199	37
120	125	42
120	127	36
120	131	40
120	137	30
120	146	35
120	148	45
120	152	32
120	156	47
120	157	35
120	159	46
120	164	43
120	166	37
120	167	47
120	171	43
120	175	31
120	179	38
120	181	36
120	189	32
120	192	31
120	194	45
120	195	35
121	123	46
121	133	48
121	136	33
121	138	40
121	139	36
121	143	32
121	144	30
121	148	47
121	158	42
121	162	30
121	163	41
121	167	41
121	171	42
121	176	36
121	177	45
121	182	40
121	187	33
121	188	34
121	189	38
121	191	35
121	194	48
121	196	41
121	199	39
122	124	43
122	125	37
122	126	36
122	139	42
122	147	44
122	148	47
122	156	31
122	166	32
122	168	30
122	169	30
122	171	42
122	172	48
122	181	40
122	182	42
122	183	32
122	193	40
122	194	48
122	196	47
122	198	50
122	199	45
123	126	43
123	129	33
123	131	37
123	134	43
123	141	31
123	144	35
123	147	36
123	159	45
123	163	30
123	164	47
123	165	44
123	173	48
123	187	30
123	192	44
124	134	40
124	140	32
124	142	30
124	143	39
124	146	30
124	149	33
124	150	37
124	152	36
124	153	49
124	155	35
124	157	46
124	160	35
124	164	41
124	172	31
124	173	39
124	174	42
124	175	35
124	177	40
124	178	45
124	182	41
124	183	42
124	184	46
124	192	30
124	193	42
124	195	44
124	197	39
124	198	32
125	129	49
125	135	33
125	137	38
125	138	41
125	139	34
125	142	37
125	143	37
125	147	30
125	156	46
125	164	37
125	165	39
125	167	46
125	170	45
125	176	49
125	177	31
125	183	35
125	184	42
125	194	50
125	195	45
125	196	41
125	197	47
126	128	42
126	134	47
126	136	30
126	137	31
126	139	38
126	140	41
126	147	45
126	149	46
126	151	39
126	158	36
126	165	50
126	166	41
126	167	32
126	168	43
126	169	34
126	174	32
126	176	50
126	178	39
126	182	42
126	184	42
126	188	42
126	191	42
126	193	49
126	198	36
127	130	45
127	132	43
127	134	37
127	136	50
127	144	47
127	145	46
127	147	32
127	149	46
127	151	43
127	155	34
127	160	40
127	162	32
127	163	48
127	170	45
127	172	42
127	173	36
127	174	49
127	175	43
127	181	32
127	189	35
127	197	35
128	131	32
128	132	31
128	139	36
128	140	36
128	142	39
128	150	33
128	153	45
128	156	42
128	158	47
128	163	45
128	164	30
128	165	32
128	179	32
128	181	49
128	186	43
128	188	36
128	192	38
128	193	46
128	195	42
128	197	36
129	130	30
129	131	50
129	136	49
129	141	33
129	143	35
129	150	40
129	152	46
129	153	43
129	155	30
129	157	48
129	159	33
129	161	36
129	163	41
129	166	50
129	173	48
129	178	37
129	183	44
129	187	30
129	189	37
129	192	39
129	193	50
129	198	50
130	132	47
130	133	33
130	139	32
130	141	47
130	145	48
130	147	33
130	150	33
130	153	38
130	155	33
130	160	49
130	162	41
130	164	42
130	166	35
130	171	39
130	172	33
130	174	31
130	175	35
130	182	34
130	183	49
130	184	39
130	186	31
130	195	46
130	198	44
131	134	35
131	141	49
131	142	39
131	146	43
131	147	44
131	151	46
131	154	45
131	161	36
131	163	50
131	164	36
131	169	39
131	175	38
131	178	43
131	183	30
131	187	47
131	190	43
131	193	38
131	194	30
131	198	40
132	137	50
132	140	30
132	147	47
132	150	50
132	152	45
132	164	31
132	165	44
132	179	42
132	181	43
132	182	41
132	184	31
132	185	50
132	191	37
132	193	47
133	141	36
133	143	44
133	144	30
133	145	38
133	150	39
133	156	34
133	157	45
133	164	46
133	165	40
133	166	36
133	168	48
133	170	33
133	171	34
133	173	36
133	175	30
133	179	42
133	182	38
133	184	47
133	186	45
133	187	38
133	188	39
133	192	32
134	138	44
134	140	48
134	146	42
134	147	46
134	149	48
134	152	32
134	158	35
134	161	39
134	171	39
134	173	49
134	187	36
134	188	34
134	189	40
134	195	49
134	197	34
135	138	38
135	139	45
135	145	40
135	156	50
135	161	35
135	163	40
135	166	40
135	167	49
135	169	41
135	174	47
135	181	33
135	183	49
135	184	43
135	185	48
135	194	35
135	198	37
136	137	49
136	142	40
136	147	35
136	148	39
136	149	33
136	152	42
136	154	30
136	169	32
136	170	32
136	173	47
136	177	45
136	179	39
136	180	47
136	181	41
136	183	48
136	184	35
136	189	39
136	191	43
136	193	42
136	195	35
136	197	34
137	144	37
137	145	42
137	146	34
137	151	38
137	154	35
137	160	31
137	161	36
137	163	40
137	164	39
137	167	46
137	175	31
137	181	37
137	187	43
137	189	31
137	193	48
138	152	42
138	154	35
138	158	39
138	159	36
138	161	42
138	165	46
138	170	39
138	171	43
138	173	43
138	176	40
138	177	36
138	179	48
138	180	35
138	181	35
138	183	41
138	191	43
138	194	37
138	197	43
139	140	45
139	142	35
139	144	41
139	145	38
139	146	36
139	147	47
139	148	41
139	151	30
139	152	38
139	163	37
139	168	33
139	173	46
139	176	50
139	190	46
139	194	33
139	197	46
140	142	45
140	150	42
140	152	40
140	157	37
140	158	34
140	160	42
140	161	36
140	162	37
140	164	42
140	165	33
140	167	43
140	168	34
140	170	44
140	172	44
140	174	33
140	175	32
140	178	33
140	180	40
140	181	30
140	182	48
140	183	37
140	184	40
140	185	44
140	189	38
140	195	37
141	142	35
141	145	50
141	154	36
141	155	40
141	156	38
141	165	45
141	173	30
141	178	35
141	180	30
141	191	48
141	194	47
141	195	35
141	196	33
141	197	50
141	198	40
142	143	41
142	145	34
142	146	30
142	153	47
142	155	49
142	162	30
142	163	42
142	165	46
142	166	44
142	167	34
142	168	44
142	170	41
142	184	32
142	190	45
142	191	38
142	193	33
142	196	31
143	147	30
143	150	50
143	153	38
143	157	50
143	162	33
143	164	44
143	167	35
143	170	49
143	174	37
143	175	30
143	176	37
143	180	41
143	183	37
143	184	43
143	189	40
144	145	42
144	146	30
144	148	30
144	150	49
144	155	45
144	159	37
144	163	48
144	164	45
144	171	39
144	174	33
144	175	33
144	181	47
144	183	37
144	185	38
144	189	30
144	191	43
144	193	33
144	194	40
144	199	32
145	147	39
145	148	44
145	150	48
145	153	38
145	156	49
145	158	45
145	169	31
145	173	46
145	187	30
145	188	40
145	192	41
145	193	35
146	147	41
146	151	47
146	153	47
146	154	49
146	156	36
146	157	47
146	159	50
146	166	45
146	174	44
146	178	36
146	181	44
146	185	45
146	187	47
146	189	48
147	153	30
147	154	41
147	156	47
147	158	47
147	160	43
147	168	44
147	169	43
147	170	44
147	173	31
147	174	44
147	179	41
147	182	37
147	183	37
147	193	50
147	194	42
147	196	42
147	197	41
148	150	34
148	151	50
148	155	33
148	158	50
148	160	46
148	164	39
148	165	45
148	172	40
148	175	40
148	183	43
148	184	48
148	186	42
148	187	45
148	191	40
148	193	44
148	195	47
148	196	30
148	199	49
149	152	47
149	155	39
149	157	38
149	161	49
149	163	44
149	164	30
149	165	44
149	167	41
149	170	44
149	176	32
149	191	35
149	196	42
150	151	38
150	153	31
150	154	32
150	155	48
150	156	37
150	157	33
150	163	45
150	164	44
150	165	49
150	166	40
150	171	41
150	172	46
150	176	34
150	183	38
150	186	48
150	187	37
150	193	31
150	194	34
150	195	30
150	196	50
150	197	47
151	154	46
151	158	30
151	159	45
151	163	45
151	164	33
151	168	38
151	170	32
151	176	43
151	182	31
151	188	37
151	193	37
151	198	39
152	153	48
152	154	37
152	162	34
152	166	40
152	167	41
152	173	36
152	175	44
152	177	30
152	178	37
152	179	49
152	180	44
152	185	41
152	189	36
152	193	36
152	194	43
152	195	41
152	198	33
152	199	32
153	155	34
153	166	36
153	170	30
153	172	36
153	173	49
153	175	37
153	178	39
153	183	48
153	186	36
153	191	30
153	193	36
153	196	41
154	166	45
154	168	35
154	172	37
154	174	31
154	177	30
154	183	31
154	184	39
154	188	39
154	193	43
154	194	39
154	198	43
154	199	32
155	165	39
155	168	38
155	169	48
155	173	43
155	175	44
155	178	33
155	181	37
155	192	41
155	196	45
156	163	34
156	164	42
156	167	31
156	173	39
156	174	44
156	175	45
156	177	33
156	181	38
156	186	34
156	192	33
156	197	48
157	162	42
157	169	32
157	172	45
157	174	32
157	175	37
157	176	43
157	177	40
157	182	31
157	184	33
157	196	43
158	160	42
158	161	37
158	163	50
158	164	38
158	165	47
158	168	48
158	170	36
158	173	30
158	176	35
158	177	37
158	183	31
158	184	36
158	188	42
158	189	49
158	190	46
159	163	34
159	166	31
159	167	38
159	168	50
159	174	48
159	179	45
159	181	35
159	183	48
159	184	48
159	188	47
159	189	38
159	197	35
160	162	40
160	166	31
160	167	34
160	171	46
160	177	48
160	180	31
160	182	42
160	183	30
160	192	44
160	195	38
160	198	40
161	162	39
161	164	37
161	174	35
161	175	31
161	180	34
161	181	50
161	182	46
161	185	44
161	190	40
161	191	45
161	194	47
161	198	37
161	199	43
162	164	30
162	171	41
162	177	41
162	180	31
162	185	48
162	188	40
162	191	33
162	195	47
162	197	34
163	164	41
163	165	32
163	169	32
163	170	45
163	171	38
163	173	37
163	175	50
163	187	48
163	189	43
163	190	32
163	191	38
163	194	47
164	165	44
164	168	49
164	172	48
164	173	37
164	179	42
164	180	39
164	182	49
164	184	50
164	186	41
164	191	34
164	193	45
164	194	45
165	167	37
165	171	44
165	173	47
165	177	41
165	180	45
165	185	40
165	186	39
165	188	45
165	190	32
165	191	42
165	192	36
165	198	48
166	170	35
166	173	42
166	175	34
166	176	32
166	181	38
166	187	50
166	194	39
167	170	34
167	175	50
167	179	34
167	182	39
167	183	37
167	185	46
167	188	46
167	191	49
167	193	38
167	194	43
167	198	49
168	169	41
168	171	36
168	172	39
168	173	32
168	174	46
168	175	47
168	176	50
168	178	41
168	190	50
168	196	31
168	199	43
169	170	49
169	173	36
169	175	35
169	184	38
169	186	50
169	189	37
169	190	32
169	193	33
169	194	37
170	171	38
170	175	37
170	178	34
170	180	33
170	181	36
170	189	36
170	190	50
170	191	45
170	196	31
170	199	44
171	172	31
171	173	50
171	175	32
171	177	33
171	179	34
171	181	47
171	184	32
171	185	43
171	188	49
171	193	48
171	195	34
171	196	42
171	197	37
171	198	40
172	174	34
172	178	33
172	179	35
172	180	32
172	181	41
172	183	30
172	185	30
172	189	46
172	192	46
172	195	44
172	199	41
173	175	42
173	181	39
173	183	44
173	184	45
173	189	37
173	193	50
173	195	41
174	176	31
174	179	48
174	190	41
174	195	32
174	197	47
175	179	49
175	181	50
175	187	44
175	189	47
175	193	31
175	195	46
176	180	34
176	183	35
176	184	43
176	185	50
177	180	43
177	183	36
177	186	40
177	187	33
177	191	30
177	199	43
178	181	41
178	186	47
178	190	46
178	191	31
178	194	32
178	196	33
179	180	34
179	184	46
179	185	49
179	195	46
179	196	39
179	197	34
179	198	45
180	182	30
180	185	31
180	190	40
180	194	32
180	196	46
180	198	36
181	182	35
181	190	49
181	192	30
181	194	40
181	198	45
182	184	37
182	185	42
182	188	35
182	189	48
182	192	34
182	198	36
182	199	39
183	184	30
183	186	35
183	189	38
183	193	42
183	196	48
183	198	31
184	189	39
184	193	39
184	195	38
184	197	44
185	186	47
185	188	44
185	190	38
185	192	43
185	193	35
185	197	38
186	188	39
186	189	37
186	193	43
187	190	50
187	192	41
187	193	40
187	194	36
187	196	48
188	189	41
188	195	41
188	199	36
189	196	41
189	199	35
190	192	45
190	196	34
191	193	40
191	199	39
192	193	42
192	194	34
192	196	33
192	198	44
193	199	48
194	195	34
195	196	48
196	199	30
