146
121
131
163
107
131
130
197
164
197
152
143
166
193
148
121
146
153
126
200
162
142
196
145
139
104
184
131
159
192
160
195
147
175
173
169
106
108
188
176
113
184
111
135
115
123
182
128
109
148
174
170
154
200
157
109
144
154
143
104
122
129
184
144
140
148
185
181
166
139
164
141
143
161
134
101
177
122
105
146
147
148
122
156
167
176
189
182
106
181
110
133
106
165
200
106
128
108
127
194
156
130
180
130
156
169
173
158
189
147
124
173
164
133
196
200
153
175
185
153
133
120
175
185
127
144
130
109
123
110
114
119
182
175
113
119
122
130
112
165
119
199
120
186
110
125
190
159
103
136
123
116
194
132
189
140
127
112
129
148
131
118
162
173
188
106
101
152
170
122
153
153
191
103
135
157
167
187
194
156
127
188
117
127
131
154
113
120
175
130
148
103
141
141
149
144
189
147
130
107
102
142
137
161
161
172
111
159
167
150
130
112
122
109
152
167
101
106
133
191
173
181
200
105
158
191
107
183
123
173
154
169
177
179
115
153
154
200
150
194
155
151
192
152
166
179
159
199
121
140
192
135
117
156
168
116
111
101
196
179
110
118
104
117
138
105
159
191
146
198
108
104
171
149
135
146
114
124
102
164
176
150
196
132
166
109
191
109
178
162
186
200
153
130
144
166
145
166
130
131
