50319
59594
56183
55039
55742
53211
50040
54434
57845
59476
54055
50907
54178
56755
56015
52071
53726
56010
54611
57839
52966
56175
51986
56989
56467
55236
59758
52092
51138
52021
58985
56062
56481
53773
50583
50811
57171
55204
59455
59409
59989
57204
53725
51345
54570
55732
51256
56188
55548
52417
55023
50527
58826
50437
59049
56970
53943
58979
53583
56299
56809
55089
53543
54624
58518
52537
52470
57034
51662
53235
56335
57594
52367
54638
50089
53438
51638
51483
54003
55297
54760
56439
56896
56124
53131
58837
56839
59435
58001
58426
55761
51369
57954
54970
52730
53767
54146
51097
59555
51668
58954
58902
53791
58206
56867
57426
59914
53943
59821
55300
55866
57076
55250
54908
59494
59314
55120
58248
51089
54406
53295
53664
50177
58018
57345
52003
56102
58827
56764
56200
53398
54447
56601
53760
50519
56132
56093
55551
56280
58843
55177
59225
57318
55078
50705
50360
57177
55637
50009
51548
50815
56420
58079
58683
51425
56549
52620
54829
50101
57449
56430
53960
58764
50756
50345
54749
59218
55410
57130
54000
52254
57567
53526
50750
54438
56292
52567
59914
58861
57465
50166
57492
53019
58205
52376
52020
54854
54393
58512
52061
58580
59538
55282
51945
51005
54973
59403
56878
55338
53012
50374
52468
56121
59066
55565
59504
53800
55086
55462
58519
54915
58411
52662
58409
53029
50552
54095
51323
52941
51060
52330
58173
53343
57282
58631
56282
51377
52045
56369
59502
59573
52258
58549
54082
50865
50397
56426
56907
58604
58367
51476
50289
51575
56481
51773
57732
59091
58728
51570
56761
59099
51212
59839
51119
52375
58058
57335
59365
51482
58414
59546
56420
58706
56212
51843
54011
59036
59230
52942
51581
59112
58668
54610
53547
50043
59983
57124
52124
59455
53045
52021
54716
57707
54183
55992
55359
57297
56382
50690
51198
59386
53461
57050
51665
55450
56608
52876
56193
56167
53353
