0 1 20

1 2 75

2 3 86

3 4 74

4 5 29

5 6 46

6 7 81

7 8 33

8 9 33

9 10 27

10 11 62

11 12 21

12 13 68

13 14 81

14 15 68

15 16 47

16 17 80

17 18 9

18 19 16

19 20 4

20 21 60

21 22 96

22 23 22

23 24 54

24 25 2

25 26 52

26 27 41

27 28 93

28 29 54

29 30 96

30 31 49

31 32 16

32 33 17

33 34 83

34 35 35

35 36 2

36 37 84

37 38 42

38 39 93

39 40 18

40 41 70

41 42 36

42 43 52

43 44 92

44 45 40

45 46 79

46 47 28

47 48 14

48 49 49

49 50 78

50 51 18

51 52 87

52 53 95

53 54 23

54 55 15

55 56 57

56 57 13

57 58 40

58 59 28

59 60 60

60 61 76

61 62 77

62 63 4

63 64 72

64 65 21

65 66 23

66 67 30

67 68 64

68 69 17

69 70 57

70 71 52

71 72 1

72 73 23

73 74 98

74 75 86

75 76 41

76 77 65

77 78 85

78 79 10

79 80 84

80 81 99

81 82 59

82 83 78

83 84 36

84 85 82

85 86 48

86 87 30

87 88 87

88 89 58

89 90 24

90 91 94

91 92 38

92 93 58

93 94 85

94 95 25

95 96 89

96 97 40

97 98 84

98 99 61

99 100 83

100 101 98

101 102 81

102 103 59

103 104 54

104 105 50

105 106 16

106 107 44

107 108 92

108 109 16

109 110 97

110 111 70

111 112 12

112 113 42

113 114 46

114 115 54

115 116 21

116 117 70

117 118 45

118 119 29

119 120 54

120 121 62

121 122 65

122 123 4

123 124 18

124 125 26

125 126 28

126 127 94

127 128 6

128 129 11

129 130 12

130 131 64

131 132 37

132 133 15

133 134 66

134 135 33

135 136 14

136 137 46

137 138 52

138 139 57

139 140 72

140 141 77

141 142 53

142 143 57

143 144 12

144 145 67

145 146 63

146 147 87

147 148 13

148 149 26

149 150 19

150 151 88

151 152 75

152 153 95

153 154 21

154 155 91

155 156 81

156 157 97

157 158 45

158 159 21

159 160 86

160 161 4

161 162 50

162 163 9

163 164 39

164 165 27

165 166 77

166 167 5

167 168 36

168 169 49

169 170 35

170 171 45

171 172 11

172 173 40

173 174 62

174 175 70

175 176 92

176 177 36

177 178 66

178 179 86

179 180 20

180 181 70

181 182 67

182 183 80

183 184 33

184 185 37

185 186 89

186 187 77

187 188 17

188 189 32

189 190 19

190 191 56

191 192 28

192 193 52

193 194 57

194 195 33

195 196 82

196 197 23

197 198 8

198 199 52

199 200 90

200 201 21

201 202 89

202 203 64

203 204 34

204 205 60

205 206 50

206 207 92

207 208 77

208 209 94

209 210 31

210 211 68

211 212 84

212 213 100

213 214 83

214 215 5

215 216 57

216 217 20

217 218 76

218 219 94

219 220 60

220 221 27

221 222 92

222 223 95

223 224 50

224 225 99

225 226 2

226 227 37

227 228 41

228 229 71

229 230 33

230 231 62

231 232 87

232 233 91

233 234 94

234 235 60

235 236 88

236 237 40

237 238 95

238 239 3

239 240 14

240 241 6

241 242 5

242 243 63

243 244 50

244 245 16

245 246 16

246 247 43

247 248 51

248 249 31

249 250 94

250 251 22

251 252 40

252 253 56

253 254 83

254 255 57

255 256 72

256 257 73

257 258 36

258 259 46

259 260 49

260 261 60

261 262 21

262 263 33

263 264 56

264 265 79

265 266 66

266 267 35

267 268 64

268 269 71

269 270 75

270 271 83

271 272 79

272 273 11

273 274 46

274 275 67

275 276 87

276 277 38

277 278 86

278 279 42

279 280 61

280 281 94

281 282 84

282 283 28

283 284 39

284 285 54

285 286 2

286 287 57

287 288 85

288 289 70

289 290 41

290 291 13

291 292 30

292 293 46

293 294 99

294 295 99

295 296 51

296 297 78

297 298 71

298 299 13

299 0 48

55 18 94

181 278 29

193 263 17

131 230 16

181 51 75

144 222 48

34 200 51

287 288 82

184 291 3

47 181 22

228 141 93

131 121 85

117 293 21

136 260 36

243 23 96

264 263 39

178 169 51

160 167 85

54 158 40

197 10 87

115 224 12

286 206 36

176 213 34

0 147 63

71 113 28

214 33 1

147 32 74

294 37 80

242 240 43

11 44 68

116 135 48

217 81 95

161 290 72

109 242 85

57 145 93

74 187 62

45 134 76

30 37 72

148 75 35

145 265 55

271 160 52

237 261 98

23 102 97

285 278 13

241 277 6

71 94 78

272 35 54

76 194 51

243 112 67

287 134 14

17 75 11

179 138 50

184 72 69

206 81 34

104 167 56

2 71 36

292 212 73

118 276 49

136 212 19

266 70 32

193 57 89

123 84 33

112 292 44

124 237 78

47 85 24

148 73 80

29 137 40

273 185 13

84 49 34

122 79 89

102 107 55

144 183 47

103 267 31

95 223 73

39 177 21

226 50 14

140 57 57

25 69 89

259 275 20

108 32 7

2 123 35

136 283 29

9 85 11

139 215 89

33 294 84

145 273 3

138 146 4

61 140 5

172 195 42

156 77 13

248 189 5

273 120 74

289 248 93

136 199 82

222 178 60

281 224 11

125 273 80

64 153 92

75 168 63

190 27 26

115 98 96

286 253 94

155 283 28

249 17 35

228 24 22

240 243 75

170 247 54

278 173 99

18 69 14

154 236 90

243 195 89

121 183 75

29 198 64

224 132 95

104 260 99

58 250 65

157 77 28

199 16 88

110 29 92

94 148 88

243 82 2

207 253 12

57 18 94

242 293 56

276 265 57

55 164 3

164 219 31

194 259 52

23 244 100

31 59 55

290 213 57

40 189 73

232 219 5

208 99 84

186 294 71

49 37 1

264 174 50

235 71 63

39 235 59

167 290 89

180 233 97

151 163 46

225 116 8

200 203 53

122 36 21

10 158 38

243 134 53

184 236 38

215 264 77

22 255 100

23 142 64

73 36 1

197 111 91

267 188 19

127 274 47

13 262 8

200 44 53

118 100 54

280 22 34

187 6 83

217 109 17

193 143 6

230 178 41

23 38 42

149 85 53

64 275 90

133 164 33

236 269 36

23 234 97

234 245 32

237 2 66

112 33 30

107 120 30

48 90 12

202 270 64

216 207 13

9 211 74

145 166 49

279 253 28

175 73 38

26 133 16

255 189 25

27 165 58

102 141 50

212 17 49

8 214 18

38 64 47

5 32 75

243 56 54

95 128 7

24 170 34

180 101 55

267 182 91

203 16 29

226 60 95

190 84 50

15 161 98

111 213 45

79 15 7

50 14 56

171 237 90

29 77 52

48 281 50

108 194 73

146 9 54

40 223 14

138 171 55

107 76 31

83 62 17

238 133 15

213 179 12

203 62 11

81 102 96

114 209 31

142 285 9

172 85 32

9 97 62

263 228 42

61 13 76

155 56 59

169 30 11

71 14 29

82 261 91

26 260 40

54 235 64

11 244 43

233 126 3

196 235 48

20 141 14

141 207 88

161 160 32

220 137 94

142 161 45

215 56 12

213 150 8

46 202 1

113 192 14

218 210 95

127 51 84

26 207 88

92 68 77

125 88 55

22 91 46

237 65 27

54 259 19

7 251 15

262 288 59

145 262 63

160 107 5

48 215 67

172 134 3

18 164 48

247 160 52

47 51 33

295 266 54

192 167 89

291 37 87

176 124 73

293 177 59

269 172 86

20 173 74

283 244 35

207 8 52

184 272 96

141 58 53

142 49 61

269 125 53

82 126 39

200 165 79

225 287 18

132 7 33

134 298 20

127 109 27

270 120 59

26 262 68

152 39 45

288 254 63

80 138 62

163 200 12

55 280 88

152 180 33

63 172 59

53 221 38

152 6 55

212 231 75

101 218 8

150 6 65

206 174 19

250 278 66

122 81 8

70 286 96

8 182 37

47 157 59

129 233 85

280 288 15

108 155 8

221 123 32

233 182 1

174 285 82

187 11 73

233 221 47

76 77 70

180 237 33

235 12 10

28 206 5

115 230 29

22 203 77

70 142 46

281 235 37

71 153 42

144 65 31

97 52 91

114 185 37

103 2 68

97 40 55

288 114 73

155 237 5

223 282 23

40 8 43

240 297 53

195 280 12

22 16 69

112 293 33

110 92 87

203 79 8

74 152 56

64 232 19

210 11 43

9 82 33

16 212 42

236 8 8

77 136 88

255 53 26

47 164 22

145 277 24

174 41 7

193 138 41

69 19 21

148 169 15

23 115 29

142 146 63

188 12 27

195 69 83

34 229 80

196 202 56

248 3 81

113 256 91

273 8 38

55 111 59

109 276 12

5 156 76

163 209 84

125 270 95

44 180 80

79 178 47

137 148 84

250 218 95

77 101 33

53 187 5

90 294 50

297 17 9

235 77 95

241 221 64

125 88 19

52 57 1

235 115 80

291 213 21

83 288 99

217 42 95

241 296 89

204 236 74

158 34 70

250 76 1

3 145 36

82 102 27

105 193 77

27 41 45

151 144 22

222 169 8

194 199 19

44 56 67

127 129 28

144 39 100

239 231 91

234 153 10

225 93 33

208 92 60

95 289 60

71 293 37

37 271 58

86 79 95

168 176 62

202 213 33

63 143 28

175 73 83

249 268 12

6 245 92

82 169 1

202 6 61

190 223 14

115 187 2

118 52 30

125 246 18

266 35 46

287 167 100

153 199 9

54 268 50

134 190 84

15 178 2

17 224 1

62 64 28

281 36 8

211 287 1

153 254 81

3 78 78

189 27 84

78 146 52

93 285 65

36 58 47

160 181 8

128 273 42

281 221 40

287 16 71

118 173 37

71 47 83

194 230 67

152 23 41

81 115 5

297 62 78

260 287 97

273 190 59

175 249 66

276 236 20

74 137 32

90 18 28

133 220 25

59 70 80

277 146 3

81 232 48

147 108 44

19 229 51

271 15 18

178 88 43

297 65 32

238 171 64

167 116 49

224 164 72

195 85 97

49 7 93

126 291 23

56 248 71

20 31 28

103 136 86

85 165 90

239 31 6

15 233 88

261 92 77

143 124 50

129 240 71

118 257 20

231 297 20

40 163 5

85 81 50

183 170 36

125 84 91

235 198 21

291 120 68

135 127 15

8 63 56

55 97 22

9 109 49

96 15 92

180 52 91

228 291 22

226 134 88

195 216 81

73 72 84

220 131 65

187 273 9

275 15 14

68 133 72

264 66 46

42 11 28

255 73 38

222 91 18

187 73 84

276 172 37

280 167 1

273 260 76

225 73 32

35 36 56

247 184 66

105 216 59

6 189 43

242 59 30

196 147 97

283 168 10

281 241 11

53 223 68

249 180 82

201 216 84

66 33 61

42 200 84

178 36 90

14 173 89

240 254 12

263 149 87

267 115 40

139 202 67

73 56 83

10 78 49

95 225 33

285 46 92

251 41 34

7 179 20

47 227 44

173 46 8

47 178 58

101 29 79

141 25 45

51 276 29

136 80 44

282 89 79

161 141 66

211 88 94

254 94 33

198 157 95

152 261 74

158 72 99

184 228 57

181 108 34

209 6 29

220 23 49

75 51 92

45 166 6

275 181 58

257 55 42

150 27 100

41 256 74

164 11 46

185 85 58

289 117 17

25 255 38

151 112 75

190 250 23

26 122 30

213 242 45

209 231 80

97 132 17

294 202 17

125 103 93

280 125 65

134 76 94

116 67 4

288 14 53

138 52 85

274 116 50

55 31 10

137 35 67

227 173 42

230 199 87

96 118 6

188 45 69

171 232 43

218 267 78

119 207 65

72 46 47

282 126 85

285 177 94

30 147 19

197 94 77

101 240 52

62 107 60

14 112 64

139 83 67

95 241 29

34 277 12

152 16 98

235 279 8

164 248 8

75 190 11

220 285 84

135 226 96

105 131 71

79 131 2

215 34 70

88 230 19

113 259 83

228 279 28

173 235 100

42 49 24

62 77 70

56 229 5

279 35 55

240 241 22

131 255 1

177 268 92

224 289 41

17 116 28

148 132 42

86 164 5

211 143 83

246 73 77

38 100 11

42 89 59

99 69 92

251 24 16

222 130 34

58 104 8

196 296 2

65 170 53

227 145 83

201 5 96

161 30 69

78 111 11

111 177 12

239 219 88

44 204 63

249 52 14

28 196 73

225 174 28

69 136 77

133 109 22

255 260 96

80 52 83

171 278 3

73 256 55

152 80 40

44 62 87

239 81 46

186 193 8

224 125 69

192 130 90

10 91 2

268 55 33

143 55 65

70 256 11

215 65 13

257 14 5

111 25 3

245 153 82

138 5 90

269 263 16

243 145 84

37 287 96

123 151 61

275 253 67

54 137 38

7 202 75

218 249 20

88 96 7

253 68 4

181 63 70

153 230 3

275 233 10

103 152 43

63 186 56

202 269 14

240 179 28

236 232 98

154 43 51

73 152 63

102 176 85

108 212 63

179 159 2

242 65 44

292 235 86

135 61 61

57 112 30

116 106 34

217 32 25

111 81 83

272 178 69

35 85 75

297 217 92

236 155 6

149 234 57

7 149 57

156 168 48

129 51 57

8 154 20

101 5 18

172 11 8

2 172 45

62 125 84

121 124 31

165 93 44

291 181 82

114 171 76

44 25 70

26 280 8

118 52 14

147 167 7

68 150 36

17 34 35

201 260 49

220 15 84

237 167 55

85 63 21

203 20 68

4 16 45

275 74 75

105 263 82

3 239 61

270 17 7

15 61 23

31 208 36

98 165 17

47 13 88

254 78 8

12 275 80

50 190 75

170 103 11

224 174 34

140 212 48

9 235 95

293 14 93

246 226 97

287 245 94

56 123 21

138 46 39

209 277 38

89 26 94

188 51 90

254 198 100

276 11 12

62 133 1

266 6 42

7 276 70

132 250 24

232 255 10

213 248 14

260 72 45

99 23 76

27 264 23

190 200 99

9 135 89

25 241 37

88 3 64

98 219 82

286 125 32

218 134 94

83 224 67

235 180 24

244 16 28

118 12 68

200 149 27

200 269 100

227 221 72

243 207 83

46 269 49

179 248 43

92 100 9

92 28 28

271 57 69

252 248 20

186 118 8

160 172 5

16 111 27

93 30 98

123 113 51

66 216 99

24 151 21

180 178 41

124 216 11

283 247 69

13 103 60

69 99 14

76 145 21

215 167 50

272 98 99

136 269 45

77 14 70

240 158 28

260 256 71

0 164 90

89 298 63

221 94 11

44 277 34

141 258 85

20 140 92

198 219 57

267 78 12

158 176 79

152 107 61

243 228 61

43 245 62

11 181 84

99 86 86

208 204 82

292 185 36

160 270 52

190 73 94

168 12 66

227 261 94

239 77 67

173 8 23

68 205 34

284 208 97

128 74 2

286 105 90

162 190 7

73 132 13

110 185 83

262 123 63

253 237 89

118 220 41

249 118 13

14 142 90

88 285 66

243 253 35

159 165 1

266 38 52

266 77 92

180 238 97

13 213 20

196 145 22

199 114 31

102 106 44

76 283 6

48 254 49

66 48 88

262 110 53

213 288 48

62 18 23

134 203 62

277 157 97

78 88 66

236 232 56

132 205 29

194 203 40

30 240 86

82 97 37

240 192 65

13 259 7

223 256 18

297 224 15

295 31 68

157 116 80

179 19 94

286 283 98

85 73 23

162 246 35

150 260 88

258 33 80

36 294 54

266 76 17

163 102 71

90 280 27

242 254 74

20 84 30

216 143 70

28 143 81

88 263 85

185 273 75

243 79 60

190 277 53

191 138 56

44 53 39

260 202 58

196 1 55

71 149 97

38 29 11

121 157 19

56 184 40

36 233 80

239 92 4

19 54 92

2 281 86

246 95 60

88 96 66

283 250 75

102 7 86

284 104 81

151 265 6

260 281 50

282 272 37

261 193 79

186 168 66

248 264 39

191 51 78

213 54 39

39 101 12

228 29 100

259 240 3

95 63 59

137 255 88

235 275 83

37 252 57

295 206 71

129 190 10

246 63 11

159 283 13

144 41 22

172 119 66

55 83 52

4 94 50

12 275 4

184 39 59

37 106 95

57 275 44

202 126 65

37 258 57

59 205 23

10 147 34

82 249 69

265 159 35

119 156 75

246 61 88

49 175 81

8 208 48

194 256 38

37 154 61

151 111 61

18 142 66

172 194 95

121 112 80

104 78 7

40 97 86

245 199 51

168 239 40

171 51 85

39 271 67

33 291 35

66 248 90

69 120 80

158 38 3

119 65 78

152 119 54

241 207 14

23 123 85

178 78 75

51 210 44

115 214 35

226 221 70

242 183 51

195 193 20

189 186 4

198 174 47

207 294 17

119 83 27

155 215 80

67 18 78

284 72 23

256 106 13

276 95 43

76 53 19

158 226 34

168 158 43

211 298 72

116 75 34

238 271 67

164 79 11

102 100 45

160 5 77

281 15 97

239 158 35

76 115 78

273 74 27

269 279 25

135 212 52

129 26 66

283 30 49

154 143 80

113 226 82

76 170 68

19 128 13

148 16 53

22 272 81

246 73 86

298 119 94

61 221 74

102 240 68

22 283 40

86 174 12

247 277 99

140 240 54

210 192 29

197 183 12

68 261 29

204 179 75

99 213 54

129 225 69

76 30 83

246 294 52

162 125 56

235 87 50

295 170 88

48 3 41

109 195 58

256 53 34

240 148 85

254 50 86

39 120 66

226 285 33

243 281 1

100 143 84

227 149 71

147 95 91

6 183 74

38 125 83

12 2 45

129 2 8

239 202 70

52 110 69

56 166 32

295 243 93

123 119 74

108 135 88

277 138 53

58 277 94

70 94 21

119 227 10

192 235 17

15 76 78

37 263 56

244 160 64

129 194 16

248 155 37

234 46 94

218 206 44

19 240 8

156 219 46

53 205 73

104 207 30

3 209 12

294 271 59

45 118 23

46 47 52

143 245 100

257 128 74

94 39 14

268 129 60

162 38 29

75 198 49

252 31 62

224 199 34

262 54 71

129 253 57

81 201 1

250 193 36

136 137 95

12 122 60

130 0 61

196 224 64

132 294 28

120 260 57

111 104 21

59 36 66

248 46 44

4 111 36

264 71 84

182 163 70

52 296 20

284 91 21

112 94 72

155 222 71

29 33 79

67 134 57

159 294 24

168 129 21

149 101 42

69 156 32

214 145 95

26 147 93

1 14 6

0 224 73

234 37 10

46 185 97

33 106 29

192 151 37

199 52 60

55 105 74

213 250 36

43 297 69

222 79 64

39 232 14

71 134 15

266 227 62

129 217 13

87 163 45

56 274 23

208 105 79

267 149 15

271 146 30

1 44 87

160 46 71

53 20 25

0 153 38

284 258 55

225 282 59

227 87 21

37 7 10

47 35 28

69 156 6

159 263 98

62 262 36

16 55 71

275 295 91

138 151 45

112 96 88

189 61 6

9 40 21

104 197 83

45 36 48

29 294 93

163 76 43

182 40 97

243 118 80

242 159 49

157 135 51

48 194 7

85 151 75

198 263 73

6 199 99

48 186 32

54 206 99

278 96 38

159 187 54

230 122 14

64 130 85

195 183 6

175 177 45

59 43 34

146 258 71

168 188 4

58 114 65

97 88 95

203 151 17

76 216 83

147 284 17

226 205 17

63 269 1

91 128 1

85 265 87

278 29 55

124 79 68

194 218 22

260 63 10

124 36 85

83 131 97

99 156 47

181 204 74

233 254 68

12 132 35

14 52 65

102 193 17

240 31 96

129 106 71

127 231 73

168 282 78

202 11 8

50 234 57

165 254 67

293 10 30

178 175 78

252 54 10

285 30 20

64 278 23

138 19 60

167 156 55

261 181 84

41 190 28

86 208 78

95 115 76

200 262 14

142 286 41

290 57 83

173 87 29

71 114 34

164 84 31

181 268 42

30 110 81

48 189 69

203 3 33

274 11 67

250 112 90

168 137 25

61 97 54

154 169 79

259 175 58

152 126 91

91 269 75

200 121 85

230 41 80

141 99 7

199 128 60

150 158 25

170 135 89

270 204 78

128 253 67

213 68 41

233 277 51

255 98 61

242 110 80

54 170 84

145 117 19

277 39 76

118 124 23

152 145 22

171 263 7

68 209 48

143 163 80

80 178 98

58 276 89

196 1 21

32 17 49

165 17 64

167 234 49

213 241 86

298 54 31

179 260 29

64 173 85

295 250 26

172 188 41

152 274 73

100 156 4

52 6 89

80 45 84

9 173 2

163 104 27

72 17 26

150 281 72

231 123 2

263 181 91

247 4 42

285 251 47

11 29 4

197 111 27

174 247 23

53 247 54

298 290 83

119 267 51

202 109 16

69 170 43

66 88 58

92 229 98

231 224 44

113 1 34

283 93 56

184 277 59

47 212 50

168 291 33

24 193 43

294 269 15

130 202 2

182 221 7

136 291 36

284 4 20

177 75 8

85 291 7

50 42 85

277 183 2

79 32 23

246 141 49

84 294 6

2 255 91

108 253 72

294 57 64

12 180 9

125 210 77

149 191 17

168 98 94

119 153 83

250 144 69

77 251 2

39 30 68

158 178 38

84 134 91

163 131 75

165 16 60

152 179 67

156 33 48

265 143 23

8 191 84

86 251 18

186 277 53

221 233 87

245 252 40

142 89 50

7 240 69

276 234 53

243 235 98

9 7 32

103 184 78

294 212 42

217 84 97

2 5 59

165 263 86

179 274 53

2 73 86

153 229 38

93 8 94

141 289 75

206 11 48

0 161 15

92 182 13

6 42 69

39 104 84

296 229 38

196 26 75

195 213 45

230 90 82

200 278 8

270 58 76

3 51 96

84 94 87

83 249 56

160 66 26

265 106 11

102 248 15

146 288 96

217 178 56

224 229 5

275 191 6

171 128 50

198 176 49

206 61 74

225 105 26

297 14 41

76 251 17

135 185 84

224 173 90

125 158 11

226 257 44

61 253 39

237 281 93

5 34 86

18 215 96

133 293 46

248 251 57

108 129 74

226 57 4

21 97 71

48 96 89

169 14 20

92 12 33

295 95 69

70 184 28

72 83 15

283 69 50

0 93 66

183 136 28

269 192 93

68 251 78

145 11 54

13 271 15

96 180 10

285 217 35

273 182 79

186 73 46

82 271 87

85 174 43

131 113 25

224 8 24

121 227 92

237 220 17

203 58 99

64 210 35

202 77 28

266 202 42

192 56 97

247 205 76

118 197 96

165 86 62

228 170 12

204 231 63

223 24 45

264 159 2

126 273 3

61 20 71

17 276 49

245 184 46

119 71 26

139 50 24

219 160 90

234 107 39

77 129 24

189 130 83

41 274 26

82 215 13

150 202 54

179 244 1

103 220 22

118 296 11

188 94 51

3 57 7

125 2 22

138 221 67

73 142 68

28 247 42

148 55 43

95 127 32

224 191 36

109 171 93

295 32 76

117 115 9

254 45 32

0 103 48

284 198 9

247 279 66

185 192 17

144 248 49

215 178 15

153 177 47

78 182 17

286 91 96

121 274 68

236 83 6

262 85 26

7 107 26

273 220 23

117 220 96

62 108 59

240 241 22

246 297 91

122 43 16

281 101 23

157 295 80

261 293 79

186 239 7

139 110 35

38 191 88

142 147 58

25 174 23

66 132 6

252 182 63

166 237 72

150 100 79

112 205 78

183 155 32

247 222 91

1 75 26

159 143 82

77 105 89

151 56 76

169 113 66

296 45 45

157 192 67

65 168 14

264 49 56

64 240 50

12 176 25

223 197 56

42 49 21

275 257 85

18 129 60

66 92 36

245 252 7

76 218 33

32 154 51

235 292 49

1 15 9

152 163 91

288 200 38

196 241 5

80 275 27

48 125 94

49 67 80

158 15 19

184 296 63

212 218 63

88 197 46

107 285 58

278 235 23

144 78 70

291 289 47

184 48 56

115 242 96

29 19 83

135 227 30

72 16 65

220 65 86

177 247 91

63 233 28

194 233 60

62 147 20

98 111 81

4 52 23

147 115 48

298 188 36

178 234 47

12 150 23

202 165 95

224 26 12

183 189 23

167 289 55

121 256 83

160 105 78

119 84 77

153 47 100

160 66 26

256 291 14

3 160 24

111 4 98

5 154 74

213 57 81

92 278 26

237 195 77

250 262 70

