113
146
142
160
118
142
113
166
181
113
135
162
155
169
104
135
104
115
134
116
176
135
126
118
191
120
134
138
105
187
166
186
101
180
138
146
124
130
104
158
139
192
117
135
184
128
161
145
145
120
109
175
189
182
181
145
189
174
181
125
136
175
182
135
112
188
151
141
189
189
196
194
135
158
127
184
179
194
149
137
158
124
181
134
146
108
167
149
112
125
155
118
162
183
126
164
197
121
200
129
