50428
51075
51538
59728
53293
58871
55299
52470
59064
59132
53432
52163
57057
55393
53585
54204
50333
53534
57574
58116
56740
50086
55440
56135
58530
53588
59018
58343
58550
52276
52961
54451
59055
58834
57346
59784
56067
50277
52251
59845
52447
54217
58513
52716
52714
50366
59343
50695
57449
52535
50990
58411
57571
57058
57331
58345
59049
50603
53454
55293
57836
54939
53702
53978
51083
59045
59185
56587
52501
55209
52707
56213
55084
52655
56650
51984
59776
54316
57469
58628
56911
53504
58151
51642
56024
50592
56977
54129
58495
50587
59664
54587
53958
57749
51487
58432
54644
56434
54099
54229
