160
185
128
123
131
105
185
115
185
157
192
200
172
167
133
191
180
146
126
143
198
150
173
143
168
175
180
165
130
134
175
126
166
180
190
175
109
150
185
150
159
187
164
142
180
198
101
115
149
118
158
198
190
108
153
174
169
147
109
137
103
124
192
105
151
189
103
123
172
127
145
172
166
136
178
198
123
178
114
178
154
163
109
119
157
198
181
147
193
175
162
116
163
169
118
159
168
105
105
129
137
160
168
140
131
153
193
160
101
113
108
119
165
142
113
170
162
166
120
151
178
149
180
134
193
114
173
109
115
176
136
185
195
152
111
188
152
162
186
194
153
127
175
186
172
200
189
164
162
127
108
197
120
158
118
141
147
153
147
119
165
191
143
140
127
169
154
185
167
192
124
157
172
105
143
109
127
147
154
146
188
161
154
122
135
132
135
141
114
192
200
122
171
113
197
122
140
119
165
191
