53718
51011
57948
57212
51986
50983
50989
58310
50686
59029
50008
59392
59629
57314
52004
57480
55108
58519
55250
50081
57128
59405
57860
52898
57071
53607
58800
59376
52781
56708
59622
52945
51037
57507
56478
53480
50663
58985
57422
51855
56460
55475
57023
54694
56914
51392
59299
57860
54771
58989
58440
53383
59766
57889
56203
54616
52137
50695
57941
52408
52104
54394
50067
55617
51789
58830
58461
52125
51094
52452
51668
59118
50331
56385
52125
50991
54398
50565
55002
55838
55727
56592
52251
52858
50294
55613
51647
50630
58906
59953
59884
51516
58562
55822
59760
56722
57926
52413
55130
54431
59586
56072
51147
57660
56939
59650
56622
53297
59510
50519
58699
51784
53754
59523
54204
57883
54671
53961
54488
55811
51582
58280
53755
55696
56126
58444
57149
50996
56451
53541
55752
57576
53388
58079
59912
55637
53355
51843
58819
59063
59382
52129
50149
55883
55446
58646
52432
54614
55522
50058
53508
58956
50195
51035
52523
52314
58057
53564
55580
50726
57006
51619
58121
54181
57119
59373
57919
57034
55783
54079
51772
52557
59514
58145
59338
59332
54803
50269
54354
50119
53096
55806
56718
50558
53413
52740
57353
56011
54167
58705
59546
50960
53259
52154
50146
52117
57134
54815
57329
50263
54212
54423
57052
51825
57825
56230
51977
53600
57698
59324
50900
53403
59906
50001
54405
58372
56948
50788
56792
59452
56253
59479
51485
57250
54939
55446
55003
55209
55399
55087
57036
55141
52206
51569
59778
52518
52489
55489
51954
52259
50771
54944
50490
55426
57244
52872
51313
57173
53305
52712
57129
53723
50264
52967
56624
58798
57577
56708
55310
54453
55315
52038
53896
55793
55704
51600
52847
53385
52820
50806
57000
52599
55651
57033
57046
54810
50974
56503
53555
54883
59866
58008
52635
51819
59512
55608
52804
51750
57143
59537
55350
59891
52391
52593
51778
56742
56806
53033
58328
50805
57570
50827
51827
53828
50185
53595
59309
50733
53185
54555
57290
55485
52365
52377
58359
53955
52664
54599
52899
55575
58798
53824
56945
59034
54387
50836
54767
51312
53189
53793
53360
58317
54599
59418
51268
59377
58357
50528
55631
57112
55558
58219
55442
54499
56125
54827
53058
50995
52529
58669
53412
51233
54334
57281
57048
54878
51134
55074
50464
58866
56478
57381
57383
51821
55456
52670
56561
56667
59741
57255
53328
51368
56057
51988
53647
55902
53043
55528
55463
53056
54404
50807
51926
55183
56887
52697
57689
58367
50922
52143
59379
57841
56628
54451
55391
53199
50743
54677
55523
59877
