155
171
129
151
190
190
112
120
105
144
103
146
165
128
168
159
102
156
126
141
128
170
144
115
155
178
130
122
139
194
198
167
191
185
138
109
165
156
136
122
141
147
127
129
146
186
159
128
128
145
120
120
151
108
148
136
171
175
169
169
137
167
134
157
132
144
106
124
198
123
169
165
173
147
160
106
107
120
115
110
113
155
118
196
168
154
171
126
193
184
173
148
185
175
166
192
164
136
155
119
119
173
179
198
185
154
109
149
193
179
148
145
122
117
107
190
164
114
141
104
121
173
165
148
127
165
196
143
107
105
108
196
154
184
117
126
169
190
134
106
187
129
174
115
170
184
173
136
173
114
131
142
188
115
188
180
198
137
120
124
183
197
170
148
128
184
188
109
121
184
185
131
128
143
154
109
184
154
178
123
197
175
134
195
170
184
104
105
175
130
152
115
198
150
183
107
148
106
189
145
106
107
154
107
118
144
150
158
162
137
162
115
127
180
115
122
124
148
100
103
146
116
168
180
158
170
139
104
144
137
160
113
122
182
126
141
194
127
114
170
157
161
104
142
100
124
171
106
129
199
198
148
174
163
147
186
117
183
104
187
168
145
167
146
178
111
151
188
193
122
125
191
134
105
172
141
174
148
150
142
129
190
167
179
190
125
192
187
151
157
111
176
117
153
112
107
161
149
168
179
199
108
163
158
165
154
156
187
145
154
169
109
143
110
113
100
121
121
152
157
183
149
190
139
175
155
163
127
194
177
114
154
200
104
130
174
103
175
157
173
155
194
134
158
105
155
142
199
195
113
104
112
119
173
154
154
146
100
139
200
182
157
119
192
142
162
120
133
134
139
102
166
117
160
162
170
129
129
176
139
115
191
101
189
129
138
198
144
172
141
192
172
148
108
136
149
128
153
121
149
153
168
175
173
142
146
188
136
174
200
193
155
130
162
169
153
134
145
108
129
114
167
196
115
102
174
135
151
106
117
170
161
186
197
136
162
145
151
139
198
162
114
170
197
190
156
101
181
194
174
143
138
175
110
179
150
107
183
139
110
117
186
117
179
181
108
143
179
149
187
138
163
121
185
184
157
132
135
160
112
151
129
134
132
184
117
123
116
101
142
185
191
149
142
187
153
155
165
108
184
