50707
58400
51213
55693
54371
50187
50406
52479
50935
56948
51453
54532
52155
53539
54926
59133
57659
59737
54024
55528
53063
55866
52749
54546
57577
58176
52576
58931
57184
50206
51427
53253
58090
53990
54247
54137
57872
57136
50231
53157
55628
57482
56096
52033
56536
56627
58711
58113
53741
50752
57606
50637
58411
56927
54459
53623
55161
54573
58084
53163
58438
54893
55401
58262
55216
51426
53022
58071
53195
50212
54824
50260
55056
59181
52069
59258
52773
51760
59904
56927
57522
51162
50860
56656
53296
53616
55261
54247
58198
55713
58812
58006
53499
57728
58965
57858
52834
58819
55454
58281
52337
52028
59584
57662
51882
54694
55025
51723
52984
52688
58869
55033
55722
53424
56097
51206
50389
60000
52679
52572
52766
52517
58978
58353
51463
59955
53557
55471
54918
51296
58601
52184
58244
59983
59913
51576
54707
57075
53400
56968
57484
58171
58478
50815
53077
55610
59199
50948
54059
55385
56496
53099
58414
54967
57038
56789
56234
59979
51596
58196
53025
51059
52863
57136
52384
56977
50255
59285
53631
58001
57196
56025
52314
54436
56431
57824
57938
53809
54079
51056
54390
58543
59695
57202
54101
51391
50220
52223
53567
57828
54494
54769
55163
53685
52624
58029
59008
53611
58841
53061
52837
52129
54203
51258
59930
54335
56167
59791
52933
54543
53981
57886
56175
55915
51246
50309
52321
50127
52746
59420
52767
50757
52743
59861
54226
57302
56152
51807
57439
53655
57768
57934
56343
57607
56381
56552
50004
55315
51785
57692
50250
50658
53262
55839
51005
55019
58010
50703
58389
56903
51241
55336
58445
56174
59946
53342
58443
54063
58567
57964
51057
57154
58299
56348
53403
51913
55664
50270
50529
58163
58233
50230
51869
56743
59084
57159
57891
50885
54315
59144
57642
52056
52318
58965
57431
54182
59750
59731
50567
55399
58633
55925
58971
55483
58423
56330
57912
50435
52725
56289
55969
59829
56169
55711
57100
53214
54156
55711
51790
56993
54498
54124
59668
50540
57225
56280
54086
51646
53638
52570
56074
59561
58825
56255
56705
58972
56818
54911
57498
52398
50098
50830
55052
54929
56386
55749
50747
53963
53863
53386
55269
55329
55386
57181
54096
56008
50356
54136
59145
58915
58556
53282
50862
53427
50060
50509
59555
57819
55398
59978
58888
50828
52206
58511
58841
54812
52272
57678
50608
51691
53028
50371
59984
56357
54253
54266
55235
57400
58270
54436
54893
52880
50276
51029
54609
53773
56181
58889
57029
50440
51560
51216
57121
53751
55638
59307
57634
54711
50441
55124
56662
50887
52557
51543
55454
59575
55511
57133
57606
53167
50736
55289
51332
50896
51766
55966
55542
56760
56990
57618
52487
54466
50973
59239
50397
58888
51549
50944
59493
52692
53140
53265
53228
59596
55564
53594
51441
56173
55459
55014
59542
57144
51706
56612
55788
52843
58428
54486
58660
54830
51636
52966
56358
52217
57924
51255
56315
56816
56465
50970
53115
50603
58591
56647
50327
59383
52976
59860
50572
56019
54518
57638
58487
52692
59609
58087
52481
59095
55171
55206
57348
58824
56448
51024
57163
54559
53969
53238
54750
58670
59419
52824
58448
54925
52690
52544
56442
54053
58337
54354
