0	1	90
1	2	52
2	3	76
3	4	27
4	5	19
5	6	90
6	7	40
7	8	72
8	9	52
9	10	21
10	11	43
11	12	20
12	13	59
13	14	99
14	15	16
15	16	52
16	17	72
17	18	9
18	19	45
19	20	64
20	21	75
21	22	2
22	23	48
23	24	46
24	25	19
25	26	33
26	27	80
27	28	95
28	29	98
29	30	77
30	31	82
31	32	98
32	33	4
33	34	100
34	35	17
35	36	84
36	37	36
37	38	26
38	39	10
39	40	17
40	41	88
41	42	12
42	43	41
43	44	93
44	45	4
45	46	41
46	47	49
47	48	6
48	49	17
49	50	77
50	51	2
51	52	88
52	53	92
53	54	61
54	55	28
55	56	2
56	57	63
57	58	58
58	59	92
59	60	47
60	61	45
61	62	67
62	63	7
63	64	87
64	65	15
65	66	14
66	67	46
67	68	54
68	69	79
69	70	100
70	71	38
71	72	15
72	73	45
73	74	8
74	75	64
75	76	73
76	77	18
77	78	17
78	79	30
79	80	93
80	81	81
81	82	82
82	83	47
83	84	29
84	85	61
85	86	57
86	87	23
87	88	24
88	89	69
89	90	44
90	91	33
91	92	53
92	93	26
93	94	65
94	95	5
95	96	85
96	97	28
97	98	81
98	99	9
99	100	5
100	101	10
101	102	44
102	103	41
103	104	38
104	105	89
105	106	62
106	107	5
107	108	84
108	109	31
109	110	97
110	111	84
111	112	45
112	113	26
113	114	75
114	115	83
115	116	40
116	117	67
117	118	68
118	119	23
119	120	45
120	121	31
121	122	91
122	123	10
123	124	10
124	125	24
125	126	96
126	127	25
127	128	76
128	129	98
129	130	39
130	131	82
131	132	44
132	133	77
133	134	2
134	135	84
135	136	23
136	137	4
137	138	47
138	139	52
139	140	2
140	141	41
141	142	10
142	143	57
143	144	63
144	145	14
145	146	73
146	147	35
147	148	6
148	149	79
149	150	83
150	151	10
151	152	24
152	153	4
153	154	73
154	155	22
155	156	9
156	157	78
157	158	17
158	159	21
159	160	75
160	161	66
161	162	91
162	163	66
163	164	60
164	165	40
165	166	89
166	167	35
167	168	72
168	169	1
169	170	88
170	171	97
171	172	36
172	173	13
173	174	81
174	175	32
175	176	54
176	177	79
177	178	23
178	179	50
179	180	80
180	181	13
181	182	54
182	183	10
183	184	70
184	185	33
185	186	82
186	187	59
187	188	80
188	189	99
189	190	13
190	191	27
191	192	72
192	193	15
193	194	65
194	195	50
195	196	3
196	197	14
197	198	73
198	199	55
199	200	49
200	201	10
201	202	69
202	203	54
203	204	79
204	205	45
205	206	35
206	207	21
207	208	26
208	209	32
209	210	100
210	211	73
211	212	53
212	213	99
213	214	54
214	215	88
215	216	66
216	217	53
217	218	59
218	219	6
219	220	2
220	221	30
221	222	55
222	223	38
223	224	20
224	225	67
225	226	14
226	227	49
227	228	91
228	229	20
229	230	70
230	231	47
231	232	76
232	233	50
233	234	35
234	235	16
235	236	35
236	237	82
237	238	61
238	239	65
239	240	29
240	241	94
241	242	54
242	243	91
243	244	43
244	245	62
245	246	60
246	247	83
247	248	90
248	249	81
249	250	16
250	251	76
251	252	97
252	253	65
253	254	25
254	255	70
255	256	81
256	257	16
257	258	45
258	259	5
259	260	36
260	261	34
261	262	51
262	263	37
263	264	38
264	265	83
265	266	80
266	267	9
267	268	28
268	269	95
269	270	44
270	271	29
271	272	53
272	273	70
273	274	90
274	275	46
275	276	11
276	277	1
277	278	35
278	279	95
279	280	49
280	281	90
281	282	39
282	283	63
283	284	1
284	285	38
285	286	100
286	287	32
287	288	24
288	289	82
289	290	2
290	291	63
291	292	5
292	293	55
293	294	67
294	295	11
295	296	82
296	297	54
297	298	27
298	299	89
299	300	83
300	301	15
301	302	60
302	303	86
303	304	72
304	305	49
305	306	82
306	307	27
307	308	13
308	309	87
309	310	39
310	311	16
311	312	99
312	313	56
313	314	95
314	315	12
315	316	8
316	317	53
317	318	9
318	319	86
319	320	68
320	321	8
321	322	75
322	323	16
323	324	99
324	325	77
325	326	80
326	327	88
327	328	23
328	329	13
329	330	94
330	331	41
331	332	83
332	333	22
333	334	33
334	335	98
335	336	42
336	337	40
337	338	40
338	339	16
339	340	66
340	341	58
341	342	41
342	343	3
343	344	81
344	345	2
345	346	11
346	347	11
347	348	91
348	349	85
349	350	43
350	351	96
351	352	84
352	353	88
353	354	55
354	355	24
355	356	67
356	357	65
357	358	17
358	359	47
359	360	51
360	361	12
361	362	54
362	363	11
363	364	9
364	365	2
365	366	58
366	367	1
367	368	51
368	369	38
369	370	100
370	371	22
371	372	49
372	373	31
373	374	59
374	375	2
375	376	48
376	377	15
377	378	56
378	379	1
379	380	5
380	381	30
381	382	38
382	383	85
383	384	45
384	385	24
385	386	26
386	387	95
387	388	38
388	389	43
389	390	36
390	391	93
391	392	34
392	393	100
393	394	79
394	395	51
395	396	46
396	397	44
397	398	89
398	399	70
399	400	24
400	401	27
401	402	67
402	403	72
403	404	27
404	405	15
405	406	98
406	407	8
407	408	1
408	409	48
409	410	2
410	411	15
411	412	56
412	413	19
413	414	19
414	415	79
415	416	27
416	417	19
417	418	97
418	419	47
419	420	91
420	421	90
421	422	98
422	423	71
423	424	28
424	425	86
425	426	72
426	427	86
427	428	77
428	429	15
429	430	87
430	431	93
431	432	68
432	433	14
433	434	87
434	435	80
435	436	1
436	437	36
437	438	18
438	439	84
439	440	23
440	441	7
441	442	84
442	443	24
443	444	58
444	445	88
445	446	5
446	447	49
447	448	65
448	449	1
449	450	70
450	451	28
451	452	37
452	453	40
453	454	68
454	455	26
455	456	89
456	457	92
457	458	96
458	459	5
459	460	43
460	461	79
461	462	39
462	463	36
463	464	83
464	465	92
465	466	63
466	467	85
467	468	89
468	469	69
469	470	4
470	471	11
471	472	10
472	473	19
473	474	36
474	475	11
475	476	59
476	477	2
477	478	83
478	479	43
479	480	52
480	481	82
481	482	55
482	483	18
483	484	41
484	485	96
485	486	15
486	487	4
487	488	84
488	489	92
489	490	85
490	491	66
491	492	90
492	493	77
493	494	31
494	495	94
495	496	16
496	497	43
497	498	12
498	499	53
499	0	28
375	266	92
88	415	30
346	219	41
207	127	4
246	61	95
303	223	35
26	19	22
221	131	82
343	486	58
333	338	53
293	33	53
428	0	93
23	477	13
113	231	76
0	313	89
218	361	22
420	426	79
387	429	46
457	0	29
115	260	50
258	203	36
115	427	52
359	77	12
151	42	82
81	227	32
283	181	19
33	22	57
177	296	91
199	7	85
58	481	17
450	5	62
206	431	67
65	340	42
224	262	99
170	95	67
31	326	14
376	196	76
378	458	27
274	492	54
205	165	18
480	215	8
222	388	37
390	153	96
302	135	60
419	104	52
305	237	2
205	99	52
229	132	33
269	244	78
273	298	64
418	393	2
140	8	3
272	377	98
251	469	25
284	9	31
267	498	45
79	82	100
204	157	61
481	389	1
183	101	23
451	441	30
71	315	17
306	311	19
324	405	66
286	485	45
150	175	54
76	407	69
15	441	83
437	352	100
132	241	68
377	18	87
448	288	83
497	498	95
465	490	94
73	52	15
219	43	62
447	177	63
21	159	60
291	42	21
245	440	30
215	431	5
301	484	24
138	161	36
55	240	15
412	3	2
167	391	61
171	126	49
77	457	79
39	399	61
68	55	19
404	155	44
172	247	42
295	210	56
175	20	77
137	73	19
403	24	38
263	442	86
64	126	48
82	488	81
346	176	42
31	235	65
260	35	100
439	54	61
478	137	93
47	188	8
125	182	30
275	261	52
213	299	32
359	214	9
287	399	17
480	274	40
464	315	97
441	380	39
371	430	29
167	92	40
163	192	41
60	120	34
152	119	57
434	301	41
439	78	98
498	187	13
328	390	78
393	433	43
203	39	12
224	283	17
8	220	46
269	478	58
258	94	71
429	182	76
17	143	41
490	145	81
388	404	5
70	33	4
128	174	42
413	42	83
215	232	41
321	87	65
453	236	67
71	337	64
193	20	52
34	109	87
165	203	83
14	250	75
120	0	85
328	3	71
446	377	55
64	296	26
108	259	69
397	454	34
440	188	49
285	188	30
483	300	39
385	151	45
40	385	9
265	85	93
170	404	54
36	54	37
473	424	5
308	227	64
297	331	75
30	424	7
10	137	42
219	365	13
131	6	41
43	41	92
13	344	82
289	60	29
121	25	66
184	442	84
449	237	94
39	375	42
49	191	52
424	6	29
488	39	68
276	234	44
68	412	12
427	256	52
120	1	26
120	74	78
200	159	59
359	107	64
485	343	60
127	116	99
185	31	9
137	315	27
0	456	72
449	7	23
411	193	40
87	404	93
144	134	3
108	369	63
177	93	94
204	418	45
274	89	62
173	108	69
147	103	28
386	165	12
182	35	17
447	188	20
477	484	35
31	447	39
345	261	88
430	337	30
18	187	47
358	310	12
167	201	37
356	247	58
254	399	37
405	427	76
368	391	11
127	359	78
250	10	67
173	126	17
70	94	80
118	166	75
92	379	56
45	153	80
340	326	4
181	249	76
78	138	21
383	409	3
219	190	88
152	103	56
328	397	78
48	482	49
259	82	2
152	145	95
56	230	5
451	319	75
274	460	42
176	66	61
298	223	42
364	248	94
42	148	10
123	205	30
307	427	17
185	331	79
59	139	79
5	452	93
66	278	87
464	173	94
15	392	43
180	233	66
414	325	70
2	460	100
227	265	16
392	454	82
177	424	46
327	219	28
66	222	82
458	451	100
263	480	1
44	164	24
65	337	47
350	0	22
384	237	28
140	297	32
305	184	67
304	494	63
498	400	7
73	188	2
13	480	93
349	140	59
368	160	19
115	456	27
495	387	85
353	450	10
477	221	16
285	53	61
423	15	61
14	485	73
61	163	58
239	319	60
371	281	80
23	4	55
49	412	64
194	308	68
486	13	80
451	106	65
321	23	57
429	301	36
25	185	64
312	100	17
386	263	46
93	254	55
318	22	40
247	185	45
469	179	97
64	456	45
19	192	4
113	404	75
119	97	89
247	389	59
235	469	43
279	114	8
428	226	64
170	179	30
44	94	50
254	326	5
75	254	30
419	44	15
430	483	92
10	231	86
88	90	73
176	415	11
89	312	72
432	361	83
65	200	66
132	326	11
440	319	38
211	424	86
432	161	87
47	65	29
345	473	97
353	104	7
332	282	33
125	351	53
66	408	41
150	469	53
392	250	57
388	280	99
339	212	67
424	421	16
48	169	45
400	11	60
241	183	45
214	91	36
477	103	79
142	44	97
177	94	86
168	481	11
36	259	67
434	0	61
250	209	92
160	47	1
288	420	7
380	54	81
196	105	73
137	100	18
298	464	92
180	244	7
126	468	2
223	255	86
197	337	76
376	220	96
297	75	18
106	191	68
359	206	35
305	447	50
87	136	79
163	409	84
202	121	31
135	382	20
303	107	13
15	20	54
404	157	7
270	27	10
466	92	32
23	407	40
219	11	23
356	242	91
261	110	23
258	388	79
334	335	96
324	408	34
212	91	56
294	429	28
468	45	79
446	437	46
335	381	67
282	411	99
385	484	37
238	346	30
233	493	82
50	45	20
464	490	43
97	186	72
114	313	16
143	126	82
248	361	51
227	220	83
172	283	77
144	330	67
142	65	90
218	496	39
1	281	17
193	310	86
296	15	41
379	110	26
472	194	62
24	171	72
136	21	84
68	74	96
195	44	19
404	98	100
399	441	11
137	366	40
26	234	20
433	131	79
374	361	98
263	211	3
194	66	28
428	251	35
142	98	30
393	344	15
129	102	85
315	100	67
263	465	35
73	266	8
247	63	81
494	250	80
225	173	71
129	23	27
12	75	1
67	282	29
481	224	12
365	64	6
232	330	18
451	308	24
332	254	28
116	308	100
255	305	23
490	484	11
198	423	56
404	3	52
24	368	22
387	314	88
284	47	45
232	7	22
85	138	36
247	210	60
335	59	88
290	52	79
131	220	3
90	268	34
459	178	92
175	130	77
208	78	64
407	37	97
446	17	92
285	334	21
84	62	24
357	336	87
134	281	81
447	23	45
153	307	100
304	444	19
224	146	6
9	67	46
356	36	94
145	284	30
142	7	34
411	124	28
379	319	82
315	370	95
201	121	39
38	220	70
491	110	2
366	282	55
88	450	19
401	79	32
330	108	36
408	42	81
291	178	64
322	11	77
0	347	21
314	465	40
29	366	83
408	0	11
161	107	71
423	132	97
350	114	99
27	132	18
325	372	19
268	402	74
312	27	48
460	160	6
6	280	65
483	242	43
124	2	32
136	211	67
204	286	44
173	493	82
493	365	6
458	483	86
458	447	69
391	139	50
66	249	16
213	172	9
447	323	29
8	438	31
263	154	65
147	49	39
402	45	76
264	424	43
462	375	44
122	260	33
36	152	61
14	109	21
182	424	39
222	342	85
403	335	70
128	136	73
209	16	23
435	290	81
161	288	100
38	160	11
319	475	85
44	411	9
298	165	59
343	319	20
314	471	50
405	301	94
373	409	91
62	411	78
409	269	88
450	121	56
483	175	71
460	282	68
242	214	41
344	426	54
398	194	42
287	61	99
53	416	76
429	384	19
97	388	17
173	494	78
12	110	23
258	117	42
455	329	12
414	72	39
118	71	83
347	333	14
0	94	96
349	81	31
491	372	66
323	307	78
291	217	79
69	235	2
383	215	88
479	246	54
31	122	21
488	125	43
156	373	92
127	454	68
358	273	61
243	291	95
225	88	61
195	296	37
394	260	46
355	82	26
176	253	97
437	408	56
114	199	18
62	286	1
153	246	67
270	127	6
186	339	7
59	14	23
199	103	22
252	60	71
214	164	18
197	353	46
398	176	91
79	165	69
94	310	12
351	57	35
413	349	88
334	403	24
69	379	95
350	13	88
383	249	35
132	128	32
97	29	63
92	71	63
67	474	4
46	198	87
154	262	39
344	241	46
403	335	17
340	209	42
101	387	56
419	247	60
493	183	1
371	256	16
275	65	98
94	74	87
141	391	65
238	134	45
397	449	68
493	108	48
403	225	85
275	97	9
52	142	28
465	293	17
214	24	87
400	362	35
67	299	34
391	295	63
206	232	83
216	103	62
299	384	93
398	387	81
422	114	59
317	118	73
495	445	97
168	305	40
435	107	97
27	202	96
185	246	85
19	389	93
24	406	39
76	93	86
68	309	42
463	450	8
14	302	25
182	113	60
90	247	39
458	460	15
468	210	54
363	210	68
249	85	28
63	182	25
18	134	14
471	175	54
403	410	95
100	117	47
340	242	14
32	130	60
300	61	72
341	158	94
357	169	37
53	474	39
164	140	13
38	398	8
426	76	85
233	336	23
126	378	92
149	449	48
400	197	99
447	36	89
414	227	18
214	422	55
323	113	64
494	81	3
444	149	59
357	124	43
384	298	4
168	185	92
392	407	56
363	309	50
272	85	11
8	208	55
318	327	90
36	76	96
242	104	82
349	382	7
294	137	34
185	206	36
18	175	31
362	490	78
406	342	100
5	472	29
388	487	33
2	285	71
244	135	32
0	335	6
404	25	34
13	450	34
293	70	9
407	424	48
420	137	100
345	75	58
296	138	4
11	341	31
161	147	60
344	365	18
163	465	34
328	87	23
250	219	89
17	234	26
338	269	25
278	32	11
334	45	27
362	164	2
246	382	84
490	322	7
178	173	64
430	322	13
104	482	97
6	99	77
232	205	23
265	217	87
452	454	57
133	228	26
167	75	100
40	62	95
146	117	72
342	327	72
367	62	94
423	206	67
450	281	17
228	390	51
132	461	91
316	76	67
83	259	58
25	446	8
379	6	22
159	150	85
18	79	64
437	50	74
464	15	44
418	472	7
212	349	38
394	286	67
213	67	85
84	474	13
462	1	5
379	12	34
204	108	40
164	139	38
172	222	49
113	210	55
426	16	37
297	47	96
145	354	90
131	108	77
269	335	4
216	75	16
229	140	58
194	404	56
417	279	70
189	1	12
169	92	98
217	277	46
493	352	5
183	417	81
486	277	50
386	55	85
94	348	96
272	379	93
216	146	45
269	446	96
344	154	84
207	374	27
328	83	20
400	156	87
41	90	22
61	113	92
148	403	27
37	250	77
142	196	11
85	217	81
256	485	54
464	286	35
111	304	34
279	187	34
1	469	18
462	391	97
370	208	91
419	229	35
433	5	40
310	34	19
1	243	97
446	490	18
327	206	28
162	427	5
225	461	47
412	5	23
187	473	22
290	433	89
388	308	12
219	269	29
417	1	32
301	133	98
454	308	65
0	398	25
34	324	98
76	295	43
477	207	53
312	378	66
407	213	5
140	222	27
211	348	2
245	45	34
348	144	69
130	84	57
395	438	64
263	113	26
490	299	39
251	197	50
178	267	69
140	373	71
214	76	68
460	141	28
319	162	24
339	243	40
33	261	47
338	333	74
29	54	21
293	334	74
196	46	8
109	471	98
431	245	48
11	120	10
231	252	32
481	432	57
437	106	16
341	137	75
317	236	37
213	66	60
335	70	63
22	196	7
183	398	59
110	357	20
274	33	61
388	235	74
329	317	46
67	268	40
433	54	64
370	149	31
160	256	62
68	76	94
408	383	41
252	25	74
67	487	27
125	95	14
415	259	75
240	420	100
267	152	7
257	476	31
107	467	54
371	230	10
71	59	64
84	69	63
1	444	11
300	422	81
210	132	34
493	35	6
382	452	15
363	358	71
16	52	26
346	137	23
367	473	76
199	444	75
387	221	41
456	97	59
369	16	56
395	216	94
493	26	43
472	48	72
284	105	66
32	344	38
226	281	78
430	461	61
297	460	78
296	497	18
168	223	32
20	181	77
409	334	70
107	7	59
260	357	4
361	269	26
462	404	10
145	235	82
476	36	10
82	254	33
423	258	31
429	247	71
301	112	65
215	241	46
229	433	14
451	486	90
124	233	26
315	68	31
212	148	93
482	330	77
263	194	81
73	259	15
35	441	65
479	82	79
406	459	37
202	32	14
179	350	40
93	134	43
154	204	60
480	470	56
149	240	39
276	460	95
106	88	75
435	47	39
412	24	24
473	79	9
89	275	97
164	103	94
493	27	10
15	173	33
108	178	73
426	34	80
432	200	87
357	427	16
294	269	86
382	66	89
217	275	9
409	472	55
205	1	73
142	368	4
16	234	96
66	295	38
475	48	23
471	15	6
418	210	59
139	114	14
127	399	53
255	312	2
215	299	45
311	290	69
202	367	94
370	53	85
428	175	41
454	399	92
219	58	34
406	120	56
95	257	16
70	104	72
4	69	1
334	488	46
371	388	33
490	371	52
450	212	43
292	461	25
433	474	47
468	34	49
227	417	12
440	190	20
367	380	47
147	100	76
404	252	39
225	34	45
203	467	27
264	468	79
419	199	36
473	449	51
181	196	87
374	457	38
274	253	94
335	277	49
451	85	5
234	167	66
457	7	53
332	491	8
391	378	65
167	490	52
33	13	43
187	9	75
420	401	21
80	292	19
478	16	74
229	304	39
213	174	26
163	52	69
409	382	33
181	437	70
191	462	26
274	128	48
277	486	78
90	265	96
7	434	93
362	188	93
62	363	57
359	52	47
427	49	32
210	155	24
266	235	14
326	243	3
183	271	54
156	468	29
450	237	84
481	143	48
425	296	8
460	222	67
331	392	87
455	265	28
249	139	17
133	400	33
303	351	9
58	377	49
52	116	23
25	470	100
494	369	76
371	147	18
40	266	1
425	380	90
275	64	49
452	234	27
419	140	72
481	318	54
134	168	21
31	65	61
332	86	29
239	220	93
427	366	91
78	395	58
171	209	86
180	360	7
228	401	57
287	443	52
465	161	85
153	222	34
12	185	17
266	222	85
83	252	19
284	342	11
45	223	63
149	244	91
379	7	28
285	486	56
153	493	1
450	298	95
407	381	89
289	14	87
42	224	18
365	279	39
26	133	28
455	182	69
46	17	68
443	247	49
302	456	62
460	94	48
336	315	12
406	495	93
10	184	4
149	380	30
481	24	81
305	488	92
19	476	72
62	360	100
55	97	29
138	339	15
16	109	1
223	189	40
191	488	10
67	410	37
120	218	20
219	447	32
84	281	26
303	255	22
71	448	99
99	419	31
318	261	83
389	75	13
396	244	22
270	299	34
353	392	93
269	183	64
34	29	26
458	324	20
106	269	25
141	475	65
410	143	31
80	452	97
97	104	5
430	452	79
317	105	32
365	8	26
348	266	29
340	142	97
96	134	47
443	308	55
249	376	10
151	437	91
326	372	77
151	65	74
76	173	70
405	441	48
69	328	82
390	8	27
345	494	31
486	453	63
80	489	87
219	418	99
141	81	52
52	245	61
247	354	33
209	253	74
287	415	82
209	190	90
24	238	33
260	348	50
131	496	88
223	71	10
479	37	89
317	298	20
441	160	45
29	64	66
136	138	56
460	306	65
31	250	31
474	342	33
370	320	70
374	279	5
466	111	100
47	10	49
31	497	32
282	267	87
108	312	72
150	206	66
399	310	85
139	276	97
360	63	63
249	477	21
456	484	75
200	347	55
433	65	75
394	75	71
50	153	78
172	441	80
311	116	68
187	271	70
315	72	48
227	59	70
131	447	7
421	486	100
408	480	49
298	251	31
116	332	16
114	122	87
489	122	80
301	486	96
448	9	62
112	371	28
395	76	87
466	450	57
212	96	91
44	94	24
109	146	34
358	392	69
491	34	100
125	22	16
307	416	51
304	415	73
339	54	19
387	341	90
258	94	68
345	200	57
237	415	69
275	410	52
458	125	48
199	68	52
339	468	6
485	64	14
152	491	33
30	134	77
474	404	70
241	170	28
422	461	83
94	483	78
301	453	26
108	49	8
331	211	96
281	435	15
403	400	8
53	215	36
61	230	58
200	405	92
471	434	41
476	118	16
51	244	55
86	465	19
67	137	24
61	241	49
420	215	31
328	84	35
173	215	52
313	206	33
163	224	8
405	427	19
143	124	92
345	401	87
372	23	40
277	437	44
321	400	37
80	101	10
345	286	31
43	174	66
358	116	76
21	257	68
465	350	82
292	421	71
331	347	30
432	27	1
264	184	91
271	100	17
368	317	95
472	95	57
460	313	87
262	148	74
141	290	98
202	179	5
444	53	74
197	440	65
339	76	22
172	71	52
270	230	32
17	326	66
395	362	2
145	106	98
495	206	69
4	448	63
142	361	62
416	323	63
139	495	49
362	364	97
431	318	41
176	375	57
136	418	45
86	406	91
106	498	50
89	139	18
267	73	61
317	119	43
130	451	30
332	373	6
473	248	44
392	179	86
89	319	36
340	84	46
324	498	69
403	202	41
397	435	26
298	264	70
394	196	21
252	107	3
244	161	70
492	102	18
297	293	71
318	1	58
131	115	58
1	161	24
86	187	4
435	464	28
336	472	38
372	478	44
495	180	30
286	102	98
327	129	30
481	365	6
210	229	32
245	377	79
200	182	59
321	340	80
124	153	3
45	230	65
190	183	36
61	186	46
64	440	43
46	160	89
6	442	51
161	352	77
368	21	67
469	428	95
59	270	33
129	278	24
163	106	66
325	343	3
406	366	17
33	171	30
156	360	38
136	269	81
274	175	46
332	220	52
124	396	16
102	332	8
301	470	51
228	342	28
374	24	6
314	116	44
194	227	100
373	94	44
484	487	8
294	81	89
478	178	31
369	345	52
217	236	88
266	165	38
12	443	23
183	252	83
120	395	62
49	455	95
245	416	25
103	242	11
52	197	85
94	331	23
218	403	8
326	122	66
312	73	15
409	55	10
235	161	43
374	18	14
210	101	87
329	369	25
125	51	11
157	420	60
208	47	45
240	122	49
82	49	36
265	109	13
455	492	17
1	129	35
209	428	7
443	479	52
374	192	87
325	446	8
374	124	10
386	338	100
38	494	86
468	225	35
194	314	70
497	8	1
491	114	11
212	129	85
399	208	59
391	19	2
176	92	52
466	89	4
276	180	78
162	65	86
335	53	41
7	455	75
55	414	65
287	351	88
130	372	71
19	362	94
192	478	51
429	288	27
117	235	37
97	272	5
6	398	55
421	390	89
75	424	90
116	390	56
412	336	55
433	476	23
22	132	51
59	185	60
195	97	60
266	347	22
412	414	95
428	207	99
192	447	61
97	24	88
310	248	68
359	230	24
96	384	14
448	282	35
344	296	16
173	319	28
406	154	89
288	398	46
253	232	48
420	216	4
277	366	93
337	468	20
68	232	47
352	259	32
35	193	8
372	6	64
351	479	11
350	442	53
363	72	89
90	403	96
10	4	29
177	369	100
168	63	11
2	203	4
203	281	73
468	256	88
497	78	79
319	27	25
467	264	29
495	450	50
158	313	13
41	230	46
389	28	61
230	99	71
290	268	62
43	63	54
362	191	19
62	35	85
6	493	76
390	54	40
345	308	49
448	212	24
174	89	5
493	105	21
360	157	70
189	128	3
448	33	89
421	450	36
496	103	38
411	428	56
404	398	59
429	112	85
406	300	69
16	139	3
16	235	35
150	145	19
487	349	92
481	202	27
1	370	78
93	341	28
167	470	12
118	417	93
199	347	57
43	39	76
366	433	49
58	283	46
58	412	53
457	385	85
350	32	78
489	2	11
402	28	26
14	303	92
263	329	8
51	413	68
24	309	79
0	96	70
320	78	77
138	244	68
106	487	89
100	277	91
408	94	56
460	249	79
386	421	64
152	365	32
484	467	78
134	102	95
61	380	81
203	293	56
85	188	66
308	158	55
84	179	77
296	448	90
1	342	28
291	95	13
247	79	85
360	333	17
46	248	31
232	494	50
422	371	60
238	333	13
20	224	8
352	139	32
311	389	35
478	247	4
324	279	42
400	472	9
314	297	41
429	0	52
416	189	17
38	327	56
249	468	15
239	156	85
399	52	57
18	374	63
188	175	34
377	364	43
209	196	18
139	82	82
226	222	16
425	114	13
207	442	61
178	490	42
116	438	56
152	162	96
250	102	50
428	26	64
72	319	2
323	125	51
150	380	9
109	395	29
370	13	54
217	89	18
152	193	93
137	467	67
247	92	70
45	199	14
432	181	16
403	439	100
412	464	11
385	134	16
405	81	68
427	417	32
376	59	27
137	251	70
291	53	44
278	219	70
127	57	97
128	183	14
151	236	29
420	189	56
281	88	15
146	372	99
24	345	74
66	154	28
27	176	5
201	262	29
197	112	70
140	356	21
404	301	28
448	270	12
75	205	52
215	292	73
100	308	63
78	20	49
5	324	46
464	46	87
477	216	75
125	490	95
411	238	32
386	498	4
479	340	12
52	475	17
99	177	84
149	385	53
329	342	72
384	435	14
369	482	4
385	267	88
212	307	67
21	436	35
134	450	1
283	313	73
383	484	11
131	146	61
273	64	33
136	64	24
42	380	81
439	493	92
205	341	5
195	366	30
6	307	74
165	339	56
219	223	27
195	328	73
307	423	18
252	60	39
396	154	54
209	82	4
160	409	75
179	263	52
116	127	21
348	35	69
362	198	97
170	5	79
15	474	9
431	221	61
83	90	44
236	73	74
337	277	64
290	73	2
212	459	83
115	136	64
11	401	59
300	128	2
74	273	16
249	154	91
129	199	27
45	107	26
482	111	68
367	4	59
189	118	65
470	249	92
417	150	36
84	60	82
317	143	32
351	55	43
287	290	36
481	300	89
428	95	48
338	72	39
436	491	66
394	83	3
300	463	74
62	333	23
64	384	90
411	492	76
408	63	49
453	67	3
224	292	70
29	367	18
284	83	42
231	156	10
41	272	99
433	252	67
78	471	59
402	92	67
213	451	23
421	408	41
317	459	89
89	285	26
148	321	34
452	229	41
462	165	84
371	153	74
426	14	19
295	328	100
287	368	8
293	387	96
361	141	66
38	261	20
334	212	84
492	429	81
467	153	75
158	383	68
244	429	15
21	414	67
272	398	18
181	233	36
198	433	12
367	15	87
134	42	20
121	287	84
153	335	80
297	275	4
469	131	28
143	461	36
116	30	99
184	470	64
365	29	74
364	182	26
3	492	8
212	487	46
255	422	97
9	228	71
476	439	19
230	483	59
208	135	93
223	294	37
81	405	51
181	447	73
121	35	81
111	373	98
471	30	33
278	136	21
409	266	99
316	213	44
142	57	10
251	496	82
474	179	50
323	228	62
254	82	16
323	154	75
353	276	51
388	60	89
226	240	72
102	77	11
160	437	37
394	98	68
68	138	48
441	356	66
122	12	23
113	305	28
426	379	84
353	398	63
461	60	84
488	458	16
431	245	9
177	455	23
174	342	64
497	9	96
42	185	6
74	280	43
489	348	24
366	140	28
431	376	92
293	386	69
343	287	24
224	320	79
239	191	11
459	99	42
127	130	36
248	306	76
92	394	50
448	388	96
158	360	68
249	230	81
112	181	78
62	140	86
9	460	90
339	287	26
350	288	84
436	201	9
376	482	55
347	276	87
302	303	20
160	37	59
443	128	99
193	497	5
277	143	1
0	410	50
13	446	82
387	156	58
274	292	45
383	460	48
114	253	2
156	8	19
299	277	5
383	257	60
141	269	10
83	44	39
238	104	53
41	268	29
403	364	46
470	194	82
426	329	12
314	1	9
317	33	21
228	297	41
239	29	28
267	394	68
318	180	47
297	294	58
292	189	47
386	353	56
47	288	97
494	190	97
468	366	56
41	429	63
63	3	86
384	210	72
98	150	37
463	389	78
423	481	72
252	336	24
18	115	50
421	82	8
64	159	37
398	423	17
29	375	98
115	368	38
286	468	66
69	35	77
454	275	72
440	449	70
14	185	15
59	34	50
133	379	99
378	479	83
54	192	20
70	417	27
362	376	15
462	423	88
294	93	14
98	49	95
215	83	9
182	110	55
232	321	98
131	495	91
303	87	40
74	418	14
83	6	3
327	362	34
371	224	10
121	458	75
50	295	88
48	439	12
30	407	68
56	125	92
363	146	65
128	92	13
465	400	30
483	63	20
135	61	93
247	291	85
230	343	76
359	475	66
89	278	84
8	340	21
67	334	73
405	104	23
199	44	82
374	179	57
74	182	76
124	152	40
347	8	40
75	374	17
136	107	55
328	264	70
327	411	86
160	66	22
394	48	37
270	99	23
476	94	84
235	182	72
121	41	75
88	304	51
107	496	1
364	71	89
476	268	66
464	212	37
331	362	84
197	423	19
495	169	59
343	87	54
117	448	5
280	18	56
113	215	48
319	201	39
142	145	48
11	409	30
284	319	79
352	286	16
40	96	5
287	445	55
324	315	29
417	47	47
302	358	49
415	427	23
194	400	24
174	480	15
314	34	60
91	203	94
218	405	38
386	212	58
275	80	27
356	216	90
57	183	62
73	10	41
248	30	2
64	285	67
22	343	99
241	160	51
401	309	31
183	40	66
132	83	14
286	229	80
181	126	84
303	132	58
336	449	15
268	401	19
257	0	33
171	257	28
133	183	50
167	104	73
1	318	45
267	90	90
76	35	20
416	286	100
175	288	22
252	267	43
5	494	4
329	327	13
297	162	65
291	353	13
429	314	78
228	277	14
251	47	26
485	80	86
367	458	56
475	451	69
416	304	22
48	409	57
33	471	20
403	268	74
164	438	55
330	197	80
455	17	86
300	398	92
469	342	59
121	156	51
136	48	74
495	83	73
434	410	13
477	321	52
372	466	9
479	437	41
258	180	24
374	269	39
492	304	31
48	301	51
356	2	38
216	192	25
410	352	62
430	115	34
340	247	30
456	362	100
29	277	51
433	279	78
282	355	24
475	57	88
344	183	55
155	243	35
68	244	58
95	307	30
417	326	89
90	323	33
183	385	52
55	186	88
140	464	43
271	71	32
304	417	93
144	172	58
126	182	14
410	350	11
453	169	69
355	181	80
340	180	83
160	17	51
261	275	50
223	212	57
206	209	8
123	71	54
306	326	30
399	353	79
6	179	83
477	478	93
420	122	28
289	46	10
182	417	33
147	239	85
290	413	75
375	395	62
70	210	2
294	126	72
321	343	70
440	236	57
177	103	3
169	335	6
435	156	23
12	254	29
185	270	13
62	329	42
172	430	64
387	354	31
167	435	22
411	184	35
379	220	20
185	154	44
251	373	19
223	401	8
202	433	11
129	284	88
147	285	25
470	453	77
388	189	25
359	50	60
164	357	100
359	202	5
415	227	55
90	22	84
351	139	100
453	249	18
174	382	15
167	434	78
59	448	67
4	296	39
48	260	3
260	39	9
246	60	83
160	79	34
128	223	33
246	406	96
284	422	6
473	369	25
383	310	40
168	379	7
405	324	67
59	348	93
132	22	48
338	162	74
219	428	25
390	356	39
318	176	5
454	111	95
164	104	25
419	270	48
12	172	44
20	165	71
133	278	51
455	373	47
92	193	8
246	478	92
434	353	5
106	32	53
363	70	45
487	160	2
269	371	71
450	442	81
428	28	38
34	182	36
450	446	43
277	436	82
455	335	50
316	398	29
68	298	74
477	235	14
488	246	66
380	58	58
360	494	31
3	344	52
263	321	53
251	464	6
41	101	24
482	93	3
4	372	23
384	119	64
76	295	77
164	175	66
264	312	30
263	451	88
165	240	86
251	453	100
213	320	29
46	424	26
62	396	20
400	33	18
89	337	5
314	360	57
396	343	10
254	452	30
353	407	60
465	37	64
382	378	85
366	43	50
341	71	16
111	65	29
376	472	14
458	472	42
306	470	17
104	446	82
189	113	15
46	397	90
480	430	85
451	489	60
258	379	1
63	187	35
258	29	41
255	290	27
118	24	53
14	309	76
7	170	11
222	176	17
191	429	20
448	261	84
231	426	6
320	407	50
67	147	51
176	65	64
387	8	23
77	383	67
468	261	76
132	279	38
183	368	21
485	366	81
189	155	11
220	207	60
152	161	53
366	20	98
82	110	15
454	194	95
47	430	94
15	432	53
105	452	11
329	494	98
380	21	66
24	270	92
24	175	41
343	149	23
3	215	21
464	152	73
321	403	29
28	252	10
454	151	96
270	105	74
34	455	27
94	369	82
94	88	30
389	216	94
115	332	25
446	478	49
330	284	49
228	3	78
218	29	66
315	474	60
356	200	25
315	60	29
275	31	58
273	135	98
386	65	98
368	191	13
440	407	55
412	58	53
41	346	88
134	294	19
470	183	52
165	451	1
418	417	91
26	478	31
240	315	68
344	167	35
228	114	15
449	486	69
290	361	99
23	258	85
232	86	1
194	349	90
154	472	81
212	417	53
145	259	8
347	53	6
498	37	43
168	379	45
475	174	75
253	373	49
252	340	98
206	384	62
346	262	12
101	76	1
418	417	51
187	432	27
348	303	74
361	219	16
486	127	39
451	164	24
70	142	2
384	242	50
43	339	23
488	26	88
101	403	11
344	67	81
2	371	77
320	11	75
17	216	80
230	270	78
406	445	23
477	282	72
401	67	15
79	60	48
441	358	47
443	339	30
129	275	40
153	186	56
92	402	4
139	383	41
54	423	38
126	97	25
3	289	11
310	14	84
476	365	48
128	123	33
302	46	78
311	401	58
285	50	90
146	198	42
470	187	83
133	359	65
291	269	24
473	435	46
393	1	49
453	61	58
401	35	99
1	61	64
301	290	87
95	435	80
138	19	7
344	401	88
80	378	63
291	148	95
45	436	75
471	199	10
470	50	40
497	75	61
238	231	10
83	399	96
24	35	7
408	413	75
461	484	44
387	435	96
297	320	83
45	147	17
280	160	19
67	15	92
67	424	7
124	452	3
481	400	75
275	299	66
325	222	48
463	439	56
407	311	20
470	419	98
161	248	31
178	409	84
457	12	81
104	100	24
411	135	37
215	452	11
76	169	96
300	493	14
259	183	9
371	482	78
186	318	34
301	290	49
471	274	61
247	287	26
286	290	58
10	476	48
40	55	12
6	43	90
345	26	25
336	377	59
363	188	4
31	497	4
385	21	92
54	143	26
93	452	100
335	70	2
386	359	8
94	288	40
336	496	9
398	331	29
48	214	91
351	136	84
284	340	95
1	385	46
240	382	8
2	309	16
144	168	23
443	290	83
394	72	65
103	91	66
200	411	69
121	249	96
475	181	26
495	21	66
222	433	36
391	102	21
241	319	44
117	239	77
419	369	54
235	30	76
221	276	99
283	455	96
130	86	11
249	326	9
446	299	72
375	335	6
197	106	49
89	359	98
28	413	31
102	175	92
374	301	26
247	82	57
464	264	20
434	401	67
76	320	20
421	460	2
205	479	23
160	367	36
176	401	51
185	165	5
346	167	63
436	74	95
422	57	91
331	150	82
95	208	41
331	157	20
250	7	100
76	202	32
149	66	26
494	119	99
445	297	96
71	419	83
283	69	44
281	369	26
275	416	63
213	392	2
24	388	21
48	85	10
342	331	33
203	473	93
269	290	29
194	183	67
331	219	36
210	390	43
63	268	20
353	485	98
425	416	21
408	68	69
274	279	27
35	296	24
345	152	66
405	427	75
422	389	16
274	411	44
290	417	4
456	136	17
44	421	86
371	55	58
283	493	76
76	370	34
192	396	93
212	36	98
392	69	67
354	283	58
254	172	34
170	286	52
220	456	36
357	113	92
21	259	46
123	107	68
270	276	84
6	463	51
453	180	83
218	28	5
283	409	54
487	402	100
112	225	2
409	207	97
67	467	48
345	399	59
323	262	91
316	304	95
400	52	47
19	34	92
341	469	16
179	304	92
488	404	51
376	167	7
27	479	100
262	127	27
354	205	11
12	168	16
491	397	67
325	453	13
396	67	4
283	211	50
361	281	56
251	493	5
162	244	19
384	10	6
358	162	27
227	361	69
326	266	34
362	72	1
42	239	24
331	325	71
1	387	41
72	485	62
363	448	40
456	488	37
416	467	60
418	66	31
38	234	45
279	6	27
58	51	50
435	213	58
164	285	35
327	341	67
448	449	8
443	281	63
97	123	2
392	438	83
481	287	19
468	60	20
287	258	74
365	193	59
24	411	12
434	371	64
324	416	29
58	440	38
418	432	56
266	348	46
286	370	53
322	88	43
232	388	48
494	345	31
11	248	29
204	135	100
42	39	69
451	452	7
49	475	90
243	173	51
117	447	32
38	316	97
279	57	68
233	25	20
391	388	4
284	339	41
46	246	43
261	155	53
221	13	75
322	2	58
52	299	78
398	441	11
411	468	16
42	481	11
9	456	71
305	495	85
37	402	63
335	152	64
351	243	6
233	160	78
106	128	48
426	479	13
321	461	81
198	339	31
303	174	25
87	68	82
7	438	48
77	126	47
406	352	83
234	227	13
262	260	83
248	93	82
272	220	82
296	334	65
465	303	60
71	483	93
38	41	64
287	482	9
121	225	45
366	91	71
290	192	46
116	45	5
99	444	11
26	337	57
438	36	67
281	358	53
215	221	46
498	352	57
349	311	9
70	358	10
148	299	67
7	66	40
124	205	96
73	371	2
328	139	100
185	34	37
116	388	84
187	10	32
259	481	80
169	389	39
264	382	73
180	459	19
224	165	74
478	401	59
378	473	31
473	100	31
449	309	100
425	372	58
221	147	3
307	171	34
20	18	33
81	385	49
334	437	51
283	363	3
265	425	42
332	73	59
289	32	27
65	95	87
287	378	21
88	390	37
24	156	84
487	260	85
139	22	56
146	478	94
90	36	40
332	333	45
89	71	21
6	300	23
414	101	78
5	386	50
143	415	89
372	222	50
441	212	30
85	102	87
235	316	52
165	44	91
211	429	15
323	88	83
157	17	85
303	181	21
410	338	12
338	350	4
348	223	64
349	366	88
361	394	69
4	8	16
157	384	52
474	459	17
187	429	75
329	66	75
445	250	93
201	225	83
36	67	11
74	330	82
389	444	57
29	496	72
32	219	49
442	289	65
381	211	86
72	81	33
245	208	61
340	82	27
100	112	43
453	235	67
12	402	93
321	380	38
261	378	95
201	4	72
54	254	81
450	280	51
61	301	8
145	223	89
480	421	94
472	497	63
414	255	28
55	107	46
154	401	74
281	231	97
371	168	6
8	125	72
71	101	99
85	74	3
374	298	99
465	142	23
297	177	47
104	148	79
227	162	79
437	361	41
338	131	87
166	130	60
409	114	38
98	163	10
72	385	68
470	68	88
421	291	22
143	106	50
390	155	39
125	187	1
135	16	64
187	113	60
379	310	37
241	64	3
176	319	12
40	156	18
304	29	45
453	230	90
468	198	22
41	384	99
102	174	54
284	122	10
60	102	85
172	361	34
471	176	22
268	223	19
262	244	5
289	470	62
413	13	23
2	249	50
258	182	99
22	236	72
102	448	55
168	497	61
361	209	17
79	166	86
475	341	45
53	363	99
218	375	78
422	121	6
58	353	65
83	497	84
493	86	2
23	451	14
328	265	45
404	314	55
309	152	25
309	361	56
460	109	95
94	316	73
437	125	90
16	149	43
204	36	74
186	29	83
73	307	80
32	332	52
8	90	70
59	248	94
221	154	22
324	267	77
194	478	99
182	172	96
324	153	93
78	339	44
387	450	38
324	157	43
241	349	68
226	22	42
225	160	78
299	491	30
446	242	23
213	453	10
274	413	80
249	359	31
147	201	91
442	454	86
151	219	20
326	45	16
59	32	85
236	137	58
466	79	38
365	457	11
88	344	69
75	292	10
392	370	54
390	394	95
392	282	10
375	152	60
456	447	41
68	44	72
489	342	71
344	236	48
52	253	41
176	32	55
211	498	53
150	234	28
407	314	73
424	76	96
421	75	58
59	208	78
168	13	11
154	276	43
389	248	32
478	191	40
399	176	99
433	343	38
303	417	86
401	284	45
408	291	77
345	223	77
355	329	83
230	254	71
67	369	37
334	422	84
218	71	2
421	469	55
352	142	97
487	411	74
55	408	84
10	312	36
319	281	76
467	292	95
419	92	34
376	309	21
257	308	89
331	330	12
282	1	26
13	412	33
173	157	46
71	367	28
237	445	32
6	414	70
228	245	39
282	107	37
287	455	18
461	386	19
440	296	39
426	100	42
77	239	44
204	379	38
30	332	90
114	315	93
424	478	45
378	313	89
488	226	64
277	35	33
405	170	99
98	337	31
444	305	80
36	154	38
255	144	38
190	127	85
104	332	15
74	199	6
258	197	9
86	398	11
44	72	48
72	487	13
17	327	72
34	160	18
113	351	17
278	73	95
121	444	24
18	101	13
8	348	42
393	190	45
147	54	74
51	159	75
334	151	79
182	17	82
288	448	48
397	148	84
212	278	49
24	58	77
161	357	19
382	376	74
185	269	73
1	11	86
276	469	39
225	206	55
230	88	98
159	184	91
97	419	38
174	227	22
342	323	30
365	319	26
218	322	50
424	302	50
63	213	73
238	105	81
466	1	40
431	220	62
179	81	90
260	302	50
272	448	4
181	489	56
481	315	89
367	267	75
200	469	92
281	333	9
438	245	21
431	475	48
52	251	22
425	344	15
183	123	36
202	456	88
416	100	91
365	397	32
48	315	99
356	152	92
328	141	16
246	105	60
99	164	67
470	144	69
24	223	54
417	96	79
327	256	44
453	0	12
332	189	15
38	284	63
188	69	73
494	442	32
131	320	71
399	235	9
422	171	5
416	229	29
369	275	77
344	460	25
304	376	94
219	314	16
42	182	43
472	113	85
269	133	21
253	216	92
153	240	49
32	100	53
304	42	98
77	7	24
201	367	17
78	440	65
99	448	1
446	382	94
282	159	40
182	264	42
490	210	88
311	312	45
398	382	7
400	132	23
81	203	32
494	407	85
103	73	99
420	313	95
181	197	17
305	144	92
235	220	11
122	489	65
48	162	64
15	427	54
323	293	22
251	360	37
209	120	33
368	219	81
417	223	35
488	295	28
450	341	4
82	291	30
215	191	78
430	117	26
32	134	37
18	152	16
303	57	80
475	186	76
157	361	26
32	148	25
479	319	69
395	3	86
231	339	63
314	146	70
263	45	84
84	268	88
48	112	7
51	173	43
434	132	66
345	462	65
195	68	45
480	165	16
431	83	55
176	429	72
448	152	96
65	71	69
61	110	84
182	234	99
16	497	16
236	434	9
186	382	37
143	29	40
399	303	71
166	138	8
154	163	29
227	31	22
231	303	99
42	451	22
316	454	62
184	225	46
484	439	18
127	156	29
315	336	99
354	44	91
456	418	76
280	294	84
246	351	20
0	112	21
14	122	85
393	126	42
361	44	77
32	483	74
143	380	97
296	445	12
414	486	6
306	483	32
206	389	51
394	472	1
358	322	100
101	458	1
234	206	14
166	103	22
441	103	78
227	101	25
228	302	77
471	237	56
423	429	96
103	436	82
336	272	82
90	494	27
86	343	38
344	143	69
405	118	48
296	475	6
210	8	89
416	232	79
150	277	22
384	93	62
148	302	60
476	140	42
252	382	38
252	136	60
62	475	14
88	34	37
405	24	39
181	300	61
442	410	52
93	160	3
84	128	23
413	489	44
208	345	82
311	301	94
274	458	57
155	165	26
295	69	8
179	277	34
387	418	100
25	380	7
48	229	36
250	74	36
364	222	41
377	23	36
69	43	95
343	394	57
404	482	83
145	483	96
123	447	43
110	170	94
272	285	5
199	31	24
179	323	82
493	417	20
398	378	22
10	57	34
160	362	95
203	72	63
401	158	4
475	36	42
283	373	68
494	446	65
479	239	13
77	265	76
222	304	38
122	386	60
254	135	70
416	440	65
333	495	40
379	168	22
19	486	90
211	42	2
444	330	67
74	186	73
284	82	7
312	294	80
101	402	63
428	464	6
202	140	91
2	165	72
104	393	24
425	271	91
498	326	88
29	195	90
373	25	94
175	373	58
49	270	96
343	270	75
317	14	90
96	421	70
498	434	35
260	301	60
64	27	37
275	485	33
368	79	22
42	336	96
80	3	40
21	76	67
410	318	87
253	188	33
226	111	54
80	138	15
49	64	99
5	342	66
38	424	46
145	28	54
232	427	9
480	160	14
93	243	71
197	321	23
302	337	71
302	263	73
382	82	25
123	218	13
54	143	96
84	194	90
155	492	81
98	491	17
237	96	62
328	296	23
39	136	46
490	220	59
354	213	52
155	334	10
187	452	65
52	262	44
115	363	5
76	460	4
453	183	70
269	98	23
206	20	52
137	147	2
333	359	95
262	485	100
397	484	33
123	321	32
332	292	83
55	292	17
35	59	43
381	104	25
233	131	97
154	120	5
345	90	33
282	285	100
191	386	7
350	272	31
78	440	91
55	91	16
254	186	18
189	202	45
326	170	76
201	480	45
87	497	53
165	163	43
246	324	58
364	0	60
317	346	68
307	232	73
316	355	69
7	185	67
490	80	98
111	463	97
419	38	66
1	370	4
142	54	77
305	50	7
408	362	68
120	171	45
36	443	37
264	402	73
52	273	41
164	86	91
219	41	21
407	453	100
98	150	30
346	424	93
361	43	77
445	116	8
181	402	83
96	264	44
492	447	6
137	334	61
313	130	79
130	360	73
419	304	61
352	382	100
388	184	67
434	18	63
452	21	83
351	160	80
289	474	33
448	11	97
441	26	15
114	279	18
177	232	2
465	314	4
147	476	19
259	310	42
180	34	34
236	445	48
29	468	65
206	252	7
309	487	45
419	288	93
1	422	5
95	460	31
85	162	49
398	125	96
279	218	21
433	387	25
215	120	10
284	58	50
220	282	95
244	455	59
71	368	5
70	356	10
289	113	72
207	426	8
260	338	25
354	330	98
68	93	97
62	494	1
181	97	88
31	44	30
376	116	33
202	441	59
365	348	29
156	430	88
350	239	64
400	292	100
451	207	59
415	26	8
483	355	57
154	29	23
266	398	74
257	220	98
46	246	72
409	360	36
11	235	4
261	450	34
336	265	38
16	322	47
38	240	41
58	347	32
192	33	48
87	80	1
443	385	20
246	370	27
148	215	20
5	239	4
424	137	68
81	258	16
398	252	38
219	273	55
338	357	10
44	493	81
422	369	96
157	409	29
483	99	75
71	462	70
109	236	57
401	196	96
126	113	62
125	410	74
247	101	63
442	484	29
78	419	87
203	169	16
154	395	61
121	498	87
202	444	95
47	492	79
352	221	100
196	204	91
359	278	47
130	124	30
10	473	100
19	28	15
129	352	89
308	154	26
172	59	69
189	423	93
46	193	66
239	183	5
197	472	18
423	152	100
223	108	25
158	173	74
152	438	25
490	164	84
479	419	81
9	30	4
281	466	96
182	299	57
153	179	86
398	215	30
4	472	95
168	23	63
37	288	29
263	175	14
60	413	52
417	388	57
487	104	84
302	31	76
2	146	47
423	68	81
397	95	56
82	181	49
257	230	42
364	128	14
86	123	17
57	325	23
156	324	16
187	114	8
387	464	12
226	202	90
325	264	61
267	457	18
19	57	95
126	458	9
30	275	45
117	230	93
14	159	92
469	209	18
111	456	13
207	357	36
454	106	35
162	440	27
427	402	75
341	188	57
210	383	96
25	183	6
218	285	19
250	494	20
0	137	39
466	378	12
315	328	1
482	121	83
472	261	18
460	221	50
208	241	41
402	218	70
439	148	84
169	192	90
457	193	48
487	155	69
415	26	5
440	99	1
394	320	100
414	162	80
357	258	90
392	122	1
60	471	15
457	252	58
188	195	93
437	92	28
221	434	8
439	180	63
344	312	53
197	218	41
48	321	66
104	137	7
310	287	9
447	482	55
233	109	77
437	46	81
39	483	64
312	35	14
307	195	54
443	52	21
445	430	41
155	88	39
469	358	17
274	437	21
107	127	35
335	76	80
210	294	5
378	293	73
365	140	54
12	386	39
290	253	93
43	75	9
429	38	29
403	142	94
40	309	14
452	48	13
474	472	97
263	331	39
74	313	100
249	65	86
235	294	11
157	232	44
62	316	15
206	316	87
96	314	45
71	335	94
42	110	92
254	22	61
227	370	36
241	349	27
424	219	77
321	449	83
462	81	5
70	28	53
5	249	17
83	297	87
339	352	49
58	177	41
286	198	53
42	194	96
341	334	36
464	420	76
272	212	5
79	318	51
175	230	71
11	474	14
175	217	17
187	495	97
45	438	41
69	350	15
143	487	8
258	431	14
421	13	66
73	193	90
392	369	12
54	351	83
230	213	58
67	215	26
451	377	6
172	406	91
65	178	56
200	399	19
15	80	77
426	410	42
316	333	80
242	415	15
444	372	59
112	314	65
79	347	48
281	330	53
496	484	30
21	260	52
125	133	47
378	151	82
463	132	47
65	355	68
441	2	16
142	122	77
208	204	51
251	319	18
408	420	71
137	244	65
314	233	23
466	397	24
300	31	77
452	119	4
354	154	53
419	131	73
333	434	98
336	49	85
30	64	69
25	476	6
400	465	45
286	13	13
149	46	4
147	486	71
156	140	59
222	136	54
291	57	83
112	332	14
4	341	49
57	58	19
369	288	47
150	273	52
372	227	15
107	442	15
177	265	11
113	145	24
412	346	65
103	50	46
471	130	67
370	212	79
406	354	93
48	366	100
141	224	81
452	89	78
493	92	46
265	420	26
304	78	35
338	246	21
80	456	69
106	372	95
110	477	18
12	76	84
74	198	27
477	327	29
166	370	34
177	245	25
5	287	83
199	120	65
469	222	2
161	66	46
488	208	36
96	421	14
417	103	33
173	378	95
355	221	56
14	314	99
333	80	52
195	269	34
204	288	56
498	136	8
177	477	95
488	73	79
489	320	26
62	75	44
445	194	46
132	173	30
395	147	72
307	269	20
265	94	92
204	277	9
329	194	37
42	399	15
380	53	22
8	354	47
210	164	68
6	384	43
453	195	42
196	421	14
55	227	71
401	52	6
238	224	65
84	367	10
481	332	55
202	163	9
372	341	99
67	419	81
237	440	80
206	94	84
487	50	37
231	53	59
119	271	72
296	169	68
433	134	77
285	336	92
288	410	49
271	144	74
278	227	5
101	113	45
124	330	35
450	255	55
29	264	50
61	429	91
300	467	78
365	5	72
90	207	83
197	498	2
197	93	92
356	271	58
443	457	52
487	181	37
259	219	31
246	237	41
436	338	29
457	233	87
287	434	24
83	132	48
401	153	47
47	137	57
390	321	41
284	474	2
456	327	48
21	138	49
78	244	10
16	375	49
478	177	86
148	411	23
466	404	40
3	339	3
221	178	64
38	160	15
395	375	86
274	338	34
232	80	30
86	32	71
280	50	77
476	124	87
349	73	88
35	425	42
303	461	66
398	293	93
345	312	73
6	478	9
204	301	79
243	133	9
102	373	36
168	20	79
273	334	72
55	2	96
298	1	6
283	203	85
252	359	25
92	8	11
41	294	44
476	56	48
198	448	29
55	489	8
152	178	31
84	210	40
373	280	14
476	159	100
52	228	56
184	64	74
304	474	76
83	79	6
412	43	71
275	371	13
375	276	69
91	62	84
34	126	29
17	456	95
482	3	55
158	190	78
100	56	15
384	19	49
282	76	49
164	50	47
423	415	100
56	399	7
485	161	86
116	276	47
149	496	100
302	116	35
219	138	97
482	484	24
359	1	78
187	257	40
53	391	65
149	367	77
86	1	35
79	292	79
477	27	56
232	234	55
248	76	58
389	10	21
29	92	87
299	170	28
41	7	92
318	391	72
304	233	28
374	224	94
284	181	76
281	475	24
325	402	48
211	391	74
59	58	94
397	320	56
141	319	91
467	6	42
59	214	99
121	36	1
181	11	94
418	84	100
478	489	53
82	448	10
81	417	80
86	251	35
278	482	77
300	136	53
79	25	19
459	132	98
128	118	7
403	100	36
91	297	46
301	398	71
354	258	10
231	290	40
434	214	94
246	245	97
23	265	91
167	240	57
218	9	94
97	251	45
119	281	6
19	55	82
185	201	53
221	308	97
394	206	9
358	381	57
430	408	81
478	255	24
289	190	77
298	491	99
268	44	50
108	266	97
371	420	24
350	441	95
493	303	88
84	429	23
441	466	74
223	15	13
163	107	8
300	363	91
479	428	92
359	300	21
381	364	85
145	422	10
196	102	48
201	190	22
111	51	48
311	490	45
192	414	64
307	160	19
77	19	57
288	74	40
138	464	92
216	58	14
461	379	63
100	167	60
233	354	15
465	445	29
337	70	7
329	477	1
44	84	56
309	354	49
169	39	58
60	245	22
69	425	74
76	452	29
492	481	100
2	51	55
404	452	5
143	117	46
380	272	94
492	322	28
81	88	100
477	226	100
181	410	7
350	403	68
439	313	42
462	110	91
301	176	73
492	29	99
264	456	71
219	244	58
51	401	76
398	385	29
334	418	50
210	224	15
54	150	96
309	377	33
18	279	67
100	369	1
405	449	65
154	128	30
257	232	50
78	94	4
89	373	2
484	188	71
43	201	67
149	256	8
41	22	82
494	109	73
371	182	51
373	10	38
403	291	84
353	220	16
196	344	23
156	422	10
73	126	100
75	331	88
16	197	42
184	410	27
269	120	85
326	108	3
274	176	24
36	35	72
466	487	49
473	19	64
5	13	45
64	228	36
475	434	95
289	449	12
96	144	54
60	93	37
151	0	44
47	455	30
92	479	93
223	153	24
208	473	2
430	462	81
45	133	6
267	194	17
123	252	52
153	24	73
31	488	58
14	29	43
77	18	91
320	21	4
254	381	36
246	289	48
274	138	9
261	307	21
382	8	31
430	486	94
57	403	38
196	69	5
496	259	17
393	469	15
293	326	27
333	243	45
258	213	48
267	210	43
129	45	12
22	435	100
32	474	14
242	209	84
456	192	4
276	186	31
5	222	68
112	248	84
276	184	92
154	371	21
137	167	98
5	179	79
370	208	91
307	16	67
490	33	93
431	172	38
147	47	75
205	286	99
388	169	73
85	327	41
307	253	39
103	437	21
148	437	88
140	61	74
175	18	80
34	107	10
328	185	78
485	196	98
166	301	69
259	479	60
138	387	64
252	294	29
254	54	53
227	424	12
147	136	32
276	137	5
270	45	59
251	363	62
169	86	51
494	414	73
135	107	16
387	185	56
193	459	51
91	47	40
233	148	1
347	404	44
325	418	71
70	479	42
166	56	49
80	60	97
223	324	97
469	490	89
457	24	61
267	380	73
41	232	59
160	216	87
196	349	36
391	320	94
160	367	66
299	215	2
448	300	53
191	417	5
329	482	1
236	70	74
30	364	91
195	66	81
293	323	16
91	399	88
76	472	41
251	361	81
248	236	59
204	264	2
140	366	41
476	461	65
378	263	13
368	266	77
185	137	4
49	309	10
211	188	41
65	380	73
56	348	58
300	288	24
379	480	42
77	135	86
23	131	100
378	63	72
236	445	30
357	140	36
268	50	13
401	49	82
219	50	90
61	395	29
332	464	20
428	60	2
481	94	14
373	61	59
346	471	64
245	139	90
337	58	68
438	493	31
165	460	74
416	55	44
17	316	6
419	478	16
8	331	100
412	151	29
107	90	30
463	492	32
470	206	94
397	274	24
170	209	19
197	25	66
332	86	26
157	280	98
202	158	45
335	66	19
350	93	26
260	66	32
25	317	16
298	108	29
37	356	16
122	1	97
388	470	69
367	330	73
482	7	71
341	171	99
125	411	91
242	165	35
242	420	23
321	158	8
390	191	23
360	370	99
193	50	33
486	160	9
336	29	67
16	24	95
71	277	43
236	493	83
478	118	49
136	478	72
391	78	25
436	299	19
417	436	88
149	84	36
4	220	77
163	212	4
224	148	55
233	196	39
164	288	41
430	161	39
342	296	54
0	186	21
487	345	94
262	168	59
5	276	19
16	44	18
215	95	8
91	145	65
190	52	9
136	70	34
3	463	69
218	16	50
251	414	79
91	15	65
29	153	1
306	231	82
484	339	47
467	97	74
450	497	18
335	209	26
182	362	45
334	390	26
467	250	23
290	71	61
62	277	19
36	479	24
123	94	95
161	362	70
407	164	16
300	70	36
303	293	73
26	182	31
185	5	50
163	237	40
146	20	58
34	320	27
193	376	6
57	343	44
314	85	72
287	330	27
271	210	39
154	203	85
404	219	90
167	199	16
280	65	84
125	102	77
183	124	17
332	14	67
318	335	67
291	240	30
353	348	23
465	21	78
105	432	90
141	303	23
445	39	26
420	88	74
41	317	20
418	153	98
405	47	87
191	459	53
452	141	39
367	286	1
102	402	97
112	316	32
424	228	100
210	336	1
91	455	84
66	87	62
463	248	75
297	486	61
190	14	14
8	220	32
65	136	65
348	68	45
149	46	45
355	4	58
230	350	96
393	355	47
8	309	83
358	343	76
115	239	62
494	460	4
279	273	11
147	266	22
79	171	47
410	487	82
377	227	62
411	61	96
10	296	69
68	53	16
433	398	53
460	66	15
267	185	16
62	138	68
7	326	95
182	68	83
10	114	65
261	481	16
308	463	99
2	157	55
30	72	77
364	131	42
291	300	30
429	337	8
141	446	96
490	264	33
439	387	18
372	221	39
129	218	2
394	488	9
217	119	7
37	479	22
66	22	67
15	362	46
221	405	31
405	11	7
409	322	96
405	17	37
433	480	95
216	186	19
78	127	36
327	345	10
45	183	78
388	422	35
217	241	98
283	57	92
10	481	54
11	238	44
36	194	90
128	262	87
271	311	47
415	458	35
488	132	71
146	162	87
394	493	52
411	422	9
291	121	47
148	131	57
291	132	37
357	431	69
309	169	8
64	17	52
220	80	77
80	114	55
430	253	63
423	332	9
33	340	50
6	229	73
321	176	63
304	113	34
169	486	62
131	278	21
10	328	99
232	119	93
450	163	74
344	462	67
472	346	97
324	399	97
397	219	73
251	191	88
379	15	74
336	490	66
280	64	76
88	419	50
289	392	74
287	401	25
226	47	15
488	292	95
129	194	37
416	213	64
126	388	26
139	355	22
118	457	1
289	161	22
156	358	77
8	248	86
264	55	71
138	398	17
307	119	46
450	402	14
92	401	52
217	254	37
167	274	53
311	52	60
285	243	76
180	264	36
345	30	100
384	102	7
435	175	82
137	111	86
204	106	69
460	280	22
12	338	100
191	424	17
401	411	43
150	429	92
200	430	59
5	401	93
269	375	5
215	478	58
218	243	33
196	391	59
92	242	11
118	49	98
481	219	75
98	337	35
126	409	97
135	100	78
426	188	21
220	337	97
160	228	23
406	8	41
269	182	84
60	407	40
263	265	88
202	357	81
44	52	31
63	111	74
201	459	3
25	90	95
179	3	64
192	274	15
472	187	41
294	467	91
447	384	86
65	494	68
340	85	97
28	118	33
30	34	92
262	369	31
143	147	18
438	301	66
89	172	60
450	273	53
91	356	49
178	171	30
467	9	25
445	18	51
248	100	94
219	192	6
214	193	32
404	280	93
452	197	7
412	338	23
151	19	89
272	396	86
335	48	98
391	350	51
409	70	38
391	316	49
260	15	88
58	437	76
393	77	73
450	47	18
347	223	80
361	147	39
320	101	49
417	48	37
268	383	29
167	456	37
104	457	14
294	229	76
56	292	14
473	392	32
126	279	69
432	340	46
491	428	90
149	322	34
360	260	52
110	478	9
30	310	5
275	149	79
137	55	6
359	333	59
466	297	15
374	132	35
11	197	22
393	403	95
160	378	8
366	115	11
208	338	11
384	20	82
228	403	17
396	419	98
337	409	19
425	471	95
482	407	33
249	152	51
97	486	77
40	89	45
90	299	17
55	177	85
3	345	59
471	315	73
320	247	73
193	165	100
348	111	80
390	350	41
41	0	60
302	447	6
243	159	38
180	437	13
63	15	11
53	179	45
314	419	40
164	199	44
19	346	6
357	34	100
92	416	28
485	103	98
343	410	19
188	230	45
50	496	95
41	248	81
156	85	27
472	131	53
300	473	48
354	176	52
271	54	17
203	467	61
422	443	24
24	36	18
159	245	27
23	14	82
56	321	7
37	194	87
447	419	61
43	225	51
65	114	77
257	0	94
471	113	67
383	314	70
89	420	24
154	65	81
38	332	56
178	253	53
20	342	44
18	310	52
26	108	100
157	368	17
355	85	43
408	428	82
325	150	93
84	281	72
314	453	27
185	82	78
20	232	85
165	133	72
73	325	83
467	455	3
391	266	90
479	136	30
97	173	13
459	482	56
438	384	8
346	264	68
91	238	82
173	124	22
307	379	81
453	236	34
422	70	77
303	344	93
305	320	50
191	63	57
355	492	69
135	380	51
76	60	11
462	489	97
340	77	80
178	474	84
7	298	85
170	235	2
486	274	36
450	472	39
447	134	42
447	316	65
3	337	55
491	81	4
492	44	58
265	158	59
417	131	55
359	235	34
182	85	63
355	348	95
183	112	58
359	468	6
105	61	50
129	171	19
447	94	85
438	148	56
356	282	46
184	214	9
322	315	52
277	477	71
349	52	30
186	319	47
94	169	2
126	38	41
385	181	95
367	217	23
487	404	15
122	17	72
41	193	87
47	427	3
155	349	82
305	16	25
93	344	14
260	244	76
481	248	25
483	465	91
423	402	21
488	385	70
60	114	21
466	419	12
327	103	76
309	249	89
256	399	89
305	254	96
98	329	28
473	121	49
244	109	71
44	314	77
442	13	36
66	285	18
238	263	31
18	466	55
388	321	13
147	389	40
62	115	61
433	480	73
240	346	44
142	247	5
228	2	82
431	440	85
161	333	31
133	170	27
42	246	88
403	198	29
400	335	86
416	190	93
109	282	30
11	55	14
493	394	83
23	292	43
178	410	78
135	118	65
369	68	16
358	417	30
274	397	9
332	110	68
115	92	17
449	173	99
400	473	58
481	34	24
177	60	66
168	376	76
395	199	48
45	41	41
76	298	99
361	11	85
341	305	21
165	495	49
269	339	36
122	334	4
447	346	62
412	87	25
202	336	63
205	172	58
112	430	45
96	311	42
47	100	49
476	278	15
236	360	25
199	465	56
81	172	43
110	71	64
401	347	59
304	258	15
39	452	91
68	57	80
89	233	48
25	104	87
57	331	89
345	392	28
423	251	81
16	72	49
372	114	52
374	358	72
354	380	68
123	50	11
17	221	28
356	187	48
470	382	15
330	139	90
76	8	63
190	335	78
359	162	75
433	312	3
86	304	66
493	9	62
159	6	27
185	230	45
97	156	9
318	379	43
102	340	3
384	66	15
318	173	75
175	117	89
321	123	19
282	85	63
406	8	54
216	374	78
89	394	40
348	408	35
409	446	77
203	22	98
449	452	83
9	167	67
59	394	83
375	127	8
459	409	69
305	170	75
41	166	53
168	83	24
82	425	38
50	45	27
174	184	56
400	63	78
327	405	89
495	165	97
54	342	37
486	316	1
95	494	24
316	480	94
424	359	77
216	284	97
102	412	38
17	189	41
342	189	30
489	93	3
4	412	12
122	34	44
351	288	82
130	157	36
469	359	14
210	103	82
78	194	28
159	457	54
41	271	45
114	286	34
66	202	87
73	140	38
182	409	95
456	369	46
188	167	34
150	493	99
42	130	43
356	125	56
244	69	62
274	328	8
342	287	41
27	72	96
352	166	49
40	313	31
5	284	20
206	429	22
210	446	63
328	342	47
447	294	90
42	104	2
241	288	81
374	50	29
16	380	60
110	492	27
358	159	98
183	42	16
145	261	94
237	494	50
162	226	23
54	57	98
240	483	52
310	16	19
173	198	6
402	386	47
340	483	64
241	134	58
365	189	66
323	389	55
109	410	28
103	141	46
208	106	77
250	195	56
112	339	70
401	36	23
350	320	85
256	135	100
456	225	4
240	120	40
0	300	80
96	27	71
200	207	78
263	244	87
196	84	77
443	134	80
455	112	3
342	448	82
123	271	57
455	482	67
287	98	19
286	443	51
178	233	76
345	258	58
392	9	6
293	79	90
335	407	69
62	314	35
206	459	49
105	450	99
221	448	22
261	20	19
88	403	9
474	168	7
130	318	17
302	408	91
297	10	69
193	338	46
114	496	59
172	495	44
70	412	23
407	228	55
340	446	39
60	457	30
195	142	10
174	194	42
320	360	33
383	352	55
488	451	44
412	10	100
486	23	72
60	411	34
496	477	75
183	190	12
230	183	13
309	31	57
210	143	71
216	489	7
476	455	63
164	192	29
486	430	15
215	46	98
202	89	36
16	94	60
6	399	82
92	436	18
428	131	60
226	36	44
375	309	47
143	251	62
419	450	94
215	166	70
343	112	76
93	163	87
482	270	48
91	366	60
343	421	84
271	432	36
191	49	50
275	416	88
401	266	85
197	317	74
193	489	100
131	98	48
111	406	35
185	199	82
117	172	23
18	132	70
106	446	58
280	340	17
352	25	18
297	425	17
204	81	29
394	387	24
306	208	6