175
122
164
189
174
172
129
153
117
182
185
125
123
146
123
120
199
199
174
141
162
108
140
161
145
149
136
129
200
182
126
136
167
193
101
184
120
156
189
118
136
154
123
121
152
165
125
102
112
142
177
171
120
138
181
126
110
193
103
154
101
153
185
111
178
135
167
115
106
176
107
198
168
170
197
150
119
102
101
100
124
132
136
164
167
123
194
117
114
115
162
196
114
179
142
138
155
200
101
162
172
160
121
142
167
146
121
195
107
103
128
141
187
138
117
111
101
116
163
150
111
132
183
107
105
196
178
179
117
185
102
164
184
106
116
144
168
135
106
124
199
130
167
149
146
192
131
173
167
132
156
101
108
190
100
106
173
149
156
187
116
172
142
195
191
110
171
181
152
167
159
113
185
101
148
163
138
199
141
159
189
158
107
142
100
151
139
194
112
173
108
135
146
177
158
175
194
167
200
147
