0	5	66
0	7	35
0	9	77
0	16	51
0	24	11
0	26	75
0	31	11
0	34	75
0	38	32
0	40	48
0	44	57
0	45	11
0	46	96
0	47	7
0	51	100
0	53	46
0	64	56
0	67	57
0	70	14
0	71	97
0	72	87
0	77	85
0	82	38
0	84	36
0	86	60
0	88	66
0	89	90
0	90	28
0	94	100
0	96	61
0	101	47
0	103	40
0	104	93
0	109	73
0	115	4
0	116	9
0	119	47
0	122	70
0	124	100
0	128	28
0	133	37
0	138	29
0	139	56
0	140	73
0	150	32
0	153	95
0	156	96
0	160	50
0	163	49
0	168	11
0	169	100
0	171	1
0	173	82
0	174	67
0	180	12
0	181	53
0	182	1
0	183	44
0	190	7
0	192	5
0	193	89
0	194	10
0	198	80
0	199	79
1	4	50
1	7	68
1	12	19
1	14	87
1	19	6
1	26	33
1	29	61
1	34	15
1	39	32
1	48	42
1	52	34
1	54	100
1	55	69
1	58	63
1	62	79
1	66	20
1	68	18
1	70	1
1	71	69
1	83	52
1	91	15
1	96	62
1	99	37
1	101	14
1	102	79
1	104	3
1	105	57
1	109	74
1	114	14
1	120	64
1	121	3
1	123	4
1	124	37
1	125	38
1	128	47
1	130	41
1	132	18
1	134	98
1	135	22
1	142	74
1	149	37
1	150	70
1	153	39
1	154	56
1	155	8
1	171	55
1	173	95
1	174	65
1	175	95
1	177	55
1	181	97
1	182	36
1	183	87
1	185	84
1	187	9
1	188	80
1	190	1
1	193	17
1	194	1
1	195	72
2	7	5
2	10	48
2	11	12
2	14	76
2	21	87
2	24	72
2	28	20
2	31	100
2	34	66
2	36	25
2	39	60
2	40	11
2	43	73
2	46	95
2	47	6
2	49	69
2	51	60
2	54	91
2	60	22
2	64	37
2	65	91
2	76	84
2	77	64
2	81	61
2	82	26
2	87	53
2	88	50
2	89	1
2	92	1
2	96	4
2	103	56
2	104	35
2	105	21
2	108	16
2	111	61
2	117	93
2	121	5
2	123	92
2	126	67
2	128	97
2	131	12
2	133	88
2	134	85
2	139	78
2	146	66
2	148	62
2	150	27
2	152	20
2	157	6
2	160	63
2	163	55
2	167	65
2	168	66
2	173	41
2	180	56
2	183	34
2	186	41
2	196	30
2	198	10
3	4	32
3	7	78
3	10	85
3	12	72
3	14	44
3	23	25
3	26	72
3	27	50
3	28	84
3	35	30
3	37	60
3	38	83
3	39	35
3	42	86
3	44	75
3	47	7
3	48	29
3	49	64
3	56	95
3	63	9
3	64	84
3	69	11
3	72	24
3	77	86
3	85	49
3	89	34
3	90	20
3	94	47
3	95	100
3	98	97
3	99	44
3	107	87
3	110	63
3	112	50
3	116	18
3	120	25
3	122	52
3	130	23
3	132	14
3	139	6
3	143	47
3	148	43
3	149	26
3	150	3
3	151	83
3	153	72
3	165	33
3	174	48
3	176	36
3	177	57
3	178	63
3	179	19
3	185	58
3	189	86
3	190	36
3	191	92
3	197	73
4	7	98
4	8	66
4	10	54
4	13	35
4	22	88
4	24	18
4	28	33
4	32	92
4	34	30
4	35	60
4	43	18
4	46	93
4	50	20
4	51	71
4	53	18
4	54	86
4	58	61
4	60	29
4	64	61
4	67	15
4	70	26
4	73	30
4	75	80
4	77	42
4	88	33
4	89	71
4	95	97
4	96	67
4	106	51
4	109	62
4	115	25
4	117	30
4	120	91
4	126	2
4	129	23
4	131	98
4	135	61
4	136	96
4	139	61
4	140	71
4	141	73
4	142	83
4	148	92
4	149	30
4	151	20
4	154	97
4	165	18
4	167	19
4	169	41
4	171	46
4	172	63
4	175	1
4	177	58
4	178	18
4	181	61
4	183	82
4	187	62
4	188	15
4	191	95
4	198	65
5	6	59
5	7	2
5	10	61
5	12	54
5	19	34
5	22	38
5	30	47
5	31	94
5	33	12
5	44	58
5	49	10
5	52	81
5	55	65
5	62	12
5	63	53
5	65	64
5	74	66
5	76	22
5	79	60
5	80	61
5	82	14
5	87	94
5	91	11
5	92	93
5	94	61
5	96	88
5	98	59
5	100	51
5	112	86
5	114	86
5	118	55
5	122	57
5	123	54
5	126	99
5	127	53
5	128	31
5	130	49
5	132	93
5	137	57
5	140	30
5	143	84
5	145	79
5	146	64
5	148	39
5	149	12
5	158	23
5	160	9
5	161	79
5	163	81
5	165	3
5	166	54
5	173	48
5	174	5
5	175	7
5	177	2
5	178	57
5	186	64
5	187	87
5	193	57
5	198	17
6	8	35
6	9	22
6	11	22
6	14	70
6	16	32
6	19	98
6	23	44
6	28	99
6	35	30
6	39	47
6	42	22
6	45	67
6	46	38
6	49	66
6	53	39
6	63	5
6	64	37
6	68	51
6	72	94
6	76	82
6	78	83
6	81	91
6	82	13
6	85	86
6	93	75
6	94	77
6	95	91
6	101	64
6	104	82
6	109	40
6	110	46
6	113	83
6	114	61
6	115	40
6	119	12
6	122	57
6	123	28
6	135	87
6	139	86
6	144	36
6	145	17
6	148	45
6	156	48
6	160	25
6	164	18
6	166	51
6	167	44
6	168	15
6	169	68
6	186	70
6	190	93
6	191	61
6	196	29
7	9	97
7	10	57
7	12	56
7	19	79
7	20	67
7	23	77
7	26	12
7	27	84
7	31	30
7	33	50
7	34	32
7	38	92
7	41	21
7	43	6
7	47	44
7	49	8
7	50	87
7	51	100
7	55	97
7	58	70
7	59	31
7	60	56
7	64	84
7	65	51
7	75	43
7	81	2
7	84	56
7	88	90
7	90	34
7	93	1
7	94	39
7	97	75
7	100	36
7	103	27
7	108	97
7	109	72
7	122	42
7	123	80
7	124	42
7	126	39
7	128	64
7	129	42
7	130	80
7	131	92
7	132	36
7	141	26
7	147	5
7	155	63
7	157	62
7	161	72
7	163	39
7	165	39
7	166	71
7	167	50
7	171	65
7	172	73
7	173	91
7	174	28
7	180	99
7	182	81
7	190	80
7	197	100
8	22	36
8	24	2
8	25	59
8	41	26
8	46	4
8	51	92
8	53	98
8	55	9
8	70	65
8	75	20
8	76	41
8	78	10
8	79	73
8	80	73
8	81	37
8	83	60
8	84	99
8	86	23
8	89	32
8	90	78
8	92	47
8	93	46
8	95	19
8	96	26
8	99	9
8	113	89
8	115	45
8	121	99
8	124	24
8	127	45
8	129	29
8	134	63
8	135	53
8	136	49
8	142	88
8	146	53
8	151	74
8	157	99
8	159	9
8	165	8
8	172	37
8	176	22
8	178	51
8	182	29
8	183	28
8	189	53
8	193	73
8	197	47
9	20	12
9	21	38
9	25	35
9	26	78
9	27	40
9	28	72
9	32	99
9	33	4
9	39	48
9	41	44
9	42	58
9	48	82
9	50	65
9	51	48
9	52	81
9	53	83
9	59	54
9	64	63
9	66	89
9	69	5
9	71	70
9	72	43
9	75	39
9	80	13
9	84	79
9	85	23
9	87	55
9	88	8
9	91	58
9	92	87
9	95	55
9	97	21
9	103	68
9	109	44
9	112	85
9	113	36
9	114	46
9	115	50
9	119	53
9	124	5
9	125	79
9	130	78
9	136	4
9	137	15
9	140	4
9	142	47
9	144	84
9	148	60
9	149	46
9	150	77
9	155	72
9	157	20
9	158	54
9	162	85
9	170	8
9	176	9
9	177	34
9	193	67
9	194	85
9	196	17
10	12	65
10	14	2
10	15	29
10	17	95
10	21	51
10	22	90
10	25	59
10	26	51
10	30	30
10	32	93
10	34	44
10	35	88
10	36	56
10	38	75
10	39	4
10	45	83
10	48	54
10	49	54
10	50	84
10	56	43
10	63	26
10	68	17
10	70	87
10	72	1
10	76	93
10	85	2
10	86	52
10	88	49
10	98	52
10	102	70
10	103	30
10	107	68
10	111	88
10	112	16
10	113	71
10	116	91
10	121	93
10	123	100
10	137	68
10	138	80
10	141	79
10	150	10
10	152	71
10	153	27
10	159	56
10	163	34
10	165	83
10	171	91
10	175	51
10	176	51
10	183	74
10	185	21
10	190	79
10	194	35
10	196	49
10	197	20
10	198	73
10	199	60
11	12	54
11	15	46
11	17	58
11	19	46
11	25	34
11	29	64
11	30	68
11	31	84
11	32	19
11	37	43
11	41	67
11	49	54
11	59	23
11	65	4
11	66	35
11	69	61
11	71	1
11	76	48
11	80	35
11	81	88
11	82	94
11	83	54
11	85	63
11	86	94
11	88	2
11	91	83
11	92	47
11	93	23
11	98	91
11	99	69
11	104	92
11	105	62
11	106	39
11	109	74
11	110	67
11	113	58
11	117	84
11	131	29
11	142	58
11	143	93
11	148	47
11	151	38
11	155	40
11	157	6
11	158	54
11	159	91
11	166	67
11	173	98
11	174	12
11	175	87
11	179	45
11	187	83
11	188	85
11	190	95
11	193	50
11	197	33
11	198	5
11	199	67
12	15	60
12	18	96
12	20	20
12	21	77
12	22	73
12	28	20
12	31	43
12	36	56
12	37	9
12	38	95
12	39	62
12	40	30
12	41	59
12	44	84
12	46	37
12	49	65
12	51	66
12	52	39
12	54	24
12	55	41
12	56	83
12	65	45
12	68	64
12	75	63
12	76	80
12	79	18
12	80	6
12	82	31
12	85	51
12	92	62
12	95	55
12	99	34
12	100	96
12	103	16
12	107	5
12	110	19
12	111	97
12	115	59
12	116	99
12	118	38
12	121	53
12	125	36
12	126	90
12	128	52
12	129	93
12	137	3
12	138	62
12	140	96
12	141	46
12	147	35
12	149	8
12	151	96
12	152	24
12	157	40
12	160	49
12	163	27
12	164	74
12	165	61
12	169	94
12	171	50
12	172	56
12	176	77
12	177	57
12	182	39
12	184	40
12	185	62
12	186	28
12	189	70
12	191	56
12	192	3
12	194	3
12	197	68
13	17	57
13	19	97
13	27	57
13	31	23
13	37	94
13	38	59
13	41	35
13	48	52
13	49	57
13	50	21
13	51	26
13	53	26
13	54	83
13	56	12
13	72	92
13	74	22
13	75	13
13	76	54
13	80	16
13	90	90
13	93	27
13	98	8
13	101	90
13	102	11
13	109	35
13	110	38
13	112	80
13	113	16
13	114	40
13	118	48
13	119	52
13	127	4
13	133	25
13	134	79
13	138	33
13	139	70
13	143	62
13	158	86
13	162	61
13	166	68
13	167	10
13	168	16
13	171	42
13	176	16
13	178	89
13	180	40
13	183	3
13	187	3
13	188	99
13	191	52
13	199	95
14	15	70
14	25	27
14	40	86
14	44	62
14	46	2
14	49	35
14	52	65
14	57	64
14	59	35
14	64	57
14	67	48
14	69	83
14	71	19
14	75	59
14	80	71
14	83	3
14	84	63
14	89	85
14	90	5
14	91	86
14	98	43
14	102	71
14	106	24
14	112	77
14	116	65
14	122	77
14	132	56
14	134	30
14	139	2
14	142	2
14	144	53
14	150	3
14	151	43
14	154	87
14	157	27
14	158	94
14	159	98
14	165	23
14	166	70
14	168	3
14	169	18
14	171	26
14	172	60
14	174	48
14	178	34
14	183	9
14	187	7
14	189	46
14	190	41
14	193	18
14	197	18
15	20	65
15	21	44
15	23	10
15	30	66
15	32	33
15	36	84
15	37	69
15	39	74
15	42	39
15	43	10
15	45	69
15	48	98
15	51	16
15	52	72
15	57	25
15	62	41
15	64	76
15	65	84
15	79	87
15	81	46
15	82	46
15	84	49
15	87	30
15	91	3
15	95	10
15	96	23
15	101	56
15	105	52
15	108	32
15	109	93
15	113	9
15	117	73
15	118	63
15	126	86
15	134	41
15	136	79
15	139	56
15	144	55
15	150	4
15	151	11
15	153	13
15	154	66
15	157	20
15	161	13
15	162	35
15	167	48
15	170	6
15	171	84
15	176	56
15	178	64
15	183	90
15	184	37
15	185	84
15	186	35
15	189	73
15	192	92
15	197	19
15	199	57
16	18	29
16	22	73
16	23	84
16	29	36
16	30	33
16	33	31
16	35	89
16	36	67
16	37	67
16	38	24
16	39	73
16	40	73
16	41	37
16	50	63
16	52	60
16	58	7
16	61	48
16	66	26
16	74	34
16	76	12
16	77	30
16	85	67
16	87	44
16	91	90
16	93	72
16	94	71
16	97	82
16	98	75
16	103	61
16	105	51
16	109	25
16	110	17
16	111	50
16	112	47
16	118	97
16	123	25
16	124	16
16	125	76
16	128	21
16	132	25
16	140	93
16	141	86
16	148	89
16	149	90
16	150	3
16	151	99
16	154	80
16	157	77
16	159	37
16	162	40
16	163	18
16	171	46
16	172	97
16	184	93
16	185	46
16	188	96
16	189	12
16	190	79
16	196	47
17	19	13
17	21	28
17	22	95
17	27	23
17	30	83
17	33	75
17	35	45
17	40	46
17	44	3
17	48	16
17	53	52
17	54	58
17	58	66
17	59	42
17	64	95
17	65	3
17	67	36
17	68	11
17	69	71
17	73	94
17	76	86
17	79	13
17	81	49
17	84	11
17	88	44
17	91	64
17	94	93
17	96	92
17	107	16
17	108	99
17	109	35
17	111	46
17	128	21
17	131	63
17	133	43
17	137	11
17	142	98
17	145	16
17	163	21
17	165	77
17	167	17
17	169	52
17	173	45
17	175	93
17	180	41
17	183	32
17	184	39
17	189	27
17	190	42
17	191	17
17	193	58
17	198	77
18	24	86
18	25	57
18	26	75
18	27	91
18	28	98
18	34	61
18	41	38
18	43	5
18	45	9
18	46	13
18	52	59
18	54	64
18	59	1
18	61	67
18	64	81
18	72	4
18	74	76
18	77	16
18	81	92
18	82	96
18	95	44
18	97	74
18	107	3
18	108	3
18	113	33
18	118	64
18	119	82
18	120	30
18	121	18
18	125	31
18	126	79
18	129	11
18	131	64
18	133	11
18	135	63
18	141	39
18	143	56
18	151	84
18	159	27
18	163	26
18	164	47
18	168	67
18	170	54
18	171	41
18	173	18
18	178	65
18	187	68
18	190	38
18	191	48
18	193	80
18	197	11
18	199	95
19	24	79
19	26	52
19	31	81
19	32	32
19	33	91
19	34	62
19	41	8
19	42	93
19	44	69
19	46	91
19	48	74
19	50	13
19	54	97
19	56	47
19	61	23
19	62	46
19	64	80
19	65	8
19	71	44
19	73	8
19	76	66
19	77	71
19	79	33
19	81	27
19	85	10
19	94	58
19	97	93
19	101	60
19	102	77
19	109	2
19	117	53
19	118	66
19	121	7
19	125	72
19	141	87
19	143	26
19	150	25
19	151	81
19	159	95
19	166	17
19	170	48
19	172	44
19	177	47
19	179	74
19	183	74
19	185	61
19	186	76
19	190	11
19	196	73
19	199	41
20	24	1
20	28	85
20	37	42
20	41	3
20	43	87
20	51	48
20	53	39
20	57	29
20	63	64
20	67	47
20	69	26
20	70	12
20	72	13
20	75	45
20	76	70
20	79	95
20	82	70
20	86	100
20	94	15
20	99	60
20	100	19
20	101	77
20	102	85
20	105	25
20	108	80
20	109	40
20	111	16
20	113	2
20	116	65
20	117	14
20	119	89
20	120	63
20	121	53
20	124	96
20	125	40
20	126	10
20	127	54
20	128	38
20	130	98
20	132	14
20	135	47
20	136	79
20	137	16
20	138	68
20	140	64
20	141	33
20	152	98
20	160	83
20	163	56
20	167	73
20	170	4
20	171	25
20	175	24
20	176	6
20	177	77
20	179	26
20	185	36
20	186	20
20	187	9
20	189	76
20	193	93
20	194	29
20	196	10
21	33	91
21	36	89
21	44	7
21	48	8
21	49	55
21	52	58
21	57	13
21	72	52
21	73	25
21	80	55
21	82	15
21	86	74
21	95	77
21	96	13
21	98	17
21	100	89
21	103	67
21	105	55
21	106	24
21	111	22
21	115	54
21	116	43
21	120	100
21	124	92
21	125	85
21	126	8
21	129	80
21	135	30
21	137	96
21	139	76
21	144	80
21	145	9
21	148	14
21	152	5
21	153	87
21	157	23
21	158	27
21	160	66
21	167	22
21	171	98
21	176	19
21	187	89
21	190	100
21	191	59
21	194	4
21	198	70
21	199	61
22	27	17
22	31	46
22	33	45
22	34	49
22	37	77
22	42	80
22	46	70
22	47	53
22	49	89
22	50	8
22	51	5
22	55	53
22	57	79
22	59	24
22	66	1
22	72	51
22	73	69
22	75	11
22	76	68
22	80	96
22	82	24
22	84	30
22	91	3
22	94	46
22	95	1
22	98	61
22	102	25
22	106	84
22	113	61
22	115	29
22	117	55
22	118	22
22	120	64
22	124	17
22	125	44
22	126	36
22	128	17
22	132	13
22	135	63
22	136	1
22	140	87
22	142	22
22	144	39
22	147	51
22	150	86
22	153	63
22	154	14
22	155	19
22	166	25
22	167	47
22	171	8
22	174	63
22	185	60
22	188	48
22	189	75
22	190	94
22	193	20
22	196	82
22	197	54
22	198	10
23	24	58
23	26	48
23	32	20
23	36	85
23	51	100
23	56	69
23	58	96
23	60	27
23	62	71
23	64	84
23	71	38
23	74	19
23	85	51
23	91	50
23	93	11
23	96	10
23	99	64
23	100	20
23	102	20
23	109	1
23	110	19
23	113	32
23	115	59
23	119	42
23	125	2
23	127	51
23	131	73
23	133	97
23	135	10
23	140	57
23	141	28
23	148	95
23	153	34
23	154	91
23	158	86
23	161	49
23	162	16
23	164	17
23	165	40
23	167	24
23	168	53
23	172	24
23	179	80
23	180	62
23	187	85
23	190	38
23	192	9
23	197	100
24	26	18
24	30	39
24	32	58
24	34	15
24	36	64
24	37	61
24	39	86
24	42	5
24	54	77
24	55	22
24	56	4
24	69	10
24	77	4
24	78	61
24	80	62
24	83	17
24	85	55
24	86	1
24	90	57
24	92	54
24	94	54
24	96	58
24	98	41
24	99	77
24	105	75
24	110	20
24	112	33
24	114	44
24	116	40
24	118	93
24	120	41
24	122	58
24	123	61
24	126	77
24	127	34
24	128	85
24	129	95
24	130	25
24	133	2
24	138	16
24	142	23
24	150	92
24	155	30
24	158	17
24	159	100
24	160	88
24	163	65
24	167	25
24	168	79
24	177	37
24	179	5
24	181	15
24	183	44
24	184	12
24	190	80
24	191	13
24	193	80
24	194	21
25	30	84
25	31	7
25	32	40
25	40	32
25	41	54
25	42	22
25	46	84
25	49	33
25	50	92
25	52	96
25	54	48
25	57	65
25	59	42
25	66	86
25	69	39
25	72	28
25	83	44
25	90	75
25	95	70
25	99	33
25	100	90
25	102	21
25	107	55
25	115	42
25	116	53
25	121	47
25	123	49
25	126	29
25	132	33
25	135	37
25	137	23
25	139	66
25	142	40
25	148	59
25	153	82
25	155	64
25	160	92
25	162	77
25	163	93
25	165	49
25	169	75
25	174	84
25	183	4
25	190	27
25	191	55
25	198	95
26	27	94
26	28	40
26	32	72
26	37	29
26	40	63
26	44	5
26	46	70
26	52	9
26	53	78
26	55	45
26	56	94
26	61	38
26	64	77
26	65	61
26	70	44
26	71	100
26	72	37
26	74	76
26	76	56
26	81	79
26	88	52
26	92	67
26	101	33
26	102	85
26	106	82
26	110	50
26	114	86
26	117	61
26	119	72
26	120	94
26	121	52
26	122	88
26	127	98
26	133	23
26	135	27
26	136	6
26	139	11
26	140	74
26	141	4
26	144	2
26	145	56
26	148	15
26	152	26
26	153	47
26	155	72
26	158	48
26	161	31
26	162	22
26	164	92
26	166	16
26	167	45
26	168	44
26	169	38
26	171	88
26	174	10
26	191	90
26	195	51
26	197	99
26	198	84
27	28	39
27	30	50
27	37	36
27	39	28
27	40	82
27	41	15
27	46	55
27	51	21
27	54	98
27	57	95
27	59	83
27	60	79
27	68	83
27	76	45
27	79	15
27	82	81
27	83	91
27	86	64
27	87	49
27	91	78
27	93	53
27	95	27
27	97	16
27	104	33
27	105	63
27	106	65
27	107	80
27	110	57
27	117	45
27	118	60
27	123	56
27	125	9
27	127	31
27	129	68
27	133	98
27	138	54
27	141	47
27	143	17
27	144	17
27	145	14
27	146	44
27	147	13
27	148	33
27	150	46
27	156	100
27	157	89
27	158	80
27	159	11
27	166	58
27	171	65
27	173	29
27	177	75
27	178	55
27	179	93
27	188	23
27	189	91
27	194	42
28	32	98
28	39	9
28	42	51
28	47	27
28	56	69
28	59	6
28	65	61
28	68	10
28	70	76
28	77	80
28	81	3
28	84	74
28	85	74
28	92	2
28	93	58
28	94	3
28	98	19
28	100	89
28	101	65
28	106	28
28	109	98
28	112	8
28	114	22
28	117	1
28	118	96
28	119	31
28	120	15
28	121	13
28	123	67
28	125	43
28	126	77
28	127	89
28	131	37
28	136	2
28	140	30
28	141	54
28	143	1
28	147	47
28	150	73
28	153	46
28	154	51
28	162	17
28	164	97
28	166	18
28	170	92
28	171	87
28	175	58
28	181	84
28	183	59
28	184	48
28	198	46
29	30	100
29	34	20
29	36	52
29	37	33
29	42	32
29	55	8
29	56	24
29	59	7
29	62	57
29	63	76
29	64	33
29	66	24
29	69	99
29	70	65
29	73	8
29	76	1
29	80	16
29	82	64
29	100	93
29	108	57
29	113	20
29	114	63
29	115	94
29	122	93
29	123	85
29	126	73
29	132	33
29	134	61
29	136	59
29	140	16
29	145	78
29	148	82
29	151	95
29	158	97
29	163	65
29	176	37
29	177	36
29	179	94
29	180	20
29	181	25
29	183	70
29	189	15
29	193	89
29	196	78
30	31	6
30	32	88
30	40	68
30	50	27
30	51	2
30	52	31
30	54	80
30	55	100
30	59	99
30	61	45
30	62	26
30	64	12
30	65	47
30	68	4
30	70	63
30	71	99
30	72	95
30	73	53
30	80	24
30	85	25
30	91	14
30	94	41
30	100	30
30	105	34
30	107	70
30	109	55
30	114	7
30	122	1
30	124	27
30	127	69
30	128	1
30	130	37
30	132	7
30	135	100
30	139	50
30	148	54
30	158	86
30	160	1
30	161	25
30	163	64
30	164	56
30	170	28
30	174	46
30	178	62
30	179	38
30	180	6
30	186	38
30	187	10
30	188	59
30	190	99
30	198	43
31	32	11
31	33	58
31	34	16
31	39	19
31	40	38
31	44	55
31	52	17
31	55	4
31	58	42
31	63	34
31	65	100
31	66	61
31	67	95
31	74	21
31	76	48
31	78	78
31	81	23
31	82	3
31	88	9
31	92	95
31	95	80
31	97	5
31	98	17
31	102	39
31	104	89
31	107	9
31	108	57
31	114	56
31	115	66
31	118	6
31	119	18
31	120	65
31	121	46
31	127	100
31	128	66
31	137	55
31	142	45
31	145	59
31	146	55
31	148	79
31	149	90
31	154	49
31	156	39
31	162	29
31	165	88
31	173	32
31	176	89
31	185	5
31	186	44
31	187	39
31	189	100
31	196	28
31	197	90
31	198	77
32	33	95
32	39	41
32	41	67
32	42	44
32	44	17
32	49	56
32	56	93
32	57	87
32	60	86
32	62	18
32	71	29
32	72	90
32	73	35
32	76	72
32	78	79
32	87	57
32	89	70
32	91	5
32	94	48
32	97	15
32	101	36
32	106	29
32	112	41
32	114	82
32	122	45
32	125	16
32	126	80
32	127	91
32	130	23
32	133	39
32	134	38
32	136	75
32	140	17
32	141	29
32	149	40
32	150	47
32	151	15
32	155	83
32	156	7
32	161	2
32	163	47
32	169	79
32	172	75
32	174	7
32	175	94
32	178	97
32	179	46
32	181	92
32	183	17
32	186	99
32	189	6
32	193	44
32	196	5
32	198	24
33	36	65
33	39	44
33	40	44
33	43	38
33	45	4
33	46	30
33	49	74
33	50	33
33	55	25
33	64	87
33	67	21
33	68	88
33	74	36
33	78	17
33	81	63
33	86	32
33	87	48
33	90	55
33	91	3
33	93	79
33	99	39
33	101	36
33	102	26
33	107	25
33	111	79
33	115	80
33	116	7
33	119	5
33	122	38
33	123	57
33	125	56
33	126	39
33	128	74
33	131	56
33	133	68
33	134	41
33	137	26
33	138	81
33	143	70
33	149	76
33	151	70
33	154	82
33	155	93
33	157	100
33	160	69
33	161	31
33	167	4
33	168	98
33	176	73
33	178	19
33	180	94
33	185	14
33	186	43
33	190	1
33	191	69
33	192	39
33	193	70
33	197	72
33	198	71
33	199	16
34	36	24
34	38	65
34	46	49
34	49	66
34	53	11
34	55	62
34	56	9
34	59	93
34	61	90
34	70	13
34	74	27
34	78	58
34	80	44
34	83	92
34	87	79
34	90	53
34	102	46
34	105	57
34	106	36
34	108	75
34	114	58
34	115	87
34	116	51
34	118	88
34	119	99
34	123	96
34	124	2
34	128	55
34	129	48
34	130	55
34	136	28
34	143	69
34	145	26
34	150	69
34	153	80
34	154	83
34	159	33
34	164	82
34	170	45
34	171	82
34	174	37
34	175	23
34	184	98
34	189	1
34	195	69
34	199	18
35	37	86
35	38	73
35	43	89
35	44	47
35	46	59
35	51	2
35	53	11
35	59	42
35	60	43
35	61	66
35	68	34
35	70	96
35	71	15
35	74	21
35	79	34
35	80	17
35	83	20
35	88	14
35	89	96
35	91	32
35	105	100
35	107	51
35	112	33
35	113	59
35	115	7
35	117	8
35	118	87
35	119	70
35	121	6
35	126	99
35	128	70
35	131	72
35	134	59
35	136	31
35	139	68
35	144	70
35	146	53
35	148	13
35	153	24
35	160	18
35	161	97
35	165	89
35	166	58
35	168	41
35	169	31
35	170	5
35	172	57
35	181	77
35	183	48
35	185	11
35	186	35
35	188	16
35	192	71
35	193	43
35	195	18
35	196	41
35	198	62
36	37	65
36	42	51
36	43	21
36	44	74
36	45	3
36	47	79
36	49	4
36	50	12
36	56	18
36	62	26
36	66	11
36	69	75
36	71	27
36	74	49
36	75	36
36	78	43
36	79	86
36	81	84
36	82	91
36	83	57
36	86	13
36	87	99
36	88	81
36	89	65
36	94	48
36	96	68
36	102	32
36	105	63
36	112	34
36	116	6
36	118	43
36	125	83
36	127	76
36	129	55
36	132	38
36	135	86
36	137	86
36	142	21
36	144	84
36	145	48
36	146	6
36	154	23
36	155	43
36	157	56
36	161	45
36	173	91
36	176	23
36	179	25
36	180	3
36	185	44
36	187	76
36	188	59
36	189	50
36	190	32
36	192	12
36	194	14
36	196	12
36	198	32
37	40	2
37	43	12
37	45	19
37	47	15
37	48	6
37	50	77
37	54	60
37	56	83
37	57	72
37	61	36
37	69	66
37	75	48
37	76	53
37	77	38
37	82	21
37	83	63
37	84	4
37	89	74
37	92	66
37	94	58
37	100	3
37	101	92
37	103	1
37	106	88
37	112	14
37	113	71
37	117	16
37	118	98
37	123	20
37	125	99
37	126	42
37	131	73
37	139	40
37	141	11
37	142	14
37	149	27
37	152	94
37	154	89
37	155	65
37	164	90
37	165	59
37	168	58
37	170	24
37	171	60
37	173	91
37	175	90
37	176	70
37	183	13
37	189	91
37	195	86
37	196	12
38	43	69
38	45	23
38	46	62
38	49	58
38	50	46
38	55	73
38	56	18
38	58	30
38	59	19
38	62	18
38	65	26
38	72	87
38	74	56
38	76	57
38	77	2
38	78	40
38	83	90
38	87	6
38	93	83
38	96	67
38	99	40
38	102	7
38	104	2
38	106	69
38	109	7
38	111	26
38	114	22
38	116	10
38	119	58
38	123	8
38	131	53
38	151	16
38	153	41
38	155	100
38	156	77
38	159	19
38	164	53
38	166	97
38	167	92
38	170	61
38	174	37
38	177	70
38	178	50
38	180	16
38	181	95
38	185	85
38	187	14
38	188	20
39	48	68
39	49	15
39	51	85
39	53	89
39	54	20
39	57	83
39	61	37
39	63	26
39	68	91
39	69	16
39	70	72
39	81	88
39	82	42
39	84	34
39	96	92
39	99	84
39	100	22
39	101	61
39	104	68
39	109	91
39	112	65
39	122	69
39	127	50
39	128	63
39	129	7
39	136	7
39	143	72
39	144	30
39	145	26
39	146	53
39	150	83
39	154	34
39	156	40
39	160	97
39	163	79
39	167	17
39	169	83
39	172	27
39	177	17
39	178	3
39	179	81
39	182	45
39	183	53
39	185	91
39	186	37
39	197	25
39	198	76
40	43	75
40	48	14
40	54	35
40	55	60
40	56	95
40	60	10
40	61	96
40	63	51
40	71	32
40	72	14
40	74	88
40	77	74
40	78	8
40	81	76
40	88	79
40	92	29
40	93	9
40	97	47
40	98	59
40	104	58
40	107	22
40	111	76
40	112	1
40	114	96
40	115	83
40	119	39
40	122	35
40	125	91
40	128	17
40	135	74
40	138	92
40	140	87
40	143	63
40	149	81
40	150	49
40	151	79
40	164	17
40	167	69
40	176	62
40	177	58
40	178	22
40	183	70
40	186	8
40	190	3
40	191	80
40	196	57
40	198	89
41	42	27
41	49	44
41	50	39
41	52	96
41	58	66
41	60	11
41	61	82
41	63	15
41	72	63
41	73	66
41	77	60
41	78	48
41	83	54
41	85	53
41	87	2
41	88	57
41	93	44
41	94	71
41	97	29
41	101	9
41	106	53
41	109	46
41	117	92
41	123	1
41	126	15
41	135	76
41	138	10
41	141	21
41	150	86
41	156	49
41	162	64
41	163	84
41	164	5
41	169	97
41	170	15
41	172	19
41	175	28
41	179	37
41	181	38
41	188	31
41	189	16
41	193	29
41	196	1
42	47	6
42	51	100
42	53	54
42	59	29
42	62	65
42	67	97
42	70	43
42	71	74
42	74	6
42	81	56
42	82	47
42	84	28
42	87	11
42	88	61
42	91	13
42	92	41
42	93	16
42	100	20
42	101	26
42	108	35
42	114	6
42	118	11
42	121	2
42	130	14
42	132	81
42	136	65
42	139	57
42	144	34
42	147	54
42	149	52
42	168	11
42	170	99
42	172	61
42	176	43
42	177	13
42	178	18
42	186	54
42	187	53
42	192	54
43	45	3
43	47	93
43	51	26
43	53	1
43	57	68
43	58	5
43	59	15
43	62	70
43	65	67
43	70	63
43	80	31
43	81	58
43	84	19
43	86	2
43	87	41
43	89	10
43	91	38
43	92	9
43	102	22
43	108	23
43	119	93
43	120	57
43	122	35
43	129	95
43	134	57
43	137	89
43	139	82
43	140	27
43	141	25
43	145	57
43	151	96
43	153	29
43	154	76
43	155	46
43	164	87
43	166	18
43	173	81
43	174	82
43	179	44
43	182	57
43	183	89
43	184	61
43	186	37
43	194	83
43	195	20
44	45	31
44	50	25
44	54	34
44	60	86
44	61	56
44	64	13
44	66	43
44	68	70
44	69	30
44	75	68
44	78	7
44	81	12
44	93	68
44	94	34
44	107	96
44	108	79
44	110	85
44	111	72
44	113	29
44	116	6
44	118	68
44	122	28
44	125	90
44	128	84
44	130	40
44	132	99
44	135	63
44	137	41
44	139	7
44	141	60
44	148	7
44	149	77
44	151	42
44	159	1
44	160	92
44	166	6
44	169	81
44	171	11
44	172	17
44	177	76
44	179	98
44	181	97
44	183	77
44	187	13
44	188	54
44	191	44
44	192	6
45	47	20
45	52	43
45	59	31
45	70	57
45	75	22
45	76	81
45	79	97
45	81	65
45	86	82
45	89	53
45	91	70
45	96	74
45	97	25
45	99	50
45	109	3
45	110	66
45	112	97
45	114	74
45	116	17
45	120	60
45	128	27
45	134	12
45	141	98
45	145	73
45	146	6
45	147	81
45	150	48
45	153	53
45	154	20
45	162	57
45	174	67
45	181	76
45	185	1
45	189	48
45	192	23
45	198	88
45	199	72
46	48	78
46	52	81
46	53	99
46	54	90
46	55	91
46	58	34
46	61	78
46	62	71
46	63	68
46	65	36
46	70	47
46	78	60
46	86	85
46	88	91
46	90	66
46	94	50
46	95	71
46	96	82
46	98	10
46	99	22
46	100	82
46	101	65
46	104	48
46	108	81
46	110	88
46	115	2
46	119	69
46	124	7
46	125	74
46	127	42
46	131	7
46	140	72
46	143	52
46	145	18
46	146	3
46	155	59
46	161	23
46	165	96
46	167	59
46	172	40
46	179	7
46	183	40
46	186	83
46	192	30
47	51	10
47	52	89
47	56	66
47	57	60
47	63	32
47	65	14
47	66	21
47	67	42
47	71	75
47	72	73
47	75	50
47	77	85
47	79	35
47	83	8
47	93	84
47	99	76
47	102	95
47	107	45
47	108	65
47	109	46
47	114	87
47	115	9
47	116	87
47	120	22
47	126	9
47	127	73
47	132	58
47	133	26
47	136	30
47	137	83
47	141	39
47	144	62
47	150	83
47	153	84
47	154	99
47	157	63
47	158	89
47	163	96
47	165	38
47	166	59
47	167	95
47	173	2
47	176	41
47	177	24
47	183	47
47	195	51
47	197	11
47	199	98
48	49	6
48	53	38
48	55	87
48	56	16
48	58	81
48	61	60
48	62	80
48	64	83
48	67	46
48	68	47
48	70	48
48	71	49
48	72	74
48	75	7
48	78	1
48	80	82
48	88	5
48	96	54
48	99	87
48	107	50
48	109	67
48	110	54
48	112	82
48	114	33
48	125	62
48	132	81
48	137	22
48	139	13
48	146	14
48	159	81
48	162	28
48	163	89
48	170	92
48	171	42
48	173	15
48	179	10
48	183	53
48	185	53
48	187	48
48	191	70
49	50	14
49	51	7
49	54	78
49	57	86
49	59	53
49	61	73
49	62	51
49	68	85
49	71	12
49	75	40
49	78	21
49	80	44
49	85	32
49	90	71
49	92	40
49	94	60
49	95	72
49	97	38
49	98	60
49	99	96
49	105	16
49	108	24
49	112	82
49	117	25
49	122	100
49	125	75
49	127	96
49	128	88
49	129	12
49	130	82
49	133	30
49	134	16
49	135	54
49	138	50
49	139	79
49	143	11
49	148	6
49	149	21
49	150	87
49	152	12
49	155	80
49	159	62
49	161	92
49	162	50
49	163	83
49	167	96
49	168	74
49	170	89
49	173	35
49	179	20
49	180	100
49	185	5
49	187	51
49	192	52
49	194	36
50	51	11
50	52	19
50	54	87
50	55	63
50	56	58
50	60	76
50	62	54
50	63	77
50	66	22
50	70	31
50	80	4
50	82	95
50	83	75
50	88	10
50	93	74
50	97	35
50	98	61
50	99	1
50	100	85
50	101	99
50	103	54
50	109	75
50	110	89
50	112	88
50	116	54
50	121	94
50	126	30
50	129	35
50	137	90
50	145	11
50	146	47
50	147	91
50	148	18
50	149	26
50	153	92
50	155	36
50	157	19
50	160	79
50	162	74
50	163	11
50	164	85
50	165	14
50	166	67
50	171	76
50	177	21
50	178	66
50	182	97
50	184	67
50	185	17
50	187	73
50	192	38
50	197	90
50	198	81
50	199	5
51	55	94
51	56	57
51	57	31
51	58	9
51	61	97
51	63	63
51	67	62
51	71	88
51	80	20
51	81	51
51	83	3
51	87	95
51	88	30
51	90	19
51	93	76
51	95	43
51	98	5
51	101	98
51	102	3
51	106	51
51	107	83
51	108	95
51	112	20
51	114	69
51	115	100
51	117	92
51	118	12
51	119	59
51	123	76
51	124	52
51	125	40
51	133	69
51	135	59
51	137	87
51	139	21
51	141	49
51	145	56
51	153	27
51	157	27
51	159	65
51	161	92
51	164	69
51	166	61
51	167	75
51	170	43
51	174	73
51	175	78
51	184	4
51	193	98
51	194	69
51	197	22
51	198	65
52	58	55
52	61	5
52	64	50
52	66	94
52	68	12
52	74	23
52	75	68
52	76	9
52	78	25
52	79	27
52	80	13
52	81	44
52	82	40
52	83	63
52	85	81
52	89	77
52	91	25
52	93	86
52	94	26
52	96	74
52	98	74
52	99	51
52	100	98
52	108	6
52	111	75
52	113	73
52	114	23
52	115	55
52	119	33
52	121	26
52	128	86
52	130	64
52	134	67
52	135	58
52	138	62
52	139	53
52	141	52
52	145	48
52	149	69
52	153	94
52	156	5
52	158	71
52	160	31
52	170	26
52	171	23
52	174	10
52	175	12
52	178	53
52	182	37
52	191	9
52	192	22
52	193	100
52	196	40
53	62	34
53	68	36
53	72	37
53	73	25
53	76	97
53	80	35
53	81	31
53	86	16
53	89	11
53	94	95
53	98	43
53	106	54
53	107	86
53	109	42
53	118	65
53	121	35
53	122	24
53	123	87
53	124	99
53	127	63
53	128	6
53	134	26
53	135	15
53	136	54
53	138	5
53	150	92
53	152	69
53	158	95
53	159	96
53	160	34
53	161	60
53	166	75
53	167	84
53	169	72
53	173	84
53	188	63
53	189	15
53	190	94
54	57	79
54	60	45
54	61	70
54	66	93
54	70	52
54	79	26
54	81	24
54	85	32
54	89	71
54	97	39
54	98	46
54	99	55
54	104	61
54	105	56
54	107	67
54	108	68
54	110	57
54	115	79
54	116	27
54	117	41
54	119	61
54	122	38
54	123	83
54	127	87
54	129	15
54	133	66
54	136	25
54	145	37
54	146	29
54	149	53
54	153	46
54	154	68
54	159	52
54	162	15
54	164	61
54	165	47
54	167	50
54	168	15
54	171	74
54	173	90
54	174	2
54	176	92
54	177	9
54	183	4
54	184	61
54	187	83
55	66	66
55	69	32
55	72	98
55	74	54
55	79	94
55	86	44
55	87	83
55	88	56
55	89	55
55	90	43
55	93	75
55	94	24
55	98	39
55	102	5
55	105	18
55	113	83
55	122	42
55	124	49
55	127	19
55	129	68
55	137	13
55	141	87
55	158	98
55	166	25
55	173	63
55	175	80
55	192	25
55	194	64
55	199	90
56	60	91
56	61	41
56	62	58
56	63	11
56	82	83
56	86	77
56	87	5
56	88	39
56	90	19
56	92	43
56	94	77
56	97	32
56	101	18
56	104	42
56	110	35
56	113	58
56	119	48
56	122	99
56	123	90
56	128	18
56	132	69
56	137	58
56	141	89
56	145	86
56	146	36
56	147	58
56	148	67
56	151	44
56	158	77
56	165	49
56	168	91
56	169	97
56	170	40
56	177	9
56	180	3
56	182	100
56	186	45
56	191	95
56	193	14
56	194	57
56	198	30
57	58	73
57	63	34
57	66	64
57	69	5
57	70	5
57	72	52
57	75	92
57	77	91
57	86	15
57	88	16
57	89	7
57	90	47
57	94	45
57	96	1
57	97	36
57	103	90
57	104	41
57	107	41
57	108	46
57	113	63
57	117	63
57	122	27
57	125	5
57	129	27
57	134	6
57	135	64
57	136	81
57	139	12
57	145	26
57	148	82
57	150	93
57	153	81
57	154	74
57	157	92
57	159	48
57	160	37
57	162	64
57	163	85
57	175	88
57	180	48
57	188	30
57	189	58
57	195	5
57	196	38
57	198	34
58	62	66
58	65	10
58	66	82
58	67	35
58	70	57
58	71	22
58	75	27
58	81	46
58	86	23
58	87	97
58	95	36
58	100	23
58	101	14
58	103	79
58	105	70
58	106	84
58	110	42
58	116	81
58	117	40
58	120	65
58	121	85
58	122	81
58	123	31
58	126	67
58	127	36
58	129	86
58	132	94
58	134	89
58	137	50
58	139	65
58	141	55
58	143	15
58	146	86
58	148	65
58	151	85
58	152	56
58	153	61
58	155	47
58	156	48
58	157	80
58	161	30
58	162	79
58	165	36
58	168	52
58	169	11
58	173	2
58	179	93
58	192	47
58	193	97
58	197	81
58	198	9
59	62	54
59	65	80
59	71	36
59	72	85
59	74	72
59	75	4
59	78	80
59	79	75
59	87	73
59	88	9
59	92	99
59	94	58
59	95	91
59	97	14
59	99	65
59	100	7
59	101	31
59	103	44
59	110	23
59	112	57
59	113	87
59	117	35
59	121	26
59	122	29
59	128	76
59	129	72
59	137	83
59	138	79
59	139	46
59	143	11
59	146	27
59	149	95
59	150	31
59	152	31
59	155	5
59	156	14
59	160	81
59	162	99
59	163	99
59	164	38
59	167	63
59	169	4
59	182	20
59	185	63
59	187	11
59	188	53
59	194	66
59	199	54
60	63	71
60	67	25
60	73	91
60	79	29
60	83	70
60	92	71
60	96	80
60	100	99
60	105	89
60	107	8
60	109	22
60	111	85
60	113	2
60	116	93
60	119	78
60	121	50
60	124	43
60	127	72
60	130	55
60	131	18
60	133	11
60	134	98
60	142	5
60	143	60
60	147	100
60	149	86
60	150	52
60	153	64
60	155	81
60	156	70
60	160	57
60	165	20
60	166	22
60	171	92
60	172	14
60	185	29
60	186	97
60	187	49
60	188	82
60	191	64
60	196	96
61	62	61
61	63	6
61	64	79
61	67	49
61	69	39
61	73	8
61	81	85
61	83	80
61	84	71
61	89	97
61	91	92
61	92	75
61	93	73
61	101	71
61	103	12
61	104	86
61	107	58
61	116	28
61	120	46
61	121	50
61	122	78
61	123	94
61	125	48
61	134	6
61	141	28
61	145	65
61	150	91
61	152	78
61	153	83
61	160	97
61	164	54
61	169	100
61	172	65
61	184	33
61	185	2
61	192	67
61	193	72
61	194	88
61	195	30
61	197	67
61	198	13
61	199	12
62	65	82
62	68	83
62	71	49
62	73	68
62	76	27
62	82	97
62	87	83
62	88	40
62	90	20
62	93	71
62	99	54
62	107	82
62	110	17
62	111	97
62	124	34
62	126	56
62	127	17
62	130	51
62	132	70
62	133	1
62	137	77
62	138	3
62	140	61
62	142	95
62	145	96
62	146	52
62	155	48
62	156	76
62	161	75
62	173	95
62	177	94
62	178	43
62	183	60
62	186	43
62	192	72
62	193	95
63	64	18
63	68	34
63	75	55
63	77	35
63	85	43
63	87	36
63	89	52
63	95	89
63	96	40
63	98	22
63	100	58
63	101	26
63	103	65
63	107	38
63	110	38
63	113	38
63	116	20
63	118	44
63	123	50
63	128	66
63	131	93
63	134	6
63	136	5
63	138	39
63	140	50
63	145	44
63	157	66
63	158	55
63	163	15
63	168	24
63	169	85
63	170	45
63	171	83
63	172	44
63	176	48
63	177	12
63	178	14
63	179	47
63	180	10
63	181	30
63	184	67
63	191	54
63	192	67
64	70	51
64	76	32
64	81	56
64	87	24
64	95	46
64	107	50
64	109	79
64	114	70
64	117	76
64	118	24
64	125	90
64	126	33
64	145	54
64	146	15
64	148	59
64	150	69
64	153	64
64	158	39
64	161	36
64	168	79
64	174	45
64	176	90
64	178	56
64	182	98
64	183	17
64	184	60
64	186	90
64	187	78
64	188	87
64	191	73
64	195	22
64	199	30
65	71	60
65	72	9
65	77	98
65	81	4
65	82	28
65	86	21
65	88	13
65	92	25
65	93	82
65	94	47
65	99	65
65	100	73
65	102	78
65	105	65
65	106	98
65	108	54
65	109	94
65	110	95
65	112	28
65	113	47
65	114	40
65	130	18
65	131	9
65	137	66
65	142	27
65	147	62
65	150	97
65	153	67
65	154	45
65	155	49
65	156	37
65	160	76
65	167	1
65	168	90
65	172	11
65	176	42
65	177	27
65	178	4
65	179	80
65	180	86
65	182	17
65	183	82
65	188	83
65	191	40
65	199	81
66	70	4
66	71	67
66	72	51
66	75	21
66	76	48
66	77	61
66	79	12
66	87	49
66	90	19
66	91	35
66	94	21
66	101	10
66	103	15
66	106	11
66	109	45
66	111	93
66	115	73
66	120	97
66	130	23
66	131	59
66	132	94
66	133	97
66	138	89
66	145	43
66	147	5
66	148	30
66	151	16
66	152	54
66	162	77
66	163	26
66	167	86
66	168	8
66	170	28
66	173	20
66	175	55
66	179	78
66	180	2
66	183	74
66	186	13
66	187	23
66	191	57
66	195	68
66	196	16
67	72	27
67	74	76
67	76	1
67	81	22
67	83	72
67	86	4
67	88	50
67	98	42
67	99	83
67	103	74
67	105	77
67	111	57
67	112	83
67	113	18
67	123	44
67	124	3
67	126	43
67	127	79
67	128	6
67	133	1
67	134	29
67	136	50
67	138	59
67	142	74
67	148	3
67	151	82
67	155	40
67	156	79
67	160	14
67	161	85
67	163	92
67	164	82
67	177	46
67	178	96
67	181	84
67	186	20
67	190	65
67	191	46
67	193	11
67	195	46
67	196	62
68	69	10
68	71	46
68	74	91
68	75	41
68	79	3
68	91	49
68	92	22
68	103	29
68	104	45
68	105	11
68	107	73
68	109	56
68	112	65
68	114	51
68	117	95
68	119	46
68	120	38
68	124	9
68	131	53
68	136	42
68	137	37
68	139	89
68	150	33
68	152	13
68	154	78
68	155	96
68	158	12
68	159	92
68	160	5
68	166	88
68	171	99
68	173	45
68	175	57
68	184	67
68	185	85
68	189	54
69	72	12
69	82	5
69	84	56
69	86	91
69	90	100
69	94	3
69	101	84
69	102	66
69	104	2
69	105	30
69	106	10
69	107	53
69	109	52
69	110	33
69	111	23
69	113	13
69	122	96
69	123	40
69	124	17
69	125	74
69	127	32
69	129	79
69	131	1
69	133	74
69	143	95
69	145	82
69	149	26
69	150	36
69	155	31
69	156	3
69	157	38
69	158	83
69	163	11
69	168	31
69	173	5
69	176	25
69	178	89
69	181	85
69	182	71
69	183	12
69	186	41
69	190	43
69	192	22
69	194	4
69	195	94
69	198	17
70	81	27
70	82	38
70	83	78
70	87	27
70	88	41
70	89	53
70	96	2
70	97	22
70	100	87
70	101	9
70	109	51
70	110	97
70	113	95
70	126	41
70	129	53
70	141	57
70	142	88
70	144	71
70	148	93
70	153	14
70	155	58
70	162	46
70	163	35
70	169	85
70	173	61
70	174	69
70	175	88
70	176	57
70	179	81
70	187	35
70	191	100
70	199	20
71	73	56
71	78	31
71	80	31
71	81	40
71	84	72
71	90	45
71	92	35
71	94	14
71	106	14
71	107	66
71	111	35
71	115	78
71	116	65
71	121	85
71	123	39
71	127	23
71	131	85
71	133	18
71	136	30
71	146	2
71	148	29
71	150	90
71	155	64
71	165	4
71	167	16
71	168	21
71	169	49
71	173	64
71	175	46
71	178	87
71	181	36
71	191	54
71	195	2
71	196	64
71	199	97
72	81	93
72	83	45
72	86	34
72	87	62
72	88	48
72	95	1
72	106	32
72	108	75
72	109	55
72	111	32
72	118	67
72	119	72
72	120	89
72	128	98
72	129	48
72	133	20
72	135	42
72	140	65
72	141	39
72	144	27
72	147	5
72	148	70
72	152	83
72	161	13
72	175	69
72	178	57
72	179	33
72	180	92
72	181	51
72	185	72
72	190	56
72	194	9
73	76	10
73	78	98
73	80	63
73	96	85
73	97	78
73	106	13
73	111	68
73	112	79
73	113	73
73	118	100
73	124	41
73	133	51
73	137	20
73	139	66
73	141	96
73	143	1
73	144	79
73	150	63
73	151	54
73	156	66
73	158	4
73	160	76
73	162	26
73	163	16
73	164	92
73	174	48
73	175	12
73	178	16
73	182	60
73	183	14
73	184	49
73	186	20
73	188	46
73	191	73
73	193	73
73	196	93
73	197	65
74	76	67
74	84	64
74	88	57
74	90	57
74	95	26
74	96	42
74	100	75
74	103	10
74	104	80
74	107	39
74	109	18
74	111	47
74	112	65
74	113	67
74	114	18
74	116	9
74	117	69
74	123	34
74	125	34
74	138	41
74	140	27
74	143	20
74	149	78
74	152	43
74	163	74
74	167	10
74	169	74
74	174	32
74	176	4
74	179	72
74	182	49
74	183	63
74	184	42
74	186	69
74	188	12
74	189	16
75	81	48
75	87	80
75	89	80
75	96	13
75	97	95
75	98	56
75	101	24
75	104	21
75	105	68
75	109	15
75	110	82
75	111	29
75	113	46
75	117	37
75	122	6
75	124	61
75	126	86
75	130	50
75	131	15
75	132	42
75	136	80
75	141	47
75	148	86
75	151	29
75	153	92
75	156	77
75	157	63
75	158	29
75	159	88
75	160	60
75	161	38
75	162	76
75	164	75
75	168	17
75	171	50
75	180	6
75	181	21
75	187	41
75	188	18
75	189	58
75	196	92
75	199	60
76	77	59
76	79	19
76	80	76
76	82	53
76	85	33
76	86	28
76	87	98
76	88	1
76	92	28
76	94	15
76	97	61
76	109	41
76	112	96
76	115	60
76	116	92
76	125	49
76	127	12
76	132	84
76	133	50
76	144	91
76	153	16
76	154	5
76	155	32
76	159	95
76	161	27
76	163	80
76	165	36
76	167	9
76	169	72
76	171	5
76	172	95
76	174	36
76	179	64
76	185	19
76	189	27
76	191	12
76	193	49
76	196	53
77	81	20
77	93	39
77	102	41
77	103	25
77	107	22
77	109	60
77	114	95
77	116	82
77	118	70
77	121	75
77	122	56
77	126	97
77	133	98
77	135	8
77	146	79
77	150	71
77	151	77
77	153	73
77	155	76
77	157	95
77	163	23
77	165	24
77	166	14
77	170	51
77	173	48
77	175	15
77	176	80
77	179	60
77	182	40
77	186	80
77	187	100
77	189	44
77	191	9
77	193	97
77	197	20
78	81	17
78	82	11
78	87	90
78	90	29
78	95	66
78	96	56
78	97	41
78	100	47
78	101	35
78	103	19
78	108	53
78	110	94
78	112	15
78	120	98
78	128	27
78	129	63
78	133	73
78	135	15
78	139	100
78	140	100
78	141	24
78	144	94
78	147	86
78	150	83
78	155	53
78	156	48
78	159	42
78	161	19
78	163	85
78	164	76
78	165	79
78	167	53
78	170	26
78	171	22
78	173	48
78	174	10
78	178	23
78	181	77
78	184	69
78	197	82
78	199	73
79	88	90
79	89	17
79	90	21
79	91	70
79	93	100
79	100	90
79	101	4
79	103	57
79	104	14
79	117	49
79	118	89
79	124	47
79	131	12
79	137	95
79	138	78
79	139	36
79	140	73
79	142	29
79	147	5
79	153	74
79	154	73
79	156	40
79	168	51
79	170	24
79	172	53
79	173	20
79	174	55
79	177	97
79	183	96
79	184	9
79	185	12
79	192	88
79	196	68
79	197	22
80	86	81
80	87	20
80	90	63
80	91	87
80	94	56
80	95	82
80	96	27
80	101	61
80	104	83
80	105	97
80	109	87
80	114	68
80	117	50
80	120	89
80	122	27
80	124	55
80	127	47
80	128	61
80	129	81
80	135	6
80	136	70
80	139	59
80	140	45
80	141	1
80	149	29
80	150	25
80	156	3
80	157	69
80	160	73
80	164	53
80	173	97
80	174	13
80	178	71
80	179	3
80	188	100
80	190	46
80	192	94
80	193	1
80	194	50
81	82	12
81	83	70
81	84	62
81	85	43
81	86	98
81	89	88
81	91	19
81	93	61
81	98	67
81	99	67
81	101	60
81	107	68
81	108	61
81	113	49
81	118	77
81	122	87
81	124	46
81	128	34
81	133	10
81	141	21
81	142	35
81	156	1
81	160	81
81	164	41
81	166	99
81	169	75
81	170	9
81	177	34
81	181	84
81	182	50
81	185	72
81	187	45
81	192	35
81	194	38
82	84	50
82	86	25
82	87	22
82	91	62
82	94	5
82	96	98
82	101	3
82	106	27
82	113	80
82	121	42
82	126	100
82	129	27
82	130	17
82	132	2
82	135	28
82	142	52
82	146	29
82	149	81
82	154	46
82	161	21
82	166	14
82	170	13
82	175	21
82	181	19
82	183	22
82	184	18
82	185	31
82	186	47
82	187	53
82	188	27
82	190	66
82	191	71
82	195	13
82	199	68
83	86	1
83	87	78
83	90	5
83	92	55
83	94	53
83	97	52
83	99	83
83	104	69
83	121	18
83	123	98
83	125	56
83	126	77
83	128	92
83	131	24
83	136	2
83	141	65
83	145	63
83	150	15
83	158	67
83	163	15
83	165	77
83	167	47
83	172	5
83	173	54
83	175	56
83	179	31
83	185	15
83	189	18
84	92	89
84	93	43
84	95	65
84	96	52
84	101	67
84	104	73
84	106	22
84	108	33
84	109	46
84	112	50
84	115	35
84	117	53
84	118	49
84	122	39
84	128	91
84	129	42
84	139	66
84	141	42
84	143	70
84	145	71
84	148	64
84	151	43
84	157	2
84	164	97
84	167	34
84	175	83
84	176	13
84	179	83
84	180	78
84	183	35
84	186	94
84	187	23
84	190	75
84	192	28
84	195	23
84	196	12
84	198	20
85	89	90
85	90	32
85	91	16
85	98	28
85	99	85
85	100	91
85	104	97
85	109	96
85	114	64
85	115	28
85	117	49
85	122	32
85	124	51
85	125	35
85	126	46
85	127	65
85	137	34
85	142	73
85	149	3
85	152	73
85	155	36
85	156	4
85	164	39
85	172	50
85	173	49
85	174	62
85	175	23
85	181	86
85	185	52
85	186	59
86	89	56
86	93	67
86	94	95
86	95	72
86	98	99
86	99	61
86	100	59
86	105	31
86	111	81
86	113	98
86	118	71
86	122	6
86	125	67
86	129	36
86	138	53
86	144	49
86	145	10
86	146	65
86	147	19
86	149	21
86	150	34
86	151	17
86	158	22
86	160	6
86	161	49
86	173	94
86	178	80
86	180	2
86	182	67
86	186	44
86	187	22
86	189	26
86	193	27
86	198	79
87	89	34
87	94	33
87	95	97
87	98	94
87	103	80
87	106	88
87	111	8
87	113	38
87	114	98
87	118	3
87	120	10
87	124	40
87	129	9
87	131	61
87	132	90
87	137	31
87	141	28
87	144	15
87	146	2
87	152	5
87	155	24
87	157	14
87	158	92
87	159	4
87	163	22
87	164	32
87	168	27
87	176	6
87	178	66
87	183	66
87	184	79
87	185	69
87	188	8
87	190	18
87	191	47
87	195	31
87	198	30
88	90	62
88	94	78
88	95	37
88	99	15
88	102	41
88	111	50
88	118	12
88	119	67
88	128	49
88	129	66
88	132	5
88	133	64
88	139	66
88	140	74
88	147	78
88	148	15
88	149	37
88	151	21
88	159	5
88	160	75
88	173	59
88	174	32
88	176	86
88	177	93
88	178	35
88	183	50
88	184	45
88	185	52
88	193	94
88	195	48
88	197	4
89	92	97
89	97	24
89	104	89
89	107	30
89	111	28
89	113	23
89	119	62
89	124	87
89	126	31
89	127	26
89	128	47
89	132	78
89	133	72
89	134	16
89	139	100
89	142	43
89	143	88
89	146	1
89	149	68
89	152	83
89	154	6
89	163	79
89	170	83
89	172	7
89	173	97
89	175	83
89	176	16
89	181	100
89	183	5
89	187	57
89	198	4
90	91	64
90	92	85
90	100	34
90	102	32
90	105	99
90	110	2
90	111	68
90	112	44
90	114	41
90	119	30
90	120	28
90	124	47
90	125	82
90	128	83
90	129	89
90	137	100
90	140	92
90	145	80
90	146	1
90	148	61
90	151	50
90	153	35
90	157	62
90	160	45
90	162	24
90	163	84
90	168	38
90	171	88
90	172	57
90	173	46
90	175	96
90	182	32
90	184	6
90	186	9
90	190	21
90	195	1
90	197	14
91	99	21
91	104	65
91	107	50
91	109	94
91	118	6
91	123	87
91	127	48
91	129	55
91	130	91
91	136	80
91	137	44
91	138	80
91	141	51
91	142	57
91	144	50
91	145	42
91	147	78
91	153	97
91	157	68
91	158	12
91	165	65
91	167	29
91	168	55
91	169	80
91	171	52
91	172	41
91	174	22
91	175	26
91	187	45
91	190	74
91	191	12
91	193	38
91	197	60
92	95	52
92	98	95
92	100	77
92	109	44
92	110	68
92	113	99
92	116	2
92	121	83
92	123	80
92	127	43
92	135	52
92	139	70
92	142	75
92	147	97
92	150	31
92	155	27
92	162	96
92	165	27
92	172	79
92	179	76
92	181	66
92	185	35
92	186	70
92	187	6
92	190	35
92	191	52
92	192	28
92	197	18
93	94	34
93	95	11
93	96	53
93	98	21
93	101	21
93	125	70
93	133	7
93	137	95
93	138	99
93	140	57
93	141	29
93	145	19
93	149	90
93	152	65
93	153	84
93	155	38
93	159	70
93	160	63
93	163	43
93	174	11
93	175	36
93	178	88
93	180	100
93	184	29
93	187	53
93	190	44
93	194	17
93	196	2
93	197	49
93	198	93
94	110	31
94	111	10
94	114	9
94	117	91
94	118	32
94	119	12
94	122	37
94	125	100
94	127	80
94	132	86
94	133	59
94	135	48
94	137	29
94	140	56
94	143	26
94	146	25
94	148	99
94	151	70
94	153	51
94	155	7
94	156	87
94	157	50
94	158	64
94	159	88
94	165	60
94	166	52
94	168	23
94	173	37
94	176	95
94	177	96
94	179	67
94	186	90
94	195	53
94	197	64
95	102	52
95	105	79
95	107	34
95	116	73
95	123	89
95	124	97
95	125	98
95	126	31
95	128	13
95	132	36
95	133	75
95	138	37
95	139	7
95	140	74
95	141	31
95	142	89
95	143	66
95	145	91
95	146	22
95	149	12
95	152	63
95	153	93
95	155	5
95	163	50
95	169	69
95	174	1
95	177	75
95	178	27
95	179	53
95	183	77
95	185	1
95	186	33
95	187	55
95	190	39
95	191	26
95	192	76
95	194	47
95	198	94
95	199	60
96	99	89
96	102	71
96	109	85
96	114	21
96	118	81
96	119	8
96	123	72
96	126	5
96	127	6
96	136	98
96	140	21
96	142	49
96	143	92
96	144	80
96	156	11
96	159	36
96	161	54
96	162	50
96	163	95
96	167	46
96	168	37
96	169	43
96	177	51
96	184	72
96	185	36
96	188	84
96	189	89
96	191	20
96	193	96
97	98	37
97	100	39
97	103	64
97	104	40
97	105	31
97	106	28
97	112	58
97	114	57
97	115	40
97	117	82
97	118	6
97	119	45
97	120	43
97	122	90
97	128	12
97	136	99
97	141	69
97	147	60
97	149	90
97	152	42
97	153	90
97	154	43
97	166	96
97	168	43
97	170	29
97	172	32
97	173	32
97	175	95
97	178	95
97	180	71
97	183	45
97	191	49
97	192	49
97	195	99
97	197	100
98	99	16
98	101	61
98	102	96
98	103	61
98	105	20
98	109	34
98	111	13
98	112	32
98	113	21
98	119	1
98	120	5
98	127	31
98	134	16
98	136	37
98	141	78
98	144	33
98	145	98
98	146	67
98	147	85
98	150	1
98	157	92
98	160	45
98	162	81
98	172	18
98	174	17
98	178	36
98	190	79
98	191	29
98	194	82
98	196	36
98	199	16
99	100	77
99	104	41
99	106	10
99	107	10
99	109	4
99	110	12
99	114	23
99	115	73
99	116	58
99	121	71
99	125	83
99	127	88
99	128	52
99	133	15
99	137	3
99	142	71
99	150	92
99	152	12
99	156	48
99	160	53
99	162	77
99	163	54
99	164	40
99	166	38
99	168	76
99	173	19
99	177	23
99	186	74
99	191	26
99	193	7
99	194	49
99	196	66
99	198	4
100	101	82
100	102	27
100	103	84
100	104	100
100	113	66
100	119	80
100	120	72
100	126	57
100	128	15
100	129	82
100	132	16
100	133	70
100	134	96
100	140	57
100	142	21
100	152	73
100	156	24
100	159	60
100	160	4
100	161	83
100	164	51
100	174	65
100	181	33
100	185	82
100	199	26
101	103	90
101	104	18
101	105	50
101	107	82
101	110	87
101	111	92
101	112	98
101	113	79
101	115	22
101	118	86
101	122	79
101	129	9
101	130	15
101	140	51
101	141	97
101	143	40
101	145	13
101	154	55
101	164	52
101	170	98
101	173	82
101	177	8
101	179	73
101	180	77
101	183	63
101	189	62
101	192	92
101	195	91
101	198	13
102	106	12
102	111	6
102	112	99
102	115	45
102	123	5
102	129	52
102	130	39
102	131	87
102	133	41
102	136	4
102	142	46
102	146	70
102	147	43
102	148	17
102	154	88
102	156	48
102	161	95
102	162	43
102	165	12
102	166	11
102	171	17
102	173	80
102	174	16
102	175	3
102	177	33
102	179	51
102	184	76
102	185	54
102	191	75
102	195	95
102	196	50
102	197	62
103	106	51
103	107	15
103	109	57
103	110	14
103	115	57
103	121	12
103	122	60
103	134	7
103	138	35
103	139	76
103	142	48
103	155	16
103	157	67
103	161	56
103	166	5
103	167	69
103	172	80
103	184	76
103	185	19
103	187	94
103	192	92
103	193	15
103	195	99
103	197	32
104	112	18
104	113	83
104	123	8
104	130	5
104	131	60
104	135	51
104	139	46
104	140	55
104	150	67
104	155	40
104	156	6
104	157	36
104	159	8
104	163	40
104	165	49
104	166	2
104	167	14
104	169	3
104	170	8
104	176	86
104	179	8
104	188	54
104	192	66
104	193	31
104	194	18
104	197	64
104	198	45
105	106	17
105	110	83
105	113	31
105	115	61
105	128	36
105	130	61
105	134	72
105	139	12
105	141	41
105	143	9
105	144	20
105	145	100
105	146	6
105	147	67
105	150	6
105	159	96
105	163	55
105	164	2
105	165	27
105	167	79
105	176	15
105	183	49
105	184	33
105	191	53
105	192	79
105	194	39
105	198	100
106	107	26
106	108	67
106	114	17
106	118	54
106	124	78
106	127	32
106	130	16
106	133	4
106	142	17
106	145	70
106	146	68
106	150	9
106	151	90
106	152	90
106	153	90
106	155	28
106	157	31
106	159	74
106	165	67
106	168	61
106	170	61
106	174	38
106	175	63
106	176	6
106	177	74
106	184	89
106	190	57
106	191	92
106	197	91
106	198	55
107	116	94
107	121	46
107	123	61
107	124	78
107	129	51
107	134	2
107	140	60
107	141	59
107	143	25
107	144	67
107	145	76
107	151	85
107	158	36
107	161	59
107	162	46
107	165	57
107	167	97
107	168	5
107	169	27
107	173	83
107	178	10
107	180	78
107	185	89
107	191	68
107	194	36
107	195	75
107	197	46
107	199	74
108	110	68
108	114	76
108	115	21
108	119	73
108	120	32
108	124	33
108	127	44
108	128	29
108	130	3
108	134	70
108	135	79
108	146	57
108	155	55
108	156	19
108	157	39
108	158	2
108	161	43
108	165	99
108	166	28
108	168	74
108	171	61
108	173	99
108	178	72
108	182	56
108	183	35
108	189	83
108	191	86
108	195	78
108	198	59
108	199	67
109	114	88
109	119	57
109	121	88
109	122	86
109	123	45
109	129	43
109	131	89
109	134	48
109	138	44
109	143	29
109	154	22
109	155	67
109	157	92
109	161	33
109	163	18
109	165	41
109	168	40
109	172	52
109	175	52
109	178	40
109	179	18
109	182	28
109	183	31
109	186	26
109	188	30
109	190	4
109	193	51
109	194	25
109	197	11
109	198	9
110	117	17
110	118	42
110	122	24
110	123	39
110	124	59
110	125	15
110	126	36
110	129	32
110	130	1
110	133	30
110	137	74
110	147	80
110	157	25
110	158	31
110	160	11
110	165	28
110	166	92
110	170	75
110	171	13
110	174	43
110	180	72
110	183	54
110	186	17
110	188	88
110	195	49
110	198	68
111	115	28
111	116	78
111	117	67
111	122	21
111	124	47
111	125	2
111	128	97
111	129	63
111	136	7
111	139	36
111	140	62
111	147	35
111	148	75
111	159	71
111	160	77
111	162	50
111	168	34
111	169	94
111	170	10
111	171	30
111	175	66
111	180	58
111	181	42
111	187	56
111	195	20
111	196	97
111	197	54
112	114	14
112	121	53
112	127	76
112	136	100
112	138	74
112	139	84
112	140	61
112	142	96
112	143	3
112	144	33
112	145	42
112	146	56
112	148	22
112	149	11
112	155	19
112	159	13
112	162	70
112	163	39
112	166	29
112	169	80
112	175	91
112	176	38
112	179	82
112	184	82
112	195	98
113	114	86
113	121	99
113	135	94
113	138	1
113	139	10
113	141	10
113	143	50
113	145	53
113	146	15
113	150	9
113	152	53
113	153	5
113	156	6
113	157	33
113	158	77
113	160	6
113	161	31
113	165	58
113	171	22
113	174	39
113	176	18
113	179	12
113	180	6
113	182	69
113	184	5
113	189	28
113	190	48
113	194	60
113	199	92
114	115	32
114	124	78
114	126	41
114	128	59
114	129	68
114	130	25
114	135	91
114	136	89
114	138	81
114	139	51
114	146	43
114	150	45
114	151	96
114	154	27
114	159	7
114	160	70
114	162	27
114	166	10
114	178	71
114	181	97
114	183	52
114	192	30
114	194	23
114	198	53
115	119	86
115	123	7
115	124	78
115	125	72
115	135	34
115	136	61
115	137	89
115	143	44
115	145	83
115	150	16
115	158	34
115	165	85
115	171	58
115	174	99
115	178	86
115	180	3
115	185	52
115	188	95
115	190	78
115	191	27
115	192	15
115	197	1
116	117	78
116	118	40
116	120	6
116	121	7
116	122	39
116	139	29
116	143	35
116	146	58
116	147	41
116	152	56
116	153	23
116	155	81
116	157	59
116	159	55
116	160	85
116	166	99
116	168	51
116	169	75
116	170	62
116	175	73
116	178	34
116	181	36
116	182	2
116	183	48
116	185	27
116	188	92
116	190	34
116	191	55
116	195	51
116	198	37
116	199	40
117	118	24
117	119	72
117	126	20
117	129	46
117	132	99
117	135	61
117	138	4
117	139	37
117	141	97
117	143	86
117	153	5
117	158	56
117	166	28
117	167	48
117	168	73
117	171	8
117	173	23
117	177	95
117	178	98
117	179	82
117	183	79
117	186	1
117	187	83
117	191	77
117	193	20
117	198	82
117	199	26
118	119	80
118	123	77
118	125	64
118	126	72
118	127	46
118	128	20
118	135	22
118	137	95
118	140	84
118	141	81
118	143	59
118	144	21
118	146	59
118	150	14
118	153	90
118	155	67
118	156	61
118	158	54
118	163	4
118	164	35
118	165	70
118	167	74
118	170	62
118	171	67
118	174	86
118	181	18
118	184	39
118	185	67
118	187	97
118	188	20
118	195	95
119	120	35
119	124	23
119	125	41
119	127	65
119	128	36
119	129	12
119	133	49
119	136	2
119	139	97
119	140	89
119	143	34
119	146	80
119	147	68
119	151	14
119	152	83
119	155	84
119	159	70
119	160	34
119	171	58
119	181	40
119	187	77
119	188	83
119	191	4
119	195	95
119	196	62
119	199	16
120	122	92
120	124	39
120	130	34
120	134	48
120	137	42
120	139	63
120	143	35
120	147	1
120	148	82
120	166	73
120	167	11
120	171	91
120	173	2
120	174	75
120	176	33
120	178	8
120	179	59
120	180	49
120	183	16
120	185	72
120	187	70
120	189	70
120	194	38
121	122	55
121	128	88
121	137	24
121	138	27
121	139	36
121	145	79
121	146	95
121	153	52
121	163	72
121	165	51
121	166	63
121	168	67
121	171	55
121	172	23
121	173	86
121	174	19
121	176	42
121	177	39
121	178	68
121	179	54
121	180	45
121	182	11
121	183	41
121	184	33
121	187	80
121	189	22
121	194	68
121	196	1
121	197	61
121	199	41
122	129	26
122	131	91
122	134	67
122	138	83
122	143	73
122	145	33
122	146	37
122	149	20
122	150	25
122	158	79
122	165	55
122	166	65
122	167	10
122	170	95
122	175	54
122	182	66
122	184	58
122	185	12
122	190	8
122	191	29
122	192	56
122	194	66
122	196	18
123	126	31
123	136	15
123	140	96
123	147	63
123	151	82
123	156	15
123	165	90
123	170	20
123	171	42
123	173	22
123	177	99
123	180	41
123	186	46
123	191	13
123	198	36
123	199	70
124	125	34
124	128	92
124	143	33
124	145	69
124	146	60
124	149	51
124	151	90
124	158	53
124	159	14
124	160	6
124	161	78
124	164	34
124	165	50
124	166	38
124	167	60
124	170	6
124	181	33
124	186	1
124	193	52
125	128	75
125	129	80
125	130	4
125	134	6
125	135	86
125	136	91
125	139	69
125	142	5
125	144	74
125	152	79
125	160	15
125	161	74
125	164	38
125	167	44
125	170	32
125	180	52
125	183	11
125	184	7
125	187	36
125	189	37
125	194	75
125	195	90
125	196	66
126	134	95
126	136	65
126	141	6
126	142	77
126	147	51
126	157	51
126	159	32
126	165	91
126	169	92
126	174	74
126	175	6
126	183	79
126	184	30
126	185	3
126	189	26
126	198	49
127	129	39
127	131	24
127	134	66
127	149	83
127	154	74
127	157	14
127	162	45
127	163	77
127	164	75
127	166	63
127	168	52
127	173	88
127	175	69
127	177	22
127	179	40
127	183	64
127	184	16
127	195	49
127	198	96
128	133	64
128	135	64
128	136	25
128	139	36
128	140	25
128	144	17
128	146	53
128	147	79
128	149	10
128	155	62
128	156	44
128	159	77
128	160	78
128	161	64
128	163	43
128	166	34
128	168	21
128	170	72
128	173	51
128	176	82
128	177	63
128	179	56
128	182	9
128	184	63
128	186	49
128	187	23
128	190	30
128	196	27
128	198	7
128	199	49
129	130	19
129	134	24
129	136	6
129	149	1
129	151	29
129	160	83
129	162	47
129	163	97
129	164	45
129	168	71
129	169	21
129	171	93
129	179	55
129	180	57
129	183	8
129	185	30
129	191	80
129	194	69
129	196	98
130	132	37
130	142	30
130	143	91
130	145	48
130	149	72
130	155	39
130	158	49
130	172	63
130	173	86
130	177	42
130	179	69
130	185	5
130	190	22
130	196	98
130	198	61
131	137	36
131	147	4
131	148	88
131	163	83
131	164	3
131	166	60
131	169	68
131	170	58
131	173	33
131	175	37
131	177	99
131	179	61
131	180	60
131	183	42
131	184	8
131	191	76
131	194	50
131	196	93
132	134	9
132	135	44
132	139	81
132	141	93
132	145	13
132	146	66
132	148	57
132	154	2
132	160	57
132	162	57
132	166	52
132	174	57
132	175	5
132	178	33
132	179	60
132	182	100
132	192	42
132	198	1
133	136	96
133	139	41
133	140	27
133	142	24
133	143	7
133	145	79
133	146	69
133	147	83
133	148	80
133	149	54
133	150	58
133	152	69
133	153	39
133	158	22
133	161	58
133	162	76
133	165	1
133	166	77
133	169	54
133	172	35
133	176	42
133	179	28
133	185	1
133	190	12
133	196	37
134	139	27
134	140	41
134	146	64
134	152	23
134	156	18
134	160	86
134	161	97
134	167	95
134	168	82
134	169	5
134	173	24
134	174	14
134	175	15
134	184	94
134	189	53
134	192	29
134	194	30
134	199	54
135	141	28
135	146	68
135	150	25
135	151	35
135	152	56
135	153	37
135	154	57
135	156	80
135	157	17
135	164	86
135	165	84
135	166	24
135	171	75
135	177	53
135	180	79
135	183	71
135	185	6
135	186	17
135	189	76
135	195	3
135	196	62
136	138	67
136	140	22
136	142	53
136	144	36
136	145	53
136	151	37
136	153	42
136	157	32
136	159	55
136	160	59
136	165	22
136	166	19
136	167	17
136	172	33
136	178	12
136	179	83
136	183	87
136	185	79
136	186	28
136	187	48
136	195	53
136	196	77
136	197	46
137	142	47
137	144	10
137	149	91
137	150	97
137	161	68
137	170	57
137	171	76
137	174	88
137	180	12
137	184	43
137	185	42
137	187	70
137	188	27
137	192	48
137	196	45
138	144	88
138	151	86
138	159	56
138	167	25
138	173	6
138	176	26
138	178	12
138	183	84
138	186	9
138	191	1
138	194	25
138	196	57
139	141	69
139	144	87
139	145	25
139	146	99
139	148	53
139	152	88
139	154	19
139	155	98
139	161	67
139	163	90
139	165	3
139	170	9
139	174	40
139	177	15
139	180	15
139	181	75
139	183	7
139	185	49
139	190	81
139	193	73
139	195	26
139	197	52
139	198	76
139	199	74
140	143	41
140	147	27
140	149	66
140	152	43
140	160	86
140	161	68
140	164	44
140	165	88
140	167	26
140	176	63
140	177	11
140	182	23
140	183	29
140	187	13
140	188	42
140	189	75
140	192	66
140	193	25
140	195	15
140	197	49
141	144	18
141	147	63
141	149	21
141	153	20
141	156	1
141	159	55
141	160	45
141	169	55
141	174	29
141	176	97
141	183	7
141	185	2
141	187	67
141	195	58
141	196	22
141	198	66
142	144	83
142	151	23
142	153	29
142	155	56
142	156	1
142	158	91
142	160	51
142	163	56
142	166	97
142	170	26
142	173	38
142	178	4
142	183	46
142	187	44
142	188	8
143	144	39
143	145	55
143	147	22
143	156	60
143	157	37
143	159	85
143	162	56
143	164	69
143	165	69
143	176	19
143	177	96
143	179	70
143	183	68
143	184	32
143	188	94
143	190	33
143	193	71
143	194	60
143	198	65
144	145	17
144	147	6
144	149	19
144	150	21
144	152	44
144	156	76
144	159	19
144	162	32
144	166	22
144	174	19
144	175	70
144	176	72
144	178	25
144	180	73
144	183	11
144	187	34
144	193	48
144	194	41
144	198	61
145	149	48
145	150	81
145	158	20
145	159	92
145	164	61
145	172	98
145	174	19
145	185	96
145	186	60
145	187	97
145	190	72
145	194	59
145	196	30
146	150	67
146	168	23
146	169	9
146	172	68
146	173	31
146	174	80
146	178	75
146	179	43
146	180	16
146	189	35
146	193	62
146	196	10
146	198	2
147	150	83
147	154	24
147	156	15
147	163	9
147	168	43
147	171	33
147	172	47
147	178	70
147	179	59
147	180	67
147	182	81
147	183	13
147	188	11
147	189	74
147	194	10
147	196	97
147	197	78
147	198	35
148	150	23
148	155	28
148	156	60
148	158	66
148	159	98
148	161	90
148	166	86
148	168	78
148	172	39
148	176	89
148	181	31
148	182	48
148	193	5
148	195	24
148	199	22
149	152	45
149	153	95
149	155	68
149	157	70
149	160	24
149	162	17
149	168	63
149	169	41
149	171	51
149	172	98
149	176	62
149	177	91
149	178	89
149	180	47
149	183	83
149	184	68
149	189	40
149	190	86
149	191	58
149	193	96
149	199	83
150	151	95
150	152	1
150	156	3
150	161	63
150	163	66
150	165	31
150	169	42
150	175	29
150	178	61
150	187	84
150	191	100
150	194	94
150	197	1
150	199	19
151	153	97
151	158	63
151	164	24
151	167	21
151	170	25
151	173	17
151	175	86
151	180	9
151	182	73
151	184	9
151	186	69
151	187	85
151	188	47
151	194	38
151	196	20
151	198	40
152	155	36
152	157	48
152	161	91
152	176	27
152	178	83
152	183	33
152	188	80
152	191	97
152	194	99
152	196	94
152	197	45
152	198	10
153	155	9
153	160	7
153	161	47
153	163	93
153	164	27
153	165	72
153	166	51
153	170	82
153	171	96
153	175	51
153	176	38
153	177	93
153	179	92
153	185	53
153	190	64
153	192	11
153	197	42
154	157	20
154	159	55
154	168	62
154	170	35
154	180	25
154	182	73
154	183	8
154	189	69
155	156	76
155	167	96
155	168	5
155	169	100
155	172	74
155	173	10
155	174	44
155	177	43
155	180	36
155	186	52
155	188	60
155	192	15
155	196	43
155	198	50
156	158	27
156	162	10
156	167	95
156	170	19
156	175	92
156	180	3
156	186	80
156	190	72
156	195	53
156	199	65
157	159	89
157	161	86
157	165	72
157	169	91
157	171	55
157	175	49
157	179	100
157	180	9
157	182	13
157	183	1
157	185	97
157	189	78
157	190	16
157	194	16
157	195	25
157	196	54
157	197	25
157	199	60
158	165	40
158	169	90
158	175	26
158	179	52
158	185	91
158	191	25
158	193	74
158	195	33
158	196	52
158	197	13
158	198	36
158	199	57
159	163	92
159	165	44
159	167	39
159	178	8
159	181	78
159	183	17
159	186	38
159	190	24
159	192	55
159	193	44
159	195	55
159	196	98
160	163	24
160	167	54
160	168	91
160	178	3
160	179	56
160	181	17
160	182	89
160	184	22
160	190	16
160	194	15
160	195	39
160	197	66
160	198	21
160	199	25
161	162	81
161	164	38
161	170	46
161	172	34
161	179	87
161	180	100
161	183	5
161	191	88
161	195	62
161	196	35
162	163	21
162	164	29
162	166	63
162	169	38
162	170	64
162	181	13
162	182	4
162	184	41
162	188	90
162	189	95
162	193	22
162	198	75
162	199	87
163	168	14
163	172	67
163	178	62
163	183	75
163	185	45
163	187	66
163	189	75
163	195	32
163	196	95
163	197	26
163	198	33
164	170	81
164	171	94
164	178	53
164	180	81
164	184	76
164	185	76
164	186	53
164	189	62
164	195	11
164	197	85
164	198	98
165	166	7
165	168	30
165	180	16
165	183	55
165	184	64
165	186	82
165	187	73
165	188	33
165	196	20
165	197	32
165	198	7
165	199	99
166	167	25
166	168	28
166	170	40
166	172	84
166	178	66
166	184	22
166	186	54
166	187	43
166	189	70
166	190	22
167	171	68
167	175	19
167	177	3
167	179	1
167	186	6
167	188	11
167	189	35
167	192	49
167	199	73
168	171	89
168	177	51
168	181	72
168	182	18
168	184	11
168	185	37
168	186	20
168	187	9
168	188	37
168	190	99
168	192	82
168	193	4
168	197	37
168	198	44
169	176	11
169	179	50
169	183	34
169	185	55
169	188	93
169	195	1
170	172	4
170	176	74
170	180	69
170	184	40
170	190	24
170	196	2
170	197	23
170	198	96
170	199	69
171	173	32
171	175	20
171	179	7
171	182	20
171	184	26
171	185	24
171	187	14
171	189	96
171	192	8
172	180	69
172	181	10
172	183	91
172	184	6
172	185	53
172	187	36
172	189	29
172	193	51
172	197	7
173	175	18
173	177	67
173	179	15
173	180	35
173	185	6
173	186	69
173	194	27
173	198	92
173	199	13
174	182	99
174	184	53
174	186	44
174	188	88
174	191	14
174	192	22
175	177	14
175	179	71
175	180	42
175	181	58
175	184	61
175	191	65
175	196	11
175	198	47
176	178	54
176	180	57
176	186	97
176	188	26
176	193	90
176	199	94
177	179	16
177	181	37
177	182	67
177	190	76
178	180	34
178	188	20
178	194	21
178	195	71
178	196	75
179	184	35
179	186	80
179	192	13
180	182	55
180	184	54
180	186	37
180	195	52
180	197	41
181	191	40
181	197	67
181	199	2
182	184	86
182	186	66
182	187	86
182	192	21
182	194	36
182	196	34
183	186	16
183	190	83
183	194	39
183	198	36
184	185	63
184	193	24
184	198	62
185	186	74
185	187	14
185	190	4
185	196	92
185	198	80
186	189	59
186	190	99
186	193	12
186	194	87
187	189	21
187	192	1
187	195	98
187	197	47
187	199	27
188	190	73
188	191	72
188	193	60
188	198	22
188	199	41
189	194	17
190	192	30
190	193	48
190	194	43
190	195	87
190	196	64
191	193	13
191	194	36
192	194	70
192	197	92
193	194	28
193	198	6
194	197	99
198	199	22
