51688
57976
57901
51511
56470
54772
59450
57570
58534
53949
56836
50791
56763
52632
53364
59259
53337
51128
59724
50134
55250
57898
57044
57269
52451
51602
56337
53365
54930
53595
56336
57342
59428
50538
56750
52920
51383
59700
50010
58955
50720
58483
59623
52919
59222
53266
52410
51552
52022
59969
51285
54495
50497
53630
54397
59012
55521
57143
51592
52362
54286
53690
54601
50535
55206
55216
59018
52101
50591
55471
52286
50572
54740
52129
52741
50547
54082
59699
54258
57450
54075
58742
56344
56942
51600
52465
57528
58777
52375
50033
50230
59721
59393
56955
57138
50052
54960
58197
56851
54993
51386
51559
52641
50651
56449
54444
57596
54832
58268
56577
55562
51512
50163
58374
57840
54489
55221
59695
56524
50355
50245
59440
58229
50181
50124
56405
58254
54858
56300
58679
59859
54671
51933
52373
50280
50287
58836
56646
55577
58432
53001
58340
54556
57557
52614
57314
55762
52597
50846
59892
59172
58073
58810
52443
58589
55689
52214
52051
53622
52338
59377
52328
50591
56514
57809
52551
53616
51411
51919
50427
50223
59813
58454
50107
50366
53840
52942
51812
55202
59733
55279
55507
51835
55939
55041
51955
54816
50255
51116
52108
58589
52462
54308
58803
55315
52428
56447
52700
50905
57824
