187
135
115
200
118
140
195
121
106
151
112
145
147
193
150
104
151
126
120
140
147
143
135
156
142
130
185
106
173
111
152
147
122
152
122
131
147
192
179
108
110
189
160
194
183
186
167
100
118
135
123
144
154
151
182
119
117
146
198
156
152
177
151
187
111
170
174
119
172
110
189
200
183
183
118
149
153
125
108
114
157
180
136
173
199
140
171
132
135
127
144
120
142
128
131
138
143
126
167
160
100
128
197
118
128
114
100
108
159
104
187
199
101
156
120
136
130
108
108
176
200
101
173
190
175
146
130
179
172
169
134
138
146
190
196
192
114
200
101
101
127
147
129
138
146
152
171
187
192
171
192
131
101
122
165
197
170
151
179
103
191
115
195
114
171
174
185
128
160
187
115
144
125
193
122
119
155
164
200
153
118
115
152
170
135
175
103
179
122
159
176
176
166
135
167
114
146
176
155
179
132
158
191
195
186
128
105
124
153
145
117
152
149
153
104
111
153
100
148
118
135
105
194
144
187
112
121
109
189
100
180
172
108
185
184
139
137
179
163
168
105
101
191
135
140
142
113
114
151
129
116
171
186
176
185
175
145
121
146
123
139
124
158
199
106
103
181
131
126
173
139
109
137
107
174
177
153
160
109
179
168
184
178
117
102
128
187
115
115
122
196
156
165
194
123
200
112
109
128
151
165
176
113
175
140
129
138
168
143
198
167
140
194
169
112
124
123
174
106
196
166
192
189
181
130
156
182
148
143
185
179
109
128
126
101
150
165
179
185
143
116
194
109
106
151
100
191
113
174
113
122
148
164
129
144
117
197
197
180
178
182
182
137
142
178
166
153
108
180
121
160
161
106
170
198
160
148
193
101
150
187
115
198
168
121
109
142
197
180
132
171
110
121
139
126
111
154
163
151
166
