101
129
198
130
186
172
166
112
158
104
186
179
163
114
120
151
114
174
173
174
136
138
163
134
112
101
112
157
184
181
114
104
167
190
138
163
166
188
178
166
140
150
159
147
117
160
148
164
111
121
151
145
174
147
124
156
134
137
145
153
100
165
160
108
106
121
168
110
120
175
130
159
198
134
179
189
114
193
126
136
151
124
196
166
162
138
174
167
167
169
174
135
183
182
114
133
177
160
156
113
114
155
138
136
200
196
105
142
170
169
172
158
199
199
179
180
153
154
114
152
191
199
167
140
129
159
164
177
120
130
160
189
114
181
101
195
183
174
126
192
186
108
117
166
106
181
120
130
165
100
119
151
144
127
132
185
157
119
131
139
117
113
125
154
126
115
158
169
151
161
180
175
142
156
147
147
192
123
165
159
183
145
145
189
185
166
167
181
188
156
134
197
184
187
143
120
149
126
100
185
160
157
144
122
162
145
118
154
109
155
150
162
143
186
162
162
168
109
143
132
153
158
165
197
191
125
120
101
156
146
192
163
183
177
143
101
164
188
134
135
120
115
124
131
137
161
188
160
177
114
157
171
158
184
119
180
149
187
148
111
165
142
188
166
103
152
106
109
126
128
185
118
183
187
179
115
118
144
175
165
169
180
112
142
130
168
165
197
151
187
121
117
190
143
127
194
143
182
179
172
105
150
150
187
129
164
178
148
128
126
172
158
152
194
148
125
170
149
193
149
166
156
191
148
186
147
187
185
112
130
167
188
171
124
152
178
156
122
113
190
184
130
194
200
139
145
177
139
198
106
104
137
158
133
138
150
161
140
159
116
156
136
140
109
169
180
180
121
125
124
113
150
107
190
117
184
159
197
130
200
191
135
151
143
178
172
196
169
138
173
122
188
100
131
178
197
194
183
185
105
