52148
58449
57143
52027
55349
57114
54450
54227
57348
58697
57336
52020
54004
50061
52911
55684
59534
50355
54695
56681
51860
57567
54865
57824
59435
57397
55319
51813
50886
51029
50004
51400
54205
55072
55662
54722
55217
51853
53153
54004
56959
54264
54405
51202
56233
57765
54360
51742
56256
57636
55293
51901
57953
54686
56238
53756
56341
56817
54443
53430
52049
56028
51377
52899
50070
57061
58008
59497
56094
58202
50672
59484
57494
51730
59977
54621
51273
55200
57053
51846
50116
56003
55859
59497
59959
57027
51384
55323
50353
50836
59221
55489
56517
52376
55848
54876
58325
54602
50022
52211
51422
53239
51375
50295
52018
59291
56709
51704
58328
52102
52763
56177
50886
53815
55848
54783
57063
52076
54099
58706
54216
59388
51321
57847
50161
59392
57642
50715
51508
57545
59977
55306
51295
51624
56468
51962
56617
53351
57972
52665
52463
50823
56532
50127
51144
51750
57238
50094
52308
54988
51220
56904
51238
56214
59179
56298
59817
56882
50023
51171
58293
50300
50090
57662
53686
56280
52385
55774
59921
53045
53361
53238
55310
56372
59160
58733
51023
59771
53081
51863
52341
58023
59337
51438
52791
55352
50178
57932
52943
50845
56375
53302
52024
54723
55097
52397
51575
53187
59079
58427
53057
50733
55563
54168
56760
51166
58271
54251
53764
59527
53392
51860
52463
57796
56027
59460
50457
55118
54635
57418
56867
55987
58488
52731
59513
58109
54285
53062
59539
57612
56142
56441
51839
59811
50816
52356
58086
56874
55457
55107
55899
54299
54034
50585
54023
56730
54510
53040
59181
58912
53936
57109
51090
59039
54016
50508
59501
57528
57547
52816
55458
55068
59263
58488
57453
58868
58795
56176
53819
55155
59109
51095
53954
54160
59137
56977
57784
57555
52412
55115
50768
59833
58671
54157
55259
57668
55832
55545
55128
54583
50001
58754
57380
59641
52766
56324
58235
55823
59624
58653
53253
58557
58533
57917
58204
51555
59206
57228
59191
54054
59099
53013
50681
53181
58049
55226
55245
50153
58400
50175
57667
52802
59837
58672
57461
54518
53658
53315
52525
56492
58046
50302
57044
56631
53889
50620
56785
54514
56290
55928
54565
57596
54582
50146
59756
57479
58060
50597
50157
56797
50406
50965
57495
53547
52356
51353
59267
57671
54896
52971
53000
58596
55070
59785
59503
59332
56460
52476
55687
58898
55084
53970
53680
58904
54170
53694
56384
51600
59197
57131
50343
55606
59954
59901
52983
59778
58326
50138
55594
51482
50424
53006
56269
54253
54245
52016
53762
50400
50412
55363
