50997
53153
52091
51949
54633
52389
53948
52079
53473
58367
56032
57074
53950
55923
59938
53196
56761
52454
58431
51069
51299
57392
59240
57769
52779
56126
58584
59558
53376
50019
52699
56979
53941
58711
58588
53784
59114
55949
50824
56761
55095
52407
56752
53452
58450
55093
52618
58657
52417
55174
57771
57932
50419
56298
57710
52896
52315
51857
58661
50345
57910
53919
59765
50172
51685
54943
52177
59576
53996
53645
55072
52624
59777
52147
59910
58863
50605
59478
54935
55930
52093
54574
51440
53970
58881
55145
58541
59990
53189
55666
54198
54798
52273
57449
53151
59532
57044
57443
57571
56534
55029
51516
56350
52179
55902
55892
50586
51000
56076
50260
59024
53558
52111
56497
55831
54851
50590
50129
53477
59116
55004
57354
51106
55395
54846
56317
53854
55227
55953
56275
50412
57182
54589
55269
58117
57971
54550
51067
59096
58847
50176
57178
54162
51209
51016
59407
51002
54080
55006
59039
58037
52794
57804
50213
55075
56705
57527
59501
50855
59828
57659
50188
52964
58825
56707
50423
52306
52244
55673
51844
57141
55292
53454
59996
50979
52277
58572
58747
52262
51266
53426
50986
53671
55951
50553
55916
58532
56120
54020
58832
55935
54773
50531
51358
55399
53027
52490
57836
56841
50592
57377
53229
59218
50439
56713
50945
52751
56509
53357
59874
58538
55329
52696
50229
59186
50270
52257
52032
54099
50491
53492
58898
53675
52266
56767
55916
53149
56516
59802
55418
56036
54663
56487
58283
54953
50701
57239
56012
52717
51749
54852
53117
55808
58611
59118
57963
55606
56858
55763
56896
50227
58695
59252
50191
54329
57138
54279
59220
55535
55135
55178
59501
51808
54629
56111
50638
53271
54375
54225
51269
56144
59848
59821
50156
53333
54609
54884
50359
58702
56719
59546
52825
55675
56239
56749
59390
50618
57917
53522
59368
50936
57164
58822
54432
51887
56729
52319
58184
52599
50518
