186
127
159
196
149
178
125
120
186
181
103
117
126
125
189
156
155
157
104
173
105
135
112
154
187
138
100
190
137
105
114
163
167
112
194
191
199
163
102
129
198
111
102
187
147
147
184
172
114
181
105
184
152
118
115
106
159
190
198
153
163
138
167
133
193
148
172
123
200
162
106
186
145
187
177
115
195
152
198
190
126
165
112
108
144
167
190
185
125
143
113
131
167
164
198
115
137
117
196
167
173
100
174
168
134
139
130
144
188
104
131
177
187
146
150
105
104
178
198
160
182
156
187
126
113
101
177
154
120
113
171
133
109
160
105
173
165
144
133
162
184
185
109
122
188
178
188
185
185
188
135
194
111
112
187
187
153
116
181
127
190
139
149
137
169
148
122
120
109
138
137
178
146
100
158
131
142
124
142
162
145
136
165
117
143
175
137
173
164
161
115
161
146
172
166
165
157
112
196
140
121
200
177
159
109
174
136
192
113
122
133
191
117
150
162
132
108
170
193
157
116
172
168
181
153
115
172
159
122
103
174
157
178
105
156
141
127
148
107
100
141
112
135
175
150
181
189
160
129
128
183
185
183
153
157
135
160
163
141
143
168
175
154
172
173
129
155
147
177
133
128
155
158
146
162
124
164
127
128
151
152
136
121
111
108
123
185
185
120
113
186
165
110
141
115
185
123
122
104
143
