56468
57119
59203
56132
55685
50163
52451
57287
57412
51551
59410
56498
53268
54764
57766
52386
55435
51544
55605
57857
53468
56986
50718
52205
59370
55757
52741
54496
52073
53306
55768
50920
50913
50474
56775
51339
51268
55653
58692
50894
51803
59867
59462
59794
53817
50696
53278
51970
51863
50554
53264
52916
57166
58363
51014
59765
58700
52695
53238
56737
55637
51531
51395
57086
54098
57826
55591
58998
51240
53760
52823
52484
56091
58386
54549
51975
59090
57048
56031
59332
50131
54473
50731
51230
50104
57808
53088
56339
59102
52419
50137
59909
51214
52486
51686
59236
58931
58222
58626
58445
52271
52791
51544
53756
54187
55117
50437
59791
53954
56000
54319
55285
54005
53266
53584
53527
52643
54443
50303
55001
52886
52609
59836
51964
55727
51028
50910
52588
54373
50805
51025
59506
53114
52699
54497
56519
51145
55822
59792
50453
52982
58128
54763
58429
52841
58422
57241
56868
56131
58498
57337
50514
50921
53534
53424
56349
56170
59124
53011
59437
54118
52148
55103
50321
55012
55012
51157
50014
56962
57451
53305
58406
55059
57689
54350
56208
54815
53305
51298
57817
59057
55507
50412
50504
53218
50085
52858
50087
57619
54277
59255
54071
54239
54513
57342
58542
50742
56582
55918
57114
51591
54058
58839
57967
56409
57523
57723
59986
53020
54103
51074
55528
59423
55216
50532
55613
52659
50277
51474
53034
51531
59122
55156
52604
58994
57453
51268
56272
58944
57616
56361
59243
57417
55738
54824
59728
50478
55812
50850
50813
50965
53356
55295
56487
59516
58065
50508
56510
59481
58588
57480
58480
57166
54664
55966
51688
51206
52078
57529
55158
57515
53872
58695
51551
57048
52848
52181
57950
55451
52708
56726
59135
51775
54263
52738
52576
51454
59421
52258
59671
50448
50479
57076
52908
53282
58207
50601
58486
59949
56823
52981
51560
54507
57489
52619
51951
51564
52409
51052
56729
