57282
54188
57671
52125
57616
53699
52111
52641
59680
57028
55538
53485
59222
55131
50717
55737
56624
52092
51813
55724
58074
51637
57715
59834
51413
50783
56225
50863
56524
58001
59360
52100
50014
56550
55431
52825
50352
56815
57828
57978
59385
50545
53394
55705
54665
55829
51695
58220
51543
58513
59814
51976
51061
55051
57791
54832
59884
58693
56109
58033
50928
59922
58073
55817
50807
53578
57749
54869
56410
57264
50347
56235
50369
50513
59299
56845
58439
52492
54630
58109
55702
58276
52332
57355
59964
57948
52088
52862
56539
57864
51090
56929
57544
54235
52274
56138
52749
51259
51598
57193
50582
59948
58615
59200
58265
53453
53365
57752
52080
51399
50613
59990
53391
56251
54597
53374
54731
54768
53205
53081
50837
56077
53125
53970
54490
53425
53280
55257
57033
51880
51593
59244
55974
54070
57995
53182
50457
56960
55020
57373
58470
55337
54152
58824
54610
58507
53763
50481
52673
58773
50368
50683
59358
59450
54974
50483
57795
57498
54000
57267
54142
55218
51054
50118
51467
57905
55268
50156
58255
52073
58619
52410
50291
56179
57794
54281
56471
51020
54855
56625
50061
52777
51611
59143
53906
59682
56269
51703
58110
56320
59774
57883
55024
54216
56133
54351
52683
57645
59681
56202
