0 1 95

1 2 82

2 3 50

3 4 41

4 5 65

5 6 67

6 7 31

7 8 33

8 9 44

9 10 71

10 11 75

11 12 40

12 13 94

13 14 18

14 15 2

15 16 45

16 17 6

17 18 71

18 19 16

19 20 69

20 21 54

21 22 15

22 23 62

23 24 13

24 25 22

25 26 75

26 27 21

27 28 81

28 29 43

29 30 22

30 31 28

31 32 67

32 33 75

33 34 81

34 35 57

35 36 67

36 37 29

37 38 41

38 39 19

39 40 50

40 41 22

41 42 99

42 43 93

43 44 79

44 45 66

45 46 68

46 47 16

47 48 49

48 49 59

49 50 11

50 51 39

51 52 4

52 53 76

53 54 99

54 55 15

55 56 79

56 57 22

57 58 72

58 59 19

59 60 52

60 61 20

61 62 49

62 63 79

63 64 74

64 65 25

65 66 65

66 67 31

67 68 73

68 69 69

69 70 22

70 71 70

71 72 21

72 73 70

73 74 29

74 75 9

75 76 3

76 77 87

77 78 65

78 79 71

79 80 64

80 81 13

81 82 27

82 83 71

83 84 80

84 85 27

85 86 1

86 87 22

87 88 81

88 89 7

89 90 56

90 91 47

91 92 27

92 93 29

93 94 28

94 95 35

95 96 94

96 97 48

97 98 34

98 99 44

99 100 4

100 101 28

101 102 93

102 103 63

103 104 17

104 105 60

105 106 42

106 107 76

107 108 76

108 109 93

109 110 1

110 111 33

111 112 83

112 113 60

113 114 63

114 115 46

115 116 21

116 117 83

117 118 38

118 119 11

119 120 21

120 121 100

121 122 98

122 123 86

123 124 14

124 125 95

125 126 16

126 127 89

127 128 41

128 129 71

129 130 83

130 131 11

131 132 84

132 133 39

133 134 19

134 135 16

135 136 21

136 137 96

137 138 33

138 139 45

139 140 21

140 141 15

141 142 50

142 143 1

143 144 26

144 145 5

145 146 73

146 147 71

147 148 55

148 149 10

149 150 28

150 151 95

151 152 14

152 153 59

153 154 62

154 155 81

155 156 73

156 157 56

157 158 64

158 159 76

159 160 88

160 161 100

161 162 65

162 163 22

163 164 71

164 165 8

165 166 89

166 167 94

167 168 58

168 169 95

169 170 28

170 171 55

171 172 48

172 173 79

173 174 31

174 175 23

175 176 61

176 177 56

177 178 22

178 179 70

179 180 54

180 181 79

181 182 3

182 183 83

183 184 39

184 185 77

185 186 26

186 187 24

187 188 5

188 189 70

189 190 27

190 191 64

191 192 79

192 193 8

193 194 88

194 195 36

195 196 37

196 197 5

197 198 55

198 199 68

199 0 17

93 166 48

120 132 21

19 142 58

71 170 9

165 85 35

184 115 14

81 54 77

81 77 13

103 109 59

152 107 98

28 166 66

166 194 41

65 82 45

175 91 85

143 40 63

32 124 49

163 12 20

36 31 65

165 112 26

92 155 47

91 5 69

136 19 20

126 16 79

10 163 55

89 197 35

53 69 37

148 8 48

78 73 42

23 166 52

56 82 32

153 37 43

94 27 42

5 121 60

119 169 29

96 113 90

83 110 52

80 70 66

96 2 96

43 87 4

157 85 22

100 52 15

155 198 4

40 124 21

29 104 83

7 11 36

9 171 1

173 161 87

93 112 15

92 170 33

73 87 60

135 160 91

185 155 29

187 116 31

39 141 77

137 75 4

98 177 56

7 66 11

132 12 9

141 86 39

28 107 47

97 116 9

73 139 70

7 82 61

86 170 65

106 132 35

76 157 96

188 192 98

85 135 54

45 144 68

93 119 40

31 85 10

192 145 87

164 91 72

34 64 82

11 96 2

114 41 83

24 141 54

162 128 100

138 76 22

75 12 70

158 35 32

100 115 5

110 45 58

149 126 85

185 89 3

134 16 90

52 155 95

45 125 10

76 186 60

103 57 87

143 112 94

83 114 26

186 24 75

50 76 27

4 36 37

61 97 100

64 157 66

78 15 18

159 121 6

71 126 68

197 83 33

41 103 64

147 43 68

6 45 92

195 151 50

177 63 50

177 96 94

14 168 57

120 1 93

177 131 92

4 71 15

80 98 10

126 14 83

43 44 31

2 56 88

70 159 36

198 45 93

177 85 10

195 95 83

38 155 56

35 101 72

98 160 13

57 153 89

150 53 52

182 197 55

176 23 22

60 131 93

10 113 14

40 84 44

172 155 12

116 36 81

98 1 31

93 163 24

110 21 39

63 139 57

18 195 66

91 128 6

171 168 10

104 155 94

100 105 1

74 119 54

157 97 15

145 89 19

155 146 29

181 28 69

69 121 68

92 60 79

107 139 51

144 102 17

105 162 12

110 103 5

8 52 73

154 122 25

97 170 61

196 13 11

85 56 46

168 120 26

66 178 27

196 92 79

23 171 74

118 157 88

190 8 26

53 25 4

37 5 53

115 122 31

6 174 41

61 116 71

178 190 44

125 175 3

191 124 5

171 181 46

24 67 9

49 174 28

178 190 5

19 30 8

77 189 13

171 103 42

177 33 76

106 95 29

166 49 96

95 123 52

58 144 91

157 1 63

99 112 17

84 54 2

143 34 44

68 180 100

168 27 79

39 44 44

4 78 94

15 138 47

81 9 38

80 42 90

194 36 36

54 61 68

83 129 79

81 8 81

72 44 37

107 88 79

93 113 29

162 159 26

122 195 32

137 98 54

74 17 6

114 135 60

86 164 32

137 166 68

43 138 73

2 20 100

11 113 74

50 137 16

136 186 47

26 176 37

78 79 81

147 94 26

154 198 45

138 64 73

71 189 81

9 61 74

40 52 85

4 181 16

177 103 68

87 132 27

143 149 86

104 148 57

160 39 59

66 105 97

8 38 9

28 142 60

83 165 85

135 171 24

150 28 32

116 50 73

9 114 6

164 58 54

182 37 86

42 6 97

58 137 29

178 109 94

68 32 81

9 123 50

46 146 9

51 2 35

107 140 78

94 171 41

167 198 91

72 164 94

153 51 11

111 60 88

158 11 50

75 23 43

23 169 96

111 135 43

34 128 35

46 174 72

176 161 13

15 146 45

153 113 20

0 154 85

103 175 2

179 174 54

157 153 72

151 140 29

21 13 23

80 169 18

1 142 56

140 132 94

109 156 1

176 27 76

14 171 98

83 161 37

170 129 95

110 103 69

56 25 78

113 97 58

65 144 34

137 108 57

106 49 51

133 68 37

183 100 99

120 157 97

115 76 65

45 25 33

82 59 63

170 177 60

35 76 56

154 10 44

63 165 56

128 123 67

133 97 11

129 45 41

174 102 14

72 15 23

84 193 54

171 2 87

21 144 44

48 109 12

95 141 43

121 25 73

120 34 71

179 63 15

149 49 74

138 18 47

170 196 48

179 185 39

192 177 1

122 141 10

186 192 17

162 37 42

171 176 83

137 69 17

2 35 48

122 180 20

59 189 26

57 53 10

80 105 58

66 123 68

94 26 5

161 33 27

175 179 7

18 111 87

130 35 19

67 86 61

47 85 36

138 46 28

157 14 56

52 97 25

173 51 23

178 141 38

63 122 36

125 7 52

72 51 32

42 12 33

47 95 72

91 43 86

12 101 48

141 18 33

97 194 96

75 175 80

152 4 63

88 14 84

42 16 71

196 151 65

139 35 81

132 21 21

168 122 36

1 101 100

49 83 61

80 143 93

88 197 27

53 149 49

140 45 8

179 159 100

163 52 58

194 99 5

50 185 100

37 115 27

185 125 48

37 163 87

186 79 1

133 71 69

102 164 6

154 1 57

117 43 99

48 21 11

105 135 7

186 3 84

2 69 62

111 62 95

72 138 59

33 26 73

189 194 55

71 97 55

167 72 1

76 43 78

30 5 75

193 54 60

152 20 15

186 2 37

92 38 58

82 5 25

98 166 97

79 193 29

172 102 34

79 72 72

75 63 44

104 135 14

157 120 61

34 106 45

155 110 7

171 70 56

45 112 89

176 76 38

36 159 84

94 85 56

5 57 19

99 186 55

198 20 89

98 90 37

31 26 22

153 33 37

32 23 81

157 110 85

191 81 70

178 127 84

72 79 21

43 156 65

46 88 22

165 187 47

187 147 15

40 98 85

88 80 65

142 29 63

166 192 67

59 15 35

74 110 58

182 3 58

179 194 80

175 157 97

9 78 62

188 196 99

158 151 5

101 159 28

81 126 18

94 154 54

194 150 67

1 95 23

141 17 53

80 49 12

99 185 18

46 50 6

52 9 19

106 141 40

145 94 51

126 82 51

144 6 18

171 167 92

3 13 12

125 44 2

110 168 19

71 26 53

47 134 74

79 73 94

11 8 99

146 5 52

84 113 64

22 156 86

101 53 10

60 58 42

6 29 19

130 155 99

39 63 100

26 180 68

59 27 8

109 90 92

23 123 10

65 107 73

95 183 64

58 164 23

72 2 88

31 41 81

146 169 45

50 109 81

22 62 55

51 162 80

176 121 34

133 125 79

68 191 82

182 11 39

112 153 59

17 122 79

74 143 69

194 154 99

23 123 97

163 100 75

66 155 94

22 80 16

29 175 45

167 123 15

86 20 84

130 118 95

126 35 13

167 103 36

140 158 83

127 60 97

103 146 76

168 163 1

196 50 68

84 18 33

102 57 67

29 4 36

171 165 7

112 105 11

145 76 76

111 84 87

117 8 73

38 114 56

105 79 36

58 74 51

83 127 42

105 151 38

192 8 36

189 100 56

53 172 12

132 129 91

38 23 76

27 150 7

47 76 66

155 12 69

43 38 21

164 42 75

37 168 29

63 81 34

77 13 44

77 160 21

24 129 84

13 100 44

63 44 78

38 145 57

101 86 87

144 65 60

87 172 61

163 125 95

155 78 91

188 84 80

119 196 51

113 91 44

11 90 54

67 152 46

47 46 54

15 190 2

183 80 11

77 23 85

137 72 95

58 95 17

132 117 68

195 194 33

142 65 36

85 34 67

91 42 12

23 178 23

142 111 23

168 108 4

193 160 8

38 106 7

171 136 40

129 108 50

105 148 90

131 149 60

126 131 10

171 172 87

148 115 86

161 35 28

73 97 66

6 0 56

7 95 79

198 61 78

91 180 63

64 40 81

11 108 85

115 80 64

55 96 3

88 165 81

126 134 48

77 103 39

156 63 67

146 35 25

45 141 2

172 109 2

10 60 20

119 179 86

77 185 69

18 170 81

82 63 39

172 35 34

157 76 25

47 92 84

0 198 68

142 32 80

106 49 48

156 24 16

127 93 23

63 155 26

166 174 62

62 159 92

73 23 11

64 162 97

110 156 63

143 84 65

110 166 48

56 115 97

76 21 92

26 78 39

24 198 33

39 176 85

41 159 79

15 81 45

121 191 67

108 154 82

1 104 16

