117
182
178
100
161
138
156
181
118
156
150
156
108
185
105
102
181
158
155
176
166
192
155
154
178
150
150
156
150
105
152
103
150
145
127
137
117
187
158
111
197
104
198
177
186
100
162
190
122
117
138
152
148
107
168
126
114
196
184
188
188
112
109
172
149
121
200
157
114
141
178
192
123
167
157
176
190
159
117
136
108
145
141
149
120
111
152
168
179
172
170
142
200
185
135
163
141
145
194
144
166
142
111
159
124
116
113
186
150
188
183
178
134
133
123
104
127
116
142
160
185
165
174
144
174
103
119
155
182
121
102
163
140
192
181
154
161
149
140
167
175
129
117
115
143
189
130
116
156
161
166
124
138
112
141
136
147
147
113
148
125
100
183
184
132
197
134
148
110
106
135
119
193
162
178
171
160
184
153
164
200
182
182
113
169
157
167
177
171
111
120
128
155
162
136
175
125
171
173
162
