55567
54324
53200
52481
56575
59735
55543
51860
53958
53231
51864
50980
56486
58241
50443
59960
59055
50099
50823
55751
54158
58653
54797
53097
55068
58543
57185
50715
51311
57252
53777
57100
57284
52713
55781
59748
56313
57641
58773
53538
50771
55847
53264
58576
50520
52665
54617
51667
55429
59492
59724
50756
50652
54533
57919
53462
58988
56675
57779
54130
54010
56096
51205
53784
50910
55265
57400
51050
52651
53864
54066
57104
54167
57911
54097
54459
50371
54129
55876
56171
52707
56485
50599
59356
52797
50359
51432
53337
51662
59361
56870
57112
53098
55762
54577
59634
58873
52792
52981
54994
52893
52525
54770
54392
50217
55688
56145
59680
50678
52514
56771
53659
55092
58901
59069
52437
52705
52627
53259
57498
51644
55628
50442
51072
56739
54410
55282
50481
56405
59832
54367
52838
57753
50674
55247
54580
56089
58870
57867
58479
51730
56568
51249
54437
59855
52116
55254
56155
58783
53148
58197
52626
51147
51706
55317
50726
54103
58695
51931
54102
58391
58288
57196
55835
52974
56824
57422
55716
59192
57954
51886
59481
57436
53225
55426
54546
52664
55924
50731
54771
57988
59385
50674
54694
59462
59276
59898
54637
56594
59902
54214
50810
56150
56263
52684
57980
52446
55872
55657
51676
