1 0 12
2 0 86
2 1 98
3 0 91
4 3 73
5 0 83
5 1 36
5 2 38
6 3 71
6 4 98
7 0 80
7 1 94
7 2 65
7 3 40
7 5 42
8 2 31
9 3 71
9 4 24
9 6 25
10 0 64
10 1 26
10 2 52
10 3 3
10 7 40
11 2 10
12 0 36
12 1 31
12 2 77
12 3 65
12 4 6
12 5 33
12 7 74
12 8 19
12 10 77
13 4 92
14 10 29
15 7 28
16 0 70
16 3 28
16 4 51
16 5 96
16 6 81
16 7 13
16 9 93
16 10 75
16 12 37
17 9 1
17 12 52
17 16 86
18 1 76
18 2 70
19 9 13
19 12 56
19 16 55
19 17 94
20 19 88
21 0 52
21 1 49
21 2 18
21 3 91
21 4 54
21 5 91
21 6 30
21 7 3
21 8 2
21 9 46
21 10 89
21 12 35
21 13 66
21 14 83
21 15 95
21 16 85
22 0 75
22 1 36
22 3 27
22 4 93
22 6 37
22 9 31
22 12 53
22 19 54
22 20 55
22 21 30
23 10 26
24 0 19
24 1 18
24 2 76
25 0 37
25 1 23
25 2 15
25 3 16
25 4 39
25 5 11
25 6 48
25 7 8
25 9 97
25 10 44
25 12 15
25 13 35
25 14 52
25 16 37
25 17 53
25 19 80
25 20 31
25 21 100
25 22 16
25 23 99
26 1 60
26 2 83
26 10 11
26 21 31
26 22 57
26 23 99
26 25 39
27 10 75
27 14 9
28 8 75
29 1 57
29 18 69
30 0 65
30 1 28
30 2 67
30 3 20
30 4 19
30 5 91
30 6 96
30 7 92
30 9 6
30 10 42
30 13 89
30 21 17
30 22 79
30 25 64
30 26 26
31 0 97
31 3 93
31 4 59
31 24 45
32 30 7
33 3 38
33 4 13
33 7 90
33 9 65
33 15 76
33 16 18
33 21 78
34 20 38
35 28 88
36 0 96
36 1 49
36 2 71
36 3 31
36 4 14
36 5 45
36 6 82
36 7 53
36 9 98
36 10 61
36 12 32
36 13 53
36 15 70
36 16 98
36 21 61
36 22 61
36 24 36
36 25 84
36 26 82
36 30 9
36 31 8
36 32 49
37 27 67
38 0 91
38 1 47
38 2 92
38 5 2
38 10 22
38 11 21
38 12 41
38 20 24
38 24 55
38 25 28
38 26 65
38 36 94
39 0 48
40 3 55
41 32 57
42 35 68
43 3 59
44 0 21
44 1 32
44 2 34
44 3 76
44 5 56
44 6 86
44 8 41
44 9 48
44 10 62
44 12 87
44 16 93
44 17 67
44 19 98
44 20 56
44 21 99
44 22 80
44 23 18
44 25 32
44 26 95
44 30 4
44 31 78
44 32 81
44 33 65
44 36 80
44 38 50
44 39 28
45 0 100
45 1 46
45 2 23
45 3 40
45 4 50
45 5 96
45 6 41
45 7 35
45 8 38
45 9 6
45 10 39
45 12 1
45 14 66
45 15 62
45 16 37
45 17 35
45 19 89
45 20 48
45 21 54
45 22 99
45 24 74
45 25 20
45 26 48
45 28 33
45 30 1
45 31 98
45 33 26
45 36 72
45 38 75
45 44 76
46 0 66
46 3 8
46 16 18
46 25 2
47 0 4
47 1 17
47 2 28
47 3 4
47 4 8
47 5 70
47 6 40
47 7 57
47 8 30
47 9 65
47 10 65
47 11 16
47 12 66
47 13 52
47 14 38
47 15 91
47 16 70
47 17 15
47 18 74
47 19 80
47 20 44
47 21 26
47 22 31
47 23 83
47 24 97
47 25 64
47 26 87
47 27 50
47 30 94
47 31 50
47 32 92
47 33 80
47 36 90
47 38 81
47 44 90
47 45 10
48 10 88
48 23 29
48 25 97
48 27 17
48 38 44
48 47 53
49 0 81
49 1 73
49 2 87
49 11 87
49 18 57
50 0 94
50 1 83
50 2 29
50 3 27
50 4 83
50 5 3
50 6 79
50 7 64
50 9 15
50 10 43
50 12 59
50 13 75
50 14 55
50 15 23
50 16 25
50 17 59
50 18 30
50 19 36
50 21 68
50 22 13
50 23 36
50 24 73
50 25 33
50 26 3
50 27 64
50 29 27
50 33 3
50 36 64
50 37 36
50 38 76
50 43 26
50 44 24
50 45 76
50 47 33
50 48 40
50 49 30
51 0 36
51 10 81
51 14 55
52 10 35
52 23 62
53 31 77
54 5 68
54 6 41
54 13 95
54 21 56
54 22 70
54 30 6
54 44 6
54 50 32
55 0 84
55 1 9
55 2 78
55 3 85
55 4 26
55 5 8
55 6 95
55 7 47
55 9 18
55 10 42
55 11 66
55 12 49
55 13 87
55 14 48
55 16 44
55 17 95
55 19 97
55 20 40
55 21 89
55 22 95
55 24 73
55 25 52
55 26 16
55 30 66
55 31 86
55 36 62
55 38 87
55 44 87
55 45 1
55 47 80
55 48 40
55 50 58
55 51 8
55 54 18
56 1 83
56 10 2
56 23 80
56 47 97
56 50 82
56 52 7
56 54 50
57 49 22
58 0 78
58 1 44
58 2 1
58 3 99
58 4 45
58 5 25
58 6 9
58 7 63
58 8 70
58 9 26
58 10 20
58 11 83
58 12 89
58 13 70
58 14 83
58 15 16
58 16 96
58 17 62
58 19 18
58 20 56
58 21 79
58 22 91
58 23 54
58 24 67
58 25 98
58 26 79
58 27 60
58 30 52
58 31 13
58 32 80
58 33 67
58 36 74
58 38 41
58 44 50
58 45 55
58 47 66
58 48 49
58 50 67
58 51 57
58 54 9
58 55 50
58 56 52
59 12 94
60 56 94
61 0 37
61 1 34
61 2 100
61 3 28
61 4 48
61 7 76
61 8 48
61 10 25
61 15 37
61 31 17
61 36 52
61 44 40
61 45 14
61 47 39
61 50 25
61 55 30
61 58 45
62 0 62
62 1 92
62 2 23
62 3 69
62 4 14
62 5 29
62 6 80
62 7 92
62 8 29
62 9 20
62 10 81
62 12 98
62 14 42
62 16 52
62 18 25
62 20 74
62 21 70
62 22 46
62 23 35
62 25 22
62 26 56
62 27 72
62 28 97
62 30 2
62 32 69
62 33 98
62 35 15
62 36 4
62 38 18
62 42 12
62 44 8
62 45 86
62 47 20
62 48 98
62 50 18
62 51 21
62 52 74
62 54 79
62 55 12
62 56 39
62 58 33
62 61 13
63 34 82
64 59 70
65 33 35
66 24 100
67 0 51
67 1 45
67 3 50
67 4 16
67 5 78
67 6 4
67 7 88
67 10 63
67 14 11
67 15 27
67 19 35
67 21 65
67 22 24
67 23 14
67 24 60
67 25 92
67 31 88
67 33 96
67 38 58
67 43 11
67 44 93
67 45 86
67 47 100
67 50 9
67 51 68
67 55 29
67 58 65
67 61 82
67 62 37
68 0 97
68 1 93
68 2 88
68 3 92
68 4 33
68 5 49
68 6 32
68 7 97
68 9 37
68 10 37
68 12 15
68 16 89
68 17 21
68 18 44
68 19 96
68 20 65
68 21 23
68 22 47
68 23 69
68 24 31
68 25 1
68 26 1
68 29 48
68 30 43
68 31 31
68 33 69
68 36 51
68 38 75
68 44 11
68 45 19
68 47 29
68 48 61
68 50 72
68 52 43
68 54 83
68 55 60
68 56 59
68 58 97
68 59 26
68 61 36
68 62 47
68 64 56
68 65 76
68 67 12
69 38 54
70 1 7
70 12 5
70 36 4
70 38 89
71 0 2
71 1 63
71 2 30
71 5 59
71 11 65
71 18 19
71 29 27
71 31 41
71 43 13
71 47 89
71 48 53
71 49 79
71 50 42
71 55 25
71 57 27
71 62 93
71 67 92
71 68 82
72 0 62
72 3 100
72 4 91
72 43 81
72 50 53
72 55 26
72 67 8
72 71 93
73 0 39
73 1 25
73 2 92
73 3 64
73 4 86
73 5 43
73 6 72
73 7 16
73 8 93
73 9 61
73 10 79
73 11 96
73 12 41
73 13 81
73 14 39
73 15 43
73 16 31
73 17 21
73 19 94
73 20 91
73 21 77
73 22 5
73 23 89
73 24 67
73 25 38
73 26 48
73 27 23
73 28 25
73 29 34
73 30 54
73 31 29
73 33 95
73 34 74
73 36 55
73 37 34
73 38 17
73 43 76
73 44 84
73 45 28
73 47 83
73 48 57
73 50 96
73 52 82
73 54 30
73 55 13
73 56 56
73 58 26
73 60 99
73 61 16
73 62 4
73 65 22
73 66 80
73 67 33
73 68 58
73 70 42
73 71 47
73 72 42
74 23 61
74 52 4
74 62 1
75 2 89
76 3 65
76 4 51
76 5 64
76 6 63
76 7 59
76 10 58
76 14 79
76 16 64
76 27 7
77 61 81
78 62 40
79 59 63
79 64 38
79 68 48
80 6 39
81 20 96
81 34 23
81 63 23
81 73 20
82 31 50
83 42 64
84 24 26
85 0 18
85 1 63
85 2 78
85 3 5
85 4 97
85 5 8
85 6 92
85 7 14
85 9 69
85 10 36
85 11 34
85 12 29
85 13 18
85 14 47
85 15 85
85 16 37
85 17 9
85 19 62
85 20 89
85 21 52
85 22 19
85 23 56
85 24 58
85 25 18
85 26 89
85 30 11
85 32 48
85 33 65
85 34 96
85 36 69
85 38 73
85 44 30
85 45 44
85 46 57
85 47 29
85 48 85
85 50 91
85 52 42
85 54 25
85 55 62
85 56 10
85 58 50
85 60 14
85 61 100
85 62 50
85 65 53
85 66 39
85 67 28
85 68 17
85 70 8
85 71 90
85 73 54
85 76 41
85 79 1
86 10 41
87 62 29
87 74 94
87 85 74
88 54 97
89 12 51
89 19 22
89 20 66
89 44 61
90 20 29
90 34 91
91 3 37
91 4 31
92 0 9
92 1 15
92 2 54
92 3 100
92 4 22
92 5 5
92 6 59
92 7 70
92 9 2
92 10 31
92 11 6
92 12 6
92 13 93
92 14 71
92 15 81
92 16 30
92 17 31
92 19 66
92 21 48
92 22 38
92 24 58
92 25 72
92 26 20
92 29 22
92 33 72
92 44 60
92 45 75
92 46 95
92 47 99
92 48 96
92 50 99
92 54 48
92 55 48
92 58 68
92 61 6
92 67 71
92 68 98
92 72 98
92 73 22
92 76 82
92 77 85
92 85 41
93 0 67
93 1 23
93 2 4
93 3 90
93 4 46
93 5 19
93 6 91
93 7 41
93 9 24
93 10 7
93 11 98
93 12 3
93 13 50
93 14 39
93 16 87
93 17 87
93 19 59
93 21 57
93 22 45
93 23 68
93 25 58
93 26 30
93 30 97
93 33 90
93 34 98
93 35 64
93 36 50
93 38 75
93 42 24
93 44 74
93 46 59
93 47 52
93 50 94
93 51 94
93 52 88
93 54 63
93 55 50
93 56 32
93 62 99
93 65 79
93 67 43
93 68 79
93 70 88
93 73 83
93 74 54
93 81 63
93 85 77
93 87 88
93 88 50
93 90 73
93 92 79
94 0 84
94 1 72
94 2 64
94 3 52
94 4 34
94 5 77
94 6 69
94 7 52
94 8 45
94 9 23
94 10 81
94 11 3
94 12 47
94 13 56
94 14 97
94 15 82
94 16 50
94 17 41
94 18 3
94 19 86
94 20 90
94 21 67
94 22 53
94 23 56
94 24 97
94 25 73
94 26 79
94 27 13
94 28 19
94 29 52
94 30 50
94 31 38
94 33 55
94 35 28
94 36 87
94 38 13
94 43 9
94 44 60
94 45 85
94 46 45
94 47 96
94 48 72
94 49 16
94 50 84
94 51 10
94 54 87
94 55 78
94 56 76
94 58 92
94 59 29
94 61 99
94 62 68
94 64 68
94 65 84
94 66 48
94 67 59
94 68 4
94 71 26
94 72 5
94 73 64
94 76 96
94 77 27
94 85 75
94 88 45
94 89 57
94 92 95
94 93 92
95 3 25
95 43 45
95 67 38
95 73 40
96 43 97
97 78 61
98 79 42
98 85 77
99 0 90
99 1 49
99 2 30
99 3 31
99 4 74
99 5 1
99 6 57
99 7 27
99 9 78
99 10 48
99 12 25
99 14 92
99 15 93
99 16 62
99 17 10
99 19 4
99 20 19
99 21 78
99 22 59
99 23 67
99 24 75
99 25 69
99 26 3
99 27 87
99 30 4
99 31 40
99 32 6
99 33 76
99 36 4
99 38 40
99 43 70
99 44 71
99 45 57
99 47 9
99 48 96
99 49 70
99 50 64
99 51 92
99 52 66
99 54 5
99 55 28
99 56 18
99 58 39
99 59 24
99 61 59
99 62 5
99 65 62
99 67 96
99 68 43
99 70 28
99 71 72
99 72 100
99 73 41
99 76 74
99 79 1
99 85 53
99 90 18
99 92 81
99 93 58
99 94 22
99 95 18
99 98 41
100 0 54
100 1 79
100 2 49
100 5 33
100 18 94
100 26 54
100 30 45
100 50 57
100 54 63
100 56 68
100 60 15
100 73 56
101 0 3
101 1 78
101 2 56
101 3 61
101 4 9
101 5 40
101 6 4
101 7 6
101 8 64
101 9 85
101 10 86
101 11 34
101 12 13
101 13 69
101 14 23
101 15 39
101 16 79
101 17 64
101 18 72
101 19 84
101 20 78
101 21 94
101 23 11
101 24 61
101 25 39
101 26 44
101 27 32
101 29 59
101 30 37
101 31 87
101 32 30
101 33 50
101 34 3
101 36 92
101 37 73
101 38 30
101 41 92
101 43 14
101 44 81
101 45 35
101 46 78
101 47 33
101 48 8
101 49 50
101 50 45
101 51 82
101 52 56
101 53 68
101 54 86
101 55 34
101 56 50
101 58 56
101 60 31
101 61 19
101 62 13
101 63 37
101 65 66
101 67 73
101 68 86
101 71 32
101 72 62
101 73 73
101 81 7
101 85 89
101 90 1
101 92 74
101 93 25
101 94 26
101 95 38
101 99 5
101 100 44
102 70 56
102 87 14
102 93 63
102 99 53
103 6 20
104 0 24
104 1 44
104 2 98
104 3 28
104 4 5
104 5 19
104 7 88
104 8 78
104 9 53
104 10 39
104 11 17
104 12 3
104 13 10
104 14 65
104 16 45
104 17 96
104 18 22
104 19 60
104 20 82
104 21 90
104 22 75
104 23 35
104 24 43
104 25 73
104 26 40
104 27 72
104 29 22
104 30 55
104 32 42
104 33 70
104 36 77
104 38 55
104 43 44
104 44 22
104 45 2
104 47 32
104 48 81
104 49 34
104 50 53
104 51 21
104 52 32
104 54 94
104 55 13
104 56 4
104 57 30
104 58 8
104 61 13
104 62 25
104 67 16
104 68 26
104 71 11
104 72 100
104 73 25
104 74 58
104 76 34
104 77 26
104 85 88
104 87 72
104 91 97
104 92 45
104 93 96
104 94 87
104 99 54
104 100 50
104 101 1
105 37 80
106 0 100
106 1 23
106 2 69
106 3 84
106 4 94
106 5 60
106 6 90
106 7 80
106 8 35
106 9 12
106 10 49
106 12 41
106 13 43
106 14 78
106 15 82
106 16 43
106 18 85
106 19 75
106 20 85
106 21 88
106 22 52
106 23 59
106 24 43
106 25 31
106 26 56
106 27 75
106 30 64
106 31 67
106 33 28
106 34 30
106 36 77
106 37 99
106 38 85
106 43 5
106 44 23
106 45 91
106 46 63
106 47 11
106 48 27
106 50 25
106 53 77
106 54 45
106 55 80
106 58 97
106 61 35
106 62 47
106 63 31
106 65 28
106 67 95
106 68 68
106 70 83
106 71 46
106 72 95
106 73 70
106 76 30
106 77 73
106 85 74
106 87 70
106 90 42
106 92 9
106 93 49
106 94 86
106 98 76
106 99 34
106 101 57
106 102 22
106 104 15
106 105 39
107 29 32
108 0 30
108 7 36
108 25 15
108 61 6
108 67 45
108 73 55
108 85 96
108 95 80
108 98 70
108 99 60
109 58 85
110 37 67
111 27 76
111 37 30
112 0 46
112 1 87
112 2 13
112 3 62
112 4 98
112 5 69
112 6 24
112 7 74
112 8 76
112 10 92
112 12 10
112 14 31
112 15 40
112 16 6
112 17 18
112 18 76
112 20 67
112 21 96
112 22 45
112 23 67
112 24 67
112 25 57
112 26 33
112 27 58
112 30 77
112 32 24
112 33 81
112 36 17
112 38 83
112 41 15
112 44 22
112 46 47
112 47 71
112 48 100
112 49 1
112 50 51
112 52 94
112 54 66
112 55 91
112 56 2
112 57 18
112 58 34
112 60 19
112 61 39
112 62 18
112 66 7
112 67 18
112 68 55
112 71 34
112 72 71
112 73 65
112 74 96
112 76 70
112 85 42
112 87 10
112 92 78
112 93 64
112 94 59
112 99 47
112 100 91
112 101 49
112 102 96
112 104 49
112 106 76
112 108 66
112 109 34
112 111 86
113 4 43
114 24 80
115 40 28
116 0 38
116 1 56
116 2 81
116 3 98
116 4 61
116 5 93
116 6 47
116 7 100
116 8 19
116 9 100
116 10 85
116 12 27
116 13 25
116 14 30
116 15 45
116 16 88
116 18 53
116 19 26
116 20 77
116 21 5
116 22 59
116 23 55
116 24 45
116 25 19
116 26 11
116 27 65
116 28 91
116 29 96
116 31 84
116 33 25
116 36 67
116 37 61
116 38 20
116 41 53
116 44 35
116 45 62
116 46 24
116 47 57
116 48 25
116 50 87
116 51 3
116 52 37
116 55 76
116 58 23
116 59 100
116 61 76
116 62 9
116 64 90
116 66 91
116 67 95
116 68 99
116 70 76
116 71 29
116 73 28
116 74 43
116 76 28
116 77 31
116 79 12
116 85 14
116 87 16
116 89 72
116 90 28
116 92 88
116 93 54
116 94 20
116 98 36
116 99 10
116 101 83
116 102 4
116 104 57
116 105 58
116 106 61
116 109 9
116 111 96
116 112 32
117 65 62
118 76 33
119 18 1
120 0 47
120 1 95
120 2 97
120 3 92
120 4 76
120 5 40
120 6 8
120 7 31
120 8 40
120 9 72
120 10 84
120 11 55
120 12 29
120 13 6
120 14 75
120 16 7
120 17 10
120 18 76
120 19 53
120 20 69
120 21 47
120 22 47
120 23 36
120 24 42
120 25 89
120 26 90
120 27 85
120 28 80
120 30 57
120 31 27
120 33 9
120 34 83
120 36 85
120 37 84
120 38 5
120 42 86
120 43 5
120 44 53
120 45 54
120 46 48
120 47 31
120 48 28
120 50 15
120 51 93
120 52 63
120 54 63
120 55 95
120 56 8
120 58 80
120 59 45
120 60 25
120 62 49
120 64 86
120 67 54
120 68 80
120 71 45
120 73 39
120 74 63
120 76 93
120 79 47
120 81 4
120 83 21
120 85 55
120 87 17
120 90 34
120 92 15
120 93 70
120 94 19
120 95 10
120 98 24
120 99 25
120 100 23
120 101 50
120 102 55
120 104 20
120 106 51
120 108 92
120 112 47
120 116 77
120 119 83
121 83 25
121 120 42
122 0 70
122 1 36
122 2 23
122 3 59
122 4 89
122 5 1
122 6 29
122 7 23
122 8 32
122 9 79
122 10 64
122 15 86
122 16 32
122 17 96
122 18 93
122 19 1
122 20 50
122 21 65
122 22 88
122 24 33
122 25 44
122 26 6
122 29 94
122 30 79
122 32 97
122 33 31
122 34 26
122 36 50
122 41 17
122 43 87
122 44 85
122 45 57
122 46 17
122 47 76
122 49 79
122 50 66
122 52 56
122 54 30
122 55 96
122 56 51
122 57 43
122 58 98
122 59 68
122 60 21
122 61 71
122 62 61
122 64 51
122 65 80
122 66 35
122 67 79
122 68 73
122 71 32
122 73 55
122 74 53
122 77 52
122 79 96
122 81 20
122 83 47
122 85 41
122 87 27
122 89 69
122 90 58
122 92 32
122 93 20
122 94 53
122 98 79
122 99 25
122 100 45
122 101 15
122 102 62
122 104 77
122 106 28
122 108 6
122 109 93
122 112 62
122 116 93
122 117 46
122 120 100
122 121 97
123 9 8
123 25 25
124 0 85
124 3 52
124 25 61
125 41 91
126 0 56
126 3 71
126 4 76
126 104 53
126 113 50
127 54 73
128 68 60
129 3 31
129 4 28
129 6 30
130 56 14
131 0 49
131 1 99
131 2 97
131 3 56
131 4 44
131 10 75
131 38 68
131 68 13
131 79 40
131 113 67
131 126 79
132 131 48
133 0 67
133 1 40
133 2 99
133 3 83
133 4 91
133 5 35
133 6 32
133 7 51
133 8 21
133 9 17
133 10 48
133 11 93
133 12 23
133 13 86
133 14 17
133 15 25
133 16 18
133 17 1
133 18 63
133 19 21
133 20 15
133 21 77
133 22 77
133 23 67
133 24 67
133 25 27
133 26 18
133 27 65
133 28 30
133 29 43
133 30 35
133 31 61
133 33 74
133 34 59
133 35 3
133 36 66
133 37 99
133 38 31
133 41 59
133 42 59
133 43 46
133 44 49
133 45 36
133 46 21
133 47 44
133 48 88
133 49 27
133 50 74
133 52 41
133 54 43
133 55 28
133 56 47
133 57 45
133 58 13
133 59 19
133 61 33
133 62 45
133 63 89
133 64 26
133 67 62
133 68 23
133 70 37
133 71 12
133 72 38
133 73 73
133 74 83
133 76 81
133 79 26
133 81 84
133 85 1
133 87 28
133 90 1
133 92 6
133 93 31
133 94 26
133 98 82
133 99 100
133 100 10
133 101 18
133 102 50
133 104 44
133 106 47
133 108 64
133 112 37
133 116 31
133 118 9
133 120 74
133 121 13
133 122 35
133 123 73
133 124 33
133 126 83
133 131 12
133 132 63
134 106 36
135 0 9
135 1 15
135 2 56
135 3 97
135 4 68
135 5 61
135 6 17
135 7 40
135 9 74
135 10 92
135 11 14
135 12 3
135 13 4
135 14 89
135 16 100
135 17 92
135 19 48
135 20 70
135 21 100
135 22 86
135 23 37
135 24 57
135 25 65
135 26 47
135 27 95
135 30 7
135 31 1
135 32 18
135 36 25
135 38 2
135 43 44
135 44 76
135 45 1
135 46 86
135 47 10
135 48 72
135 50 63
135 51 39
135 52 22
135 54 82
135 55 83
135 58 18
135 59 55
135 61 30
135 62 44
135 64 57
135 67 45
135 68 55
135 70 83
135 72 19
135 73 94
135 74 29
135 77 79
135 79 67
135 83 15
135 85 80
135 89 10
135 90 40
135 92 39
135 93 18
135 94 96
135 95 88
135 98 83
135 99 29
135 100 44
135 101 97
135 102 59
135 104 55
135 106 95
135 108 4
135 112 32
135 113 7
135 116 60
135 120 98
135 121 36
135 122 96
135 126 82
135 131 83
135 132 23
135 133 27
136 59 74
137 35 31
137 42 29
138 54 98
139 1 8
139 3 59
139 10 64
139 47 82
139 52 84
139 56 4
139 58 34
140 0 17
140 3 2
140 4 91
140 9 99
140 16 99
140 21 46
140 45 95
140 68 86
140 122 92
141 40 51
141 115 61
142 0 75
142 1 5
142 2 36
142 3 66
142 4 72
142 5 14
142 6 71
142 7 69
142 8 22
142 9 13
142 10 11
142 11 27
142 12 95
142 13 4
142 14 63
142 15 93
142 16 18
142 17 42
142 18 85
142 19 3
142 20 58
142 21 16
142 22 72
142 24 82
142 25 51
142 26 95
142 27 48
142 29 41
142 30 78
142 31 54
142 33 100
142 34 78
142 36 25
142 37 31
142 38 99
142 43 90
142 44 40
142 45 75
142 47 70
142 48 25
142 49 5
142 50 78
142 51 88
142 52 78
142 54 62
142 55 17
142 56 69
142 58 14
142 60 67
142 61 94
142 62 55
142 63 37
142 67 7
142 68 73
142 70 67
142 71 7
142 73 37
142 74 9
142 76 19
142 77 64
142 81 38
142 84 82
142 85 70
142 87 18
142 92 30
142 93 85
142 94 37
142 95 98
142 99 59
142 100 51
142 101 64
142 102 81
142 104 70
142 106 8
142 110 22
142 111 25
142 112 99
142 116 48
142 120 82
142 121 72
142 122 55
142 133 45
142 134 17
142 135 60
143 0 82
143 1 20
143 2 8
143 3 36
143 4 34
143 5 99
143 6 9
143 7 24
143 8 4
143 9 20
143 10 10
143 11 72
143 12 16
143 13 72
143 14 74
143 15 64
143 16 88
143 17 86
143 18 24
143 19 41
143 20 64
143 21 6
143 22 29
143 23 9
143 25 16
143 26 33
143 27 3
143 29 98
143 30 13
143 33 56
143 36 15
143 38 90
143 44 27
143 45 8
143 46 4
143 47 31
143 50 71
143 51 23
143 52 47
143 54 69
143 55 100
143 56 62
143 58 52
143 60 47
143 61 13
143 62 94
143 64 2
143 67 69
143 68 47
143 71 64
143 72 41
143 73 99
143 76 24
143 85 10
143 89 59
143 91 39
143 92 89
143 93 23
143 94 73
143 95 59
143 99 60
143 100 75
143 101 16
143 104 64
143 106 93
143 112 78
143 116 83
143 118 33
143 119 93
143 120 29
143 122 34
143 126 9
143 130 44
143 131 58
143 132 75
143 133 78
143 134 58
143 135 91
143 138 45
143 139 62
143 140 8
143 142 18
144 0 98
144 1 86
144 2 71
144 3 13
144 4 12
144 5 90
144 6 21
144 7 54
144 8 29
144 9 27
144 10 22
144 11 14
144 12 82
144 13 4
144 14 51
144 16 21
144 17 97
144 19 21
144 20 58
144 21 38
144 22 24
144 23 98
144 24 49
144 25 46
144 26 85
144 27 28
144 28 10
144 30 13
144 33 86
144 34 89
144 35 8
144 36 93
144 38 92
144 42 5
144 43 97
144 44 4
144 45 6
144 47 51
144 48 45
144 49 12
144 50 4
144 51 1
144 54 45
144 55 84
144 58 3
144 59 98
144 61 30
144 62 82
144 63 62
144 67 8
144 68 97
144 70 81
144 71 91
144 72 78
144 73 8
144 74 17
144 76 10
144 81 78
144 83 76
144 85 85
144 87 76
144 90 28
144 93 63
144 94 78
144 99 60
144 101 97
144 102 84
144 104 86
144 106 79
144 112 67
144 116 91
144 118 16
144 120 65
144 121 3
144 122 13
144 127 33
144 129 20
144 131 11
144 133 99
144 134 64
144 135 64
144 137 73
144 142 60
144 143 12
145 5 1
146 0 20
146 1 36
146 2 64
146 3 1
146 4 5
146 5 85
146 6 62
146 7 89
146 8 20
146 9 59
146 10 99
146 11 57
146 12 69
146 13 94
146 14 70
146 15 22
146 16 65
146 17 19
146 18 52
146 19 10
146 20 62
146 21 92
146 22 83
146 23 20
146 24 66
146 25 28
146 26 78
146 27 46
146 28 72
146 29 98
146 30 95
146 31 27
146 32 75
146 33 59
146 34 52
146 35 17
146 36 47
146 38 36
146 41 84
146 42 94
146 43 57
146 44 78
146 45 42
146 47 89
146 48 19
146 49 34
146 50 15
146 51 9
146 52 85
146 54 61
146 55 77
146 57 78
146 58 25
146 59 78
146 61 71
146 62 37
146 63 14
146 64 64
146 67 36
146 68 50
146 69 64
146 70 55
146 71 50
146 72 19
146 73 72
146 75 96
146 76 50
146 79 90
146 81 1
146 85 37
146 87 1
146 89 90
146 90 75
146 92 13
146 93 17
146 94 4
146 95 5
146 96 16
146 98 37
146 99 63
146 100 45
146 101 29
146 104 40
146 106 100
146 108 50
146 112 76
146 113 58
146 116 75
146 120 27
146 121 63
146 122 3
146 124 26
146 125 87
146 126 69
146 128 83
146 131 44
146 132 98
146 133 34
146 135 47
146 137 79
146 139 26
146 142 76
146 143 20
146 144 4
147 31 20
148 0 19
148 1 76
148 2 40
148 3 22
148 4 44
148 5 19
148 6 95
148 7 45
148 8 80
148 9 37
148 10 57
148 11 32
148 12 11
148 13 5
148 14 33
148 15 33
148 16 51
148 17 19
148 18 5
148 19 8
148 20 1
148 21 46
148 22 75
148 23 65
148 24 11
148 25 27
148 26 5
148 28 88
148 29 9
148 30 7
148 31 38
148 32 98
148 33 33
148 34 93
148 35 85
148 36 38
148 38 83
148 39 95
148 41 6
148 42 62
148 43 13
148 44 13
148 45 81
148 47 1
148 48 34
148 49 25
148 50 70
148 51 53
148 52 43
148 54 66
148 55 86
148 56 39
148 57 55
148 58 25
148 59 84
148 60 71
148 61 60
148 62 79
148 67 57
148 68 25
148 70 84
148 71 73
148 72 75
148 73 41
148 76 82
148 77 91
148 79 95
148 82 53
148 83 45
148 85 82
148 87 69
148 89 96
148 92 85
148 93 44
148 94 1
148 98 58
148 99 17
148 100 14
148 101 84
148 102 34
148 104 88
148 106 43
148 107 6
148 108 58
148 112 26
148 116 73
148 120 40
148 121 82
148 122 1
148 125 40
148 133 53
148 135 38
148 137 89
148 140 29
148 142 99
148 143 32
148 144 47
148 146 74
149 138 76
149 143 69
150 57 20
151 3 64
152 137 15
152 146 95
153 59 9
154 61 41
155 147 8
156 0 52
156 1 94
156 2 56
156 3 34
156 4 99
156 5 91
156 6 75
156 7 20
156 8 29
156 9 58
156 10 26
156 11 21
156 12 55
156 13 100
156 14 68
156 15 68
156 16 9
156 17 30
156 18 50
156 19 86
156 20 63
156 21 88
156 22 55
156 23 39
156 24 98
156 25 89
156 26 56
156 27 70
156 28 36
156 29 95
156 30 40
156 31 47
156 32 16
156 33 39
156 36 26
156 37 2
156 38 85
156 41 85
156 43 47
156 44 66
156 45 58
156 47 1
156 48 13
156 49 28
156 50 90
156 52 86
156 54 42
156 55 7
156 56 54
156 58 83
156 59 92
156 61 18
156 62 74
156 64 18
156 65 25
156 67 7
156 68 36
156 72 68
156 73 1
156 76 93
156 79 46
156 83 33
156 85 78
156 87 95
156 89 48
156 92 23
156 93 99
156 94 27
156 95 24
156 98 85
156 99 98
156 100 31
156 101 78
156 104 14
156 106 51
156 107 21
156 108 55
156 111 50
156 112 48
156 113 26
156 116 35
156 117 10
156 120 91
156 121 80
156 122 27
156 123 41
156 126 16
156 127 37
156 129 85
156 131 44
156 133 89
156 135 86
156 139 7
156 140 20
156 142 90
156 143 93
156 144 33
156 146 63
156 148 14
156 152 85
156 153 63
157 0 42
157 1 97
157 2 88
157 3 30
157 4 22
157 5 64
157 6 50
157 7 64
157 8 44
157 9 19
157 10 38
157 12 54
157 13 76
157 14 15
157 15 39
157 16 3
157 17 76
157 18 53
157 19 41
157 20 34
157 21 5
157 22 50
157 24 63
157 25 78
157 26 9
157 27 41
157 29 95
157 30 90
157 31 92
157 32 83
157 33 66
157 34 11
157 36 23
157 38 24
157 39 65
157 41 34
157 43 53
157 44 59
157 45 17
157 46 90
157 47 79
157 50 72
157 51 35
157 52 64
157 54 29
157 55 42
157 56 17
157 58 47
157 61 89
157 62 98
157 67 13
157 68 61
157 70 72
157 71 7
157 72 92
157 73 17
157 74 83
157 76 48
157 84 24
157 85 27
157 87 9
157 89 18
157 90 92
157 92 58
157 93 29
157 94 31
157 95 45
157 96 90
157 98 6
157 99 97
157 100 79
157 101 28
157 102 10
157 104 10
157 106 11
157 107 56
157 108 75
157 112 66
157 113 33
157 116 65
157 120 11
157 122 25
157 125 81
157 126 61
157 127 66
157 131 62
157 133 61
157 135 34
157 140 34
157 142 48
157 143 24
157 144 77
157 146 58
157 148 7
157 156 91
158 2 77
158 11 71
158 14 45
158 42 39
158 51 45
158 120 30
158 143 69
158 148 26
159 23 1
160 64 25
160 133 39
161 29 49
161 107 66
162 50 12
163 0 44
163 1 97
163 29 58
163 107 98
163 161 34
164 77 36
165 0 40
165 3 2
166 0 75
166 1 62
166 2 91
166 3 79
166 4 19
166 5 73
166 6 7
166 7 43
166 8 50
166 9 85
166 10 78
166 12 79
166 13 62
166 14 23
166 15 94
166 16 32
166 17 29
166 19 22
166 20 25
166 21 63
166 22 39
166 23 65
166 24 80
166 25 48
166 26 39
166 27 87
166 29 64
166 30 31
166 31 95
166 33 41
166 34 86
166 36 26
166 37 9
166 38 12
166 43 95
166 44 12
166 45 80
166 47 25
166 50 28
166 51 12
166 54 91
166 55 38
166 58 76
166 61 34
166 62 8
166 63 90
166 65 79
166 66 90
166 67 4
166 68 85
166 70 100
166 71 21
166 72 51
166 73 73
166 74 58
166 81 66
166 85 60
166 89 78
166 90 72
166 91 74
166 92 90
166 93 16
166 94 24
166 95 55
166 99 5
166 101 32
166 104 78
166 106 96
166 111 49
166 112 90
166 116 60
166 120 14
166 122 28
166 126 100
166 133 50
166 135 36
166 138 35
166 142 12
166 143 23
166 144 36
166 146 50
166 148 80
166 149 92
166 156 93
166 157 12
166 158 20
167 0 12
167 1 72
167 2 56
167 3 21
167 4 24
167 5 92
167 6 3
167 7 32
167 8 16
167 9 66
167 10 77
167 11 3
167 12 38
167 13 43
167 14 68
167 15 25
167 16 6
167 17 27
167 18 81
167 19 20
167 20 11
167 21 82
167 22 2
167 23 70
167 24 50
167 25 87
167 26 13
167 27 46
167 28 97
167 29 1
167 30 1
167 31 83
167 32 3
167 33 34
167 34 8
167 35 70
167 36 80
167 37 38
167 38 29
167 41 7
167 42 28
167 43 5
167 44 63
167 45 71
167 46 39
167 47 43
167 48 85
167 49 99
167 50 7
167 51 20
167 52 84
167 54 27
167 55 23
167 56 31
167 57 100
167 58 77
167 59 99
167 61 43
167 62 39
167 63 54
167 64 65
167 67 39
167 68 45
167 70 49
167 71 16
167 72 89
167 73 3
167 74 93
167 76 44
167 79 94
167 81 23
167 82 31
167 83 75
167 85 16
167 87 11
167 89 19
167 90 98
167 92 95
167 93 93
167 94 53
167 95 45
167 96 96
167 98 34
167 99 81
167 100 14
167 101 34
167 102 82
167 103 9
167 104 96
167 105 95
167 106 97
167 108 23
167 109 3
167 110 21
167 111 42
167 112 74
167 113 95
167 116 73
167 118 94
167 120 58
167 121 73
167 122 34
167 126 47
167 127 92
167 131 59
167 132 78
167 133 52
167 134 50
167 135 63
167 137 39
167 139 63
167 142 94
167 143 59
167 144 84
167 145 63
167 146 9
167 148 49
167 150 19
167 152 17
167 156 12
167 157 35
167 158 2
167 166 78
168 32 68
168 41 44
168 125 26
169 37 37
169 111 40
170 93 30
170 102 7
171 134 67
172 138 62
172 149 59
173 138 41
173 143 99
173 149 16
173 156 64
173 158 75
173 166 64
173 167 6
173 172 97
174 0 37
174 1 43
174 2 26
174 3 67
174 4 6
174 5 84
174 6 16
174 7 32
174 8 92
174 9 21
174 10 7
174 11 91
174 12 17
174 13 41
174 14 76
174 15 42
174 16 79
174 17 97
174 18 86
174 19 29
174 20 33
174 21 39
174 22 8
174 23 38
174 24 62
174 25 79
174 26 6
174 27 35
174 29 82
174 30 12
174 31 92
174 32 73
174 33 31
174 35 23
174 36 57
174 38 86
174 39 29
174 42 12
174 43 24
174 44 41
174 45 9
174 47 99
174 48 16
174 49 53
174 50 23
174 51 65
174 52 63
174 54 17
174 55 26
174 56 38
174 57 19
174 58 35
174 61 76
174 62 47
174 65 95
174 67 13
174 68 61
174 71 18
174 72 91
174 73 22
174 74 9
174 83 70
174 85 55
174 90 37
174 92 86
174 93 63
174 94 87
174 95 78
174 96 18
174 99 53
174 100 15
174 101 44
174 104 33
174 106 63
174 108 34
174 112 98
174 116 85
174 120 41
174 121 78
174 122 44
174 126 77
174 129 99
174 131 28
174 132 81
174 133 37
174 135 25
174 139 31
174 142 44
174 143 31
174 144 43
174 146 83
174 148 73
174 150 3
174 156 51
174 157 33
174 166 30
174 167 42
175 0 18
175 1 17
175 2 69
175 3 50
175 4 13
175 5 22
175 6 98
175 7 46
175 8 41
175 9 62
175 10 10
175 11 63
175 12 40
175 13 12
175 14 44
175 15 36
175 16 6
175 17 40
175 18 85
175 19 92
175 20 24
175 21 87
175 22 56
175 23 93
175 24 93
175 25 30
175 26 89
175 27 25
175 28 98
175 29 37
175 30 87
175 31 10
175 32 5
175 33 78
175 34 3
175 35 60
175 36 79
175 37 54
175 38 95
175 39 33
175 41 98
175 42 31
175 43 56
175 44 10
175 45 47
175 46 32
175 47 29
175 48 86
175 49 86
175 50 42
175 51 12
175 52 68
175 54 18
175 55 11
175 56 36
175 58 86
175 59 88
175 61 99
175 62 15
175 64 40
175 65 56
175 67 96
175 68 3
175 71 60
175 72 37
175 73 9
175 74 64
175 79 34
175 83 77
175 85 85
175 86 5
175 89 40
175 92 25
175 93 8
175 94 92
175 95 23
175 99 56
175 101 52
175 102 40
175 104 45
175 106 6
175 108 37
175 112 99
175 116 36
175 119 16
175 120 87
175 121 27
175 122 11
175 125 94
175 131 81
175 133 91
175 134 16
175 135 91
175 137 87
175 139 51
175 142 66
175 143 79
175 144 10
175 146 20
175 147 42
175 148 80
175 152 31
175 156 73
175 157 100
175 158 98
175 160 3
175 162 83
175 166 10
175 167 74
175 168 94
175 170 28
175 173 61
175 174 52
176 137 1
176 144 7
176 146 10
176 152 60
177 1 6
177 3 74
177 4 57
177 10 55
177 13 27
177 14 77
177 16 33
177 18 89
177 20 33
177 26 20
177 33 44
177 51 36
177 58 1
177 65 5
177 68 78
177 104 16
177 109 21
177 112 42
177 131 63
177 143 40
177 146 33
177 156 18
177 166 98
177 167 80
178 112 81
179 0 41
179 2 42
179 3 17
179 4 78
179 23 66
179 24 73
179 31 46
179 42 80
179 45 41
179 74 14
179 79 37
179 83 88
179 98 36
179 102 93
179 108 92
179 120 15
179 122 19
179 133 54
179 142 81
179 144 97
179 146 79
179 147 25
179 148 58
179 155 78
179 157 69
179 167 57
179 174 80
179 175 44
180 0 67
180 1 84
180 2 6
180 3 5
180 4 70
180 5 59
180 6 83
180 7 10
180 8 15
180 9 32
180 10 42
180 11 58
180 12 2
180 13 74
180 14 3
180 15 27
180 16 77
180 17 23
180 18 66
180 19 8
180 20 58
180 21 50
180 22 87
180 23 43
180 24 88
180 25 55
180 26 43
180 27 92
180 28 50
180 30 10
180 31 93
180 32 91
180 33 10
180 34 16
180 36 25
180 38 41
180 41 95
180 42 30
180 43 37
180 44 77
180 45 15
180 46 78
180 47 82
180 48 47
180 49 29
180 50 27
180 51 49
180 52 69
180 53 30
180 54 2
180 55 63
180 56 34
180 57 76
180 58 100
180 59 3
180 60 82
180 61 12
180 62 92
180 63 12
180 66 54
180 67 31
180 68 23
180 70 40
180 71 96
180 72 95
180 73 25
180 74 45
180 76 85
180 78 35
180 81 9
180 84 97
180 85 81
180 87 11
180 92 17
180 93 4
180 94 37
180 95 29
180 96 58
180 98 90
180 99 25
180 100 87
180 101 95
180 102 46
180 104 27
180 106 98
180 108 60
180 109 88
180 112 72
180 116 61
180 118 43
180 120 25
180 121 22
180 122 11
180 126 53
180 128 37
180 133 74
180 135 75
180 138 97
180 139 36
180 142 90
180 143 31
180 144 74
180 146 77
180 147 30
180 148 45
180 149 97
180 152 73
180 156 45
180 157 27
180 158 36
180 166 38
180 167 3
180 170 24
180 172 64
180 173 31
180 174 89
180 175 97
180 176 68
180 177 32
180 179 54
181 0 61
181 1 51
181 2 12
181 3 46
181 4 10
181 5 44
181 6 63
181 7 95
181 8 76
181 9 57
181 10 86
181 11 28
181 12 62
181 13 59
181 14 36
181 15 99
181 16 36
181 17 2
181 18 44
181 19 62
181 20 93
181 21 92
181 22 27
181 23 35
181 24 57
181 25 50
181 26 31
181 27 33
181 29 98
181 30 32
181 31 30
181 32 60
181 33 42
181 34 87
181 36 99
181 37 57
181 38 4
181 42 77
181 43 69
181 44 49
181 45 49
181 46 54
181 47 54
181 48 42
181 49 46
181 50 24
181 51 58
181 52 5
181 53 70
181 54 58
181 55 36
181 56 51
181 57 33
181 58 69
181 61 69
181 62 43
181 65 26
181 66 79
181 67 91
181 68 91
181 70 44
181 71 62
181 72 32
181 73 4
181 74 42
181 79 26
181 81 18
181 85 60
181 87 67
181 90 60
181 92 100
181 93 79
181 94 36
181 95 29
181 98 86
181 99 43
181 100 82
181 101 25
181 102 29
181 104 74
181 106 3
181 109 70
181 111 22
181 112 39
181 116 77
181 120 62
181 122 72
181 133 59
181 135 39
181 138 93
181 139 9
181 142 80
181 143 34
181 144 41
181 146 78
181 148 4
181 149 62
181 152 99
181 156 6
181 157 77
181 166 48
181 167 30
181 172 96
181 173 8
181 174 38
181 175 42
181 176 40
181 177 75
181 179 5
181 180 58
182 0 82
182 1 2
182 2 40
182 3 33
182 4 11
182 5 46
182 6 39
182 7 44
182 8 80
182 9 23
182 10 25
182 11 39
182 12 26
182 13 50
182 14 57
182 15 34
182 16 77
182 17 27
182 18 97
182 19 4
182 20 54
182 21 65
182 22 90
182 23 94
182 24 77
182 25 33
182 26 54
182 27 19
182 28 36
182 29 77
182 30 86
182 31 48
182 32 50
182 33 89
182 34 46
182 35 54
182 36 33
182 38 30
182 42 8
182 43 57
182 44 91
182 45 41
182 46 40
182 47 98
182 48 67
182 49 19
182 50 73
182 51 13
182 52 88
182 54 80
182 55 23
182 56 21
182 58 69
182 61 53
182 62 11
182 66 68
182 67 65
182 68 47
182 70 68
182 71 26
182 73 53
182 77 53
182 78 45
182 83 84
182 85 3
182 87 59
182 90 93
182 92 26
182 93 3
182 94 17
182 98 37
182 99 53
182 100 24
182 101 1
182 102 98
182 104 36
182 106 4
182 107 50
182 108 73
182 109 32
182 112 82
182 116 99
182 119 10
182 120 30
182 121 21
182 122 67
182 124 96
182 131 20
182 132 36
182 133 32
182 135 50
182 137 28
182 138 91
182 140 28
182 142 13
182 143 31
182 144 82
182 146 70
182 147 28
182 148 35
182 149 86
182 152 62
182 154 50
182 155 14
182 156 97
182 157 93
182 158 32
182 164 80
182 166 92
182 167 52
182 172 32
182 173 70
182 174 89
182 175 16
182 176 78
182 177 98
182 179 63
182 180 91
182 181 18
183 0 2
183 1 45
183 2 23
183 3 31
183 4 36
183 5 93
183 6 45
183 7 51
183 8 45
183 9 5
183 10 41
183 11 24
183 12 5
183 13 71
183 14 35
183 15 92
183 16 38
183 17 14
183 18 32
183 19 51
183 20 73
183 21 94
183 22 50
183 23 43
183 24 83
183 25 76
183 26 92
183 27 75
183 29 27
183 30 42
183 31 1
183 32 54
183 33 46
183 34 36
183 35 27
183 36 4
183 37 15
183 38 68
183 42 43
183 43 74
183 44 18
183 45 80
183 46 79
183 47 41
183 48 65
183 49 72
183 50 27
183 51 88
183 52 21
183 54 1
183 55 99
183 56 8
183 58 46
183 59 43
183 61 39
183 62 69
183 64 69
183 65 75
183 66 56
183 67 38
183 68 77
183 70 54
183 71 23
183 73 24
183 76 27
183 77 93
183 79 14
183 81 58
183 83 11
183 84 53
183 85 86
183 89 87
183 90 82
183 92 41
183 93 50
183 94 61
183 95 39
183 96 61
183 99 100
183 100 33
183 101 3
183 102 18
183 104 46
183 106 37
183 107 29
183 108 4
183 112 56
183 116 4
183 120 11
183 121 17
183 122 68
183 127 29
183 128 42
183 131 99
183 132 91
183 133 80
183 135 47
183 137 13
183 138 80
183 140 89
183 142 30
183 143 67
183 144 89
183 146 3
183 148 89
183 149 53
183 152 60
183 154 67
183 156 78
183 157 67
183 158 18
183 163 2
183 166 14
183 167 7
183 172 31
183 173 88
183 174 65
183 175 21
183 176 4
183 177 78
183 179 28
183 180 86
183 181 75
183 182 1
184 20 1
184 34 2
184 63 79
185 0 48
185 1 33
185 2 10
185 3 44
185 4 64
185 5 11
185 6 78
185 7 99
185 8 44
185 9 41
185 10 30
185 11 6
185 12 59
185 13 16
185 14 28
185 15 61
185 16 93
185 17 62
185 18 96
185 19 7
185 20 82
185 21 25
185 22 9
185 23 14
185 24 28
185 25 71
185 26 99
185 27 6
185 29 20
185 30 2
185 32 56
185 33 28
185 35 4
185 36 55
185 37 97
185 38 10
185 39 27
185 41 50
185 42 68
185 43 51
185 44 84
185 45 86
185 46 47
185 47 32
185 48 1
185 49 48
185 50 25
185 52 90
185 54 99
185 55 88
185 56 88
185 57 55
185 58 81
185 59 79
185 60 44
185 62 69
185 64 52
185 65 10
185 67 66
185 68 47
185 70 87
185 71 85
185 73 86
185 74 80
185 76 44
185 77 83
185 79 99
185 80 26
185 83 71
185 85 91
185 87 20
185 89 35
185 92 46
185 93 42
185 94 90
185 98 32
185 99 40
185 101 33
185 102 78
185 104 47
185 105 44
185 106 48
185 108 68
185 109 79
185 112 11
185 116 85
185 119 58
185 120 7
185 122 93
185 129 17
185 133 50
185 135 100
185 136 64
185 142 16
185 143 25
185 144 48
185 146 76
185 148 96
185 153 95
185 156 27
185 157 53
185 158 23
185 162 68
185 164 33
185 166 56
185 167 66
185 174 40
185 175 51
185 179 51
185 180 55
185 181 62
185 182 65
185 183 100
186 44 19
187 1 21
187 93 46
187 156 81
188 0 32
188 1 60
188 2 38
188 3 62
188 4 41
188 5 79
188 6 97
188 7 74
188 8 46
188 9 4
188 10 40
188 11 53
188 12 76
188 13 23
188 14 3
188 15 61
188 16 87
188 17 24
188 18 15
188 19 67
188 20 75
188 21 68
188 22 43
188 23 88
188 24 50
188 25 98
188 26 65
188 28 89
188 29 18
188 30 33
188 31 44
188 33 52
188 36 3
188 38 32
188 42 18
188 43 88
188 44 10
188 45 7
188 46 7
188 47 29
188 48 15
188 49 31
188 50 86
188 51 77
188 52 18
188 54 82
188 55 70
188 56 80
188 58 13
188 59 62
188 60 58
188 61 31
188 62 70
188 64 72
188 65 15
188 67 86
188 68 1
188 70 43
188 71 15
188 72 73
188 73 53
188 74 57
188 77 100
188 79 50
188 81 58
188 83 53
188 85 79
188 87 11
188 92 56
188 93 19
188 94 88
188 95 84
188 96 42
188 98 34
188 99 83
188 100 25
188 101 22
188 102 87
188 104 20
188 106 80
188 108 67
188 112 52
188 116 21
188 120 86
188 121 52
188 122 6
188 125 75
188 133 61
188 135 35
188 140 38
188 142 77
188 143 88
188 144 65
188 146 94
188 148 29
188 154 67
188 156 43
188 157 57
188 158 40
188 160 21
188 166 50
188 167 37
188 168 46
188 170 48
188 173 7
188 174 59
188 175 88
188 179 95
188 180 56
188 181 81
188 182 45
188 183 66
188 185 52
189 0 13
189 1 83
189 2 46
189 3 77
189 4 66
189 5 90
189 6 88
189 7 32
189 8 49
189 9 63
189 10 55
189 11 81
189 12 57
189 13 78
189 16 7
189 17 100
189 18 8
189 19 81
189 21 33
189 22 60
189 23 41
189 24 58
189 25 85
189 26 40
189 27 13
189 28 58
189 29 11
189 30 76
189 31 15
189 32 63
189 33 32
189 36 38
189 38 37
189 43 41
189 44 15
189 45 88
189 47 51
189 48 30
189 49 76
189 50 79
189 54 79
189 55 72
189 56 2
189 57 46
189 58 70
189 59 79
189 60 84
189 61 75
189 62 59
189 65 91
189 67 62
189 68 100
189 69 24
189 70 33
189 71 79
189 72 60
189 73 53
189 79 51
189 80 22
189 85 13
189 87 42
189 92 68
189 93 81
189 94 85
189 95 9
189 98 49
189 99 56
189 100 57
189 101 71
189 102 20
189 104 88
189 106 26
189 108 43
189 112 67
189 113 83
189 116 75
189 120 51
189 121 74
189 122 92
189 126 24
189 127 83
189 129 55
189 131 24
189 133 75
189 135 46
189 136 8
189 139 73
189 142 29
189 143 37
189 144 10
189 146 96
189 148 37
189 150 53
189 154 88
189 156 40
189 157 95
189 158 55
189 159 23
189 166 78
189 167 47
189 170 32
189 173 15
189 174 72
189 175 45
189 176 5
189 177 66
189 179 94
189 180 59
189 181 74
189 182 28
189 183 94
189 185 24
189 188 96
190 111 94
190 169 94
191 178 16
192 58 66
192 109 74
192 116 20
193 67 85
193 185 84
194 0 79
194 1 30
194 2 100
194 3 83
194 4 76
194 5 25
194 6 13
194 7 15
194 8 9
194 9 83
194 10 44
194 12 38
194 14 23
194 15 15
194 16 82
194 17 2
194 18 75
194 19 97
194 20 22
194 21 31
194 22 76
194 23 20
194 24 69
194 25 89
194 26 81
194 27 63
194 28 40
194 30 90
194 31 9
194 32 1
194 33 26
194 34 20
194 36 67
194 38 44
194 39 79
194 41 46
194 43 73
194 44 6
194 45 9
194 47 15
194 48 8
194 50 74
194 51 61
194 52 40
194 55 44
194 58 51
194 59 54
194 61 33
194 62 37
194 64 38
194 67 68
194 68 87
194 70 72
194 71 7
194 72 41
194 73 56
194 74 62
194 76 87
194 77 70
194 78 87
194 79 30
194 85 9
194 87 21
194 92 6
194 93 75
194 94 45
194 95 41
194 96 48
194 97 62
194 98 28
194 99 27
194 101 7
194 102 20
194 104 11
194 106 28
194 108 10
194 109 17
194 112 5
194 116 35
194 118 61
194 119 9
194 120 90
194 121 44
194 122 3
194 125 27
194 133 84
194 135 78
194 139 15
194 140 6
194 142 90
194 143 91
194 144 7
194 146 98
194 148 44
194 156 6
194 157 76
194 159 20
194 166 83
194 167 70
194 168 62
194 174 45
194 175 47
194 177 62
194 179 47
194 180 82
194 181 89
194 182 71
194 183 27
194 185 55
194 187 65
194 188 98
194 189 77
194 193 10
195 0 60
195 1 15
195 2 66
195 3 78
195 4 6
195 5 80
195 6 94
195 7 61
195 8 64
195 9 74
195 10 2
195 11 39
195 12 16
195 13 29
195 14 5
195 15 80
195 16 43
195 17 60
195 18 18
195 19 14
195 20 49
195 21 60
195 22 71
195 23 51
195 24 27
195 25 12
195 26 10
195 27 14
195 28 25
195 29 27
195 30 13
195 31 84
195 32 19
195 33 35
195 34 94
195 35 82
195 36 89
195 38 93
195 41 32
195 42 13
195 43 70
195 44 24
195 45 69
195 46 7
195 47 77
195 48 72
195 49 69
195 50 78
195 51 95
195 52 4
195 53 78
195 54 23
195 55 72
195 56 83
195 58 93
195 59 95
195 61 16
195 62 30
195 63 56
195 65 9
195 67 54
195 68 2
195 70 88
195 72 51
195 73 73
195 74 24
195 76 62
195 77 89
195 78 52
195 79 26
195 81 53
195 83 91
195 84 24
195 85 11
195 87 1
195 89 78
195 90 44
195 91 91
195 92 81
195 93 92
195 94 34
195 95 87
195 97 44
195 98 94
195 99 43
195 101 50
195 102 59
195 104 7
195 106 17
195 107 60
195 108 18
195 109 66
195 111 94
195 112 44
195 113 5
195 116 39
195 119 74
195 120 35
195 121 98
195 122 67
195 126 81
195 131 3
195 132 59
195 133 86
195 134 52
195 135 52
195 137 82
195 142 27
195 143 72
195 144 91
195 146 96
195 147 97
195 148 62
195 152 12
195 154 5
195 155 7
195 156 48
195 157 78
195 166 16
195 167 10
195 169 24
195 170 22
195 174 93
195 175 28
195 176 58
195 177 71
195 179 91
195 180 26
195 181 68
195 182 58
195 183 49
195 184 87
195 185 76
195 186 22
195 187 57
195 188 59
195 189 14
195 190 3
195 194 57
196 0 94
196 1 87
196 2 16
196 3 32
196 4 85
196 5 96
196 6 77
196 7 74
196 8 41
196 9 75
196 10 78
196 11 19
196 12 85
196 13 6
196 14 7
196 15 26
196 16 91
196 17 86
196 18 2
196 19 43
196 20 5
196 21 90
196 22 34
196 23 92
196 24 32
196 25 26
196 27 6
196 28 46
196 30 100
196 31 38
196 32 1
196 33 49
196 34 77
196 35 63
196 36 95
196 38 31
196 41 30
196 42 88
196 43 7
196 44 47
196 45 86
196 47 7
196 48 80
196 49 77
196 50 34
196 51 61
196 52 73
196 54 41
196 55 61
196 56 13
196 57 85
196 58 56
196 60 5
196 61 31
196 62 71
196 64 29
196 66 92
196 67 55
196 68 40
196 70 42
196 71 25
196 72 4
196 73 100
196 74 48
196 75 73
196 79 75
196 85 85
196 87 48
196 92 27
196 93 94
196 94 14
196 95 85
196 98 15
196 99 92
196 100 75
196 101 38
196 102 81
196 104 46
196 106 39
196 108 2
196 112 11
196 113 12
196 116 97
196 120 7
196 122 41
196 130 28
196 133 27
196 135 22
196 137 47
196 140 5
196 142 72
196 143 92
196 144 35
196 145 78
196 146 4
196 148 11
196 152 11
196 156 83
196 157 85
196 166 12
196 167 5
196 174 41
196 175 24
196 176 67
196 177 37
196 179 83
196 180 2
196 181 39
196 182 47
196 183 23
196 185 67
196 188 46
196 189 53
196 192 29
196 193 100
196 194 92
196 195 58
197 0 86
197 3 22
197 6 13
197 17 96
197 21 67
197 26 29
197 30 46
197 43 74
197 54 100
197 55 46
197 67 36
197 93 1
197 94 55
197 95 87
197 96 28
197 120 25
197 166 75
197 174 13
197 196 78
198 0 85
198 1 37
198 2 41
198 3 57
198 4 79
198 5 20
198 6 59
198 7 26
198 8 89
198 9 36
198 10 33
198 11 87
198 12 17
198 13 38
198 14 79
198 15 95
198 16 65
198 17 51
198 18 51
198 19 21
198 20 12
198 21 37
198 22 43
198 23 33
198 24 10
198 25 33
198 26 70
198 27 13
198 28 73
198 30 37
198 31 22
198 32 76
198 33 70
198 34 7
198 35 88
198 36 80
198 37 52
198 38 66
198 42 47
198 43 57
198 44 24
198 45 74
198 46 36
198 47 48
198 48 59
198 49 88
198 50 77
198 51 66
198 52 45
198 53 66
198 54 57
198 55 45
198 56 83
198 57 25
198 58 9
198 59 92
198 60 74
198 61 25
198 62 40
198 64 45
198 65 15
198 67 21
198 68 60
198 69 97
198 70 51
198 71 55
198 72 15
198 73 99
198 74 79
198 76 12
198 78 68
198 79 63
198 83 49
198 85 93
198 87 79
198 88 59
198 89 40
198 92 75
198 93 33
198 94 46
198 95 39
198 98 80
198 99 36
198 100 82
198 101 38
198 102 92
198 104 9
198 105 96
198 106 64
198 108 11
198 109 92
198 110 86
198 111 64
198 112 48
198 116 51
198 120 6
198 122 72
198 131 99
198 133 18
198 135 85
198 137 75
198 139 3
198 140 72
198 142 13
198 143 12
198 144 56
198 145 46
198 146 34
198 148 31
198 152 78
198 155 16
198 156 10
198 157 18
198 166 85
198 167 83
198 170 31
198 173 34
198 174 43
198 175 16
198 177 12
198 179 36
198 180 32
198 181 52
198 182 3
198 183 88
198 185 17
198 188 1
198 189 34
198 194 66
198 195 95
198 196 15
198 197 91
199 0 74
199 3 83
199 4 41
199 154 30
199 174 8
199 182 84
199 195 17
