139
117
107
119
140
142
177
152
141
154
127
143
183
127
173
110
150
158
158
120
129
190
123
171
141
187
152
142
142
132
177
198
134
114
187
181
110
174
130
180
137
121
135
198
144
121
182
127
126
136
197
146
115
111
167
144
131
151
168
154
112
141
129
101
100
194
127
115
107
199
168
156
117
149
179
185
144
103
133
109
134
156
189
108
181
159
195
114
128
191
179
120
180
158
102
161
158
109
116
107
112
183
164
121
137
129
121
100
135
109
170
149
169
103
136
148
186
116
106
178
186
169
172
137
185
168
182
149
122
152
107
185
114
133
179
160
111
104
123
100
146
147
135
123
149
198
105
102
132
186
129
200
108
184
124
101
120
141
159
183
181
190
162
172
198
173
146
102
163
162
146
128
187
148
155
133
133
138
141
194
165
189
167
109
166
147
170
118
144
127
172
182
157
161
174
200
197
142
147
179
151
181
104
191
179
188
107
116
153
132
165
116
126
146
135
154
126
198
107
160
200
188
127
146
174
175
133
146
169
107
164
138
151
106
145
163
169
112
142
126
186
109
138
138
173
163
121
146
107
130
101
160
156
122
196
177
113
159
194
163
152
139
200
172
133
119
165
110
122
123
157
178
152
133
127
175
195
130
192
138
157
195
166
171
133
103
143
120
149
192
151
197
164
145
192
144
137
180
129
185
