58159
56392
53907
51237
59195
56010
52810
56477
56244
55981
50333
56290
56558
52202
56427
51587
52005
54208
53106
54025
55594
53153
53375
55551
52859
55174
52911
51780
51579
58735
54841
51246
54926
52966
51319
57393
55996
50567
52343
50859
52692
54289
59708
57331
55789
52886
51328
56534
59052
59926
51197
53667
54985
59039
55533
51088
58267
58400
57243
50310
56217
53629
51682
52730
56825
59748
50043
53145
52980
51961
54881
53739
53935
50358
58295
51487
57390
57971
57641
52613
53921
56556
52338
57385
53334
50521
58920
52014
51865
50596
50603
58796
58125
53754
55226
57429
55351
55326
53470
56284
55956
52588
50141
55234
53529
58536
53493
53752
57626
59777
52022
54975
55742
57515
51245
53048
56681
58877
51212
51886
58676
52831
59667
57862
54050
56596
57191
51153
54210
52779
59396
59624
57742
59421
50950
59465
57630
50787
52174
52176
50124
53261
51665
58693
56993
51163
55420
51507
56472
59627
54825
59372
56782
53215
58747
53733
58965
53774
57004
59200
51753
59054
51656
53465
57490
59350
53471
58294
55638
56670
58315
57150
56933
56581
57527
56214
58742
54985
55991
53907
54790
53971
50331
59310
51115
50388
57277
54744
58734
59503
52068
51560
56551
53603
55683
57478
53169
52482
50191
52838
52617
52641
58022
58955
54117
57390
50416
56004
56151
53401
52844
58169
55096
52298
53586
57476
50603
50396
55525
55059
59375
53534
51488
58756
50602
57705
53899
55593
51971
51276
51870
52273
54420
56726
52788
53293
59436
52343
56719
51583
52620
56080
57489
50629
59017
50504
56986
53156
54422
51869
54160
59384
55266
52507
55860
55873
55810
56760
58279
59771
57824
56952
58806
53740
53541
53701
59102
51530
52263
54801
51175
50437
55631
50670
52482
59654
52276
57004
57188
57058
59648
57279
58755
57231
50490
54933
55152
59081
53906
52268
55360
55962
56459
53281
50082
50264
59956
51751
55282
50732
