109
183
188
131
116
163
187
164
131
124
109
135
167
193
152
105
119
168
111
145
118
188
121
111
147
198
114
107
160
194
151
127
186
195
156
153
165
138
144
155
155
190
167
157
172
149
158
149
187
119
181
176
118
163
157
193
110
158
136
165
120
153
184
143
136
116
123
176
107
102
107
130
129
164
163
152
132
145
185
179
138
171
200
176
126
162
151
195
187
142
191
177
169
165
186
144
133
171
176
193
