1 0 26
2 0 69
2 1 5
3 0 33
3 1 68
3 2 16
4 1 5
5 3 61
6 0 12
6 1 93
6 4 61
7 0 79
8 4 20
8 6 77
9 3 67
9 5 71
10 0 92
10 4 84
10 6 42
10 8 81
11 0 34
11 1 18
11 2 29
11 3 47
11 4 19
11 6 70
11 7 32
11 8 88
11 10 49
12 10 52
13 0 7
13 1 24
13 2 71
13 3 4
13 4 32
13 6 14
13 7 75
13 10 40
13 11 40
14 11 73
14 13 61
15 1 51
15 4 73
16 0 69
16 1 43
16 4 57
16 6 40
16 8 43
16 10 24
16 11 25
17 0 45
17 1 70
17 6 38
17 11 11
17 13 59
18 12 70
19 1 11
19 2 95
19 3 75
19 5 63
19 9 9
19 13 33
20 19 13
21 0 8
21 1 33
22 16 55
23 12 65
24 0 47
24 1 100
24 2 77
24 3 29
24 4 20
24 6 59
24 7 48
24 8 88
24 10 78
24 11 79
24 12 60
24 13 22
24 15 77
24 16 35
24 17 91
24 19 73
24 21 88
25 0 36
26 2 10
27 0 47
27 10 70
27 13 25
28 0 55
29 0 29
29 1 38
29 2 83
29 3 6
29 5 88
29 8 81
29 9 15
29 11 9
29 13 29
29 16 42
29 19 53
29 21 65
29 24 91
30 28 25
31 28 61
31 30 38
32 0 70
32 1 77
32 4 29
32 7 17
32 11 28
32 13 63
32 14 16
32 24 47
33 27 67
34 4 17
34 6 95
34 8 54
34 29 69
34 32 79
35 0 87
35 1 26
35 2 92
35 3 65
35 16 82
35 22 8
36 0 83
36 1 15
36 2 3
36 3 48
36 4 25
36 15 48
36 17 27
37 2 34
38 4 39
38 6 58
38 8 48
39 23 83
40 27 33
40 33 78
41 0 44
41 1 13
41 2 56
41 3 14
41 4 40
41 6 51
41 7 58
41 8 75
41 9 38
41 10 97
41 11 21
41 13 68
41 14 37
41 16 78
41 17 71
41 19 75
41 21 74
41 22 77
41 27 69
41 32 22
41 35 11
41 36 42
41 37 19
41 38 76
42 23 52
42 39 86
43 0 86
43 1 98
43 2 4
43 3 41
43 4 20
43 5 94
43 6 83
43 7 62
43 8 77
43 9 9
43 10 53
43 11 36
43 13 91
43 14 44
43 15 44
43 16 14
43 17 50
43 19 51
43 22 49
43 24 9
43 28 15
43 29 24
43 30 57
43 31 39
43 32 54
43 34 47
43 35 89
43 36 45
43 38 13
43 41 24
44 0 6
44 1 41
44 2 34
44 3 71
44 4 65
44 5 34
44 6 36
44 8 6
44 9 37
44 10 34
44 11 33
44 13 13
44 15 18
44 16 66
44 17 34
44 19 40
44 22 57
44 24 29
44 29 71
44 32 18
44 34 81
44 35 23
44 36 35
44 37 87
44 38 77
44 41 10
44 43 34
45 0 82
45 25 25
45 43 53
46 6 65
47 1 34
47 4 42
47 6 38
47 8 9
47 16 45
47 17 59
47 38 37
47 41 29
48 0 47
48 1 23
48 2 98
48 3 19
48 16 13
48 21 99
48 22 95
48 35 10
48 44 54
49 0 41
49 1 20
49 2 14
49 3 97
49 4 5
49 6 21
49 7 71
49 8 91
49 10 86
49 11 44
49 13 78
49 16 22
49 17 77
49 19 35
49 21 68
49 22 58
49 24 10
49 25 91
49 29 63
49 35 85
49 36 95
49 37 91
49 38 12
49 41 55
49 43 15
49 44 48
49 45 61
49 47 86
49 48 2
50 39 58
50 42 57
51 2 40
51 5 4
51 16 46
51 29 26
51 34 55
51 36 29
51 37 84
51 41 6
51 43 57
51 44 37
52 1 97
52 4 43
52 34 19
53 0 24
53 1 42
53 2 97
53 3 74
53 4 75
53 5 95
53 6 45
53 7 19
53 8 50
53 9 40
53 10 22
53 11 70
53 12 73
53 13 80
53 15 85
53 16 70
53 17 4
53 19 50
53 22 63
53 23 93
53 24 90
53 27 39
53 28 19
53 29 54
53 32 8
53 34 4
53 35 90
53 36 36
53 37 53
53 38 53
53 41 61
53 43 34
53 44 70
53 47 52
53 48 73
53 49 7
53 51 63
54 23 54
55 2 13
55 22 36
55 28 74
55 35 77
55 37 2
55 41 38
55 43 1
55 44 42
55 47 95
55 48 79
55 49 57
55 51 74
55 53 82
56 1 38
56 4 9
57 0 83
57 1 40
57 4 80
57 6 57
57 8 34
57 16 98
57 29 81
57 49 39
57 55 14
58 27 61
59 41 4
60 13 10
60 14 97
61 0 70
61 1 95
61 2 73
61 3 31
61 4 86
61 6 67
61 7 75
61 8 28
61 10 71
61 11 61
61 12 15
61 13 44
61 14 50
61 15 8
61 16 35
61 17 8
61 18 95
61 19 42
61 22 21
61 23 51
61 24 78
61 27 25
61 29 26
61 32 77
61 33 84
61 35 3
61 36 44
61 37 96
61 38 95
61 39 11
61 41 67
61 42 88
61 43 3
61 44 78
61 45 14
61 47 99
61 48 90
61 49 90
61 50 29
61 51 16
61 53 21
61 55 69
61 57 74
61 60 19
62 35 89
63 52 100
64 37 11
65 29 80
66 0 24
66 1 50
66 4 23
66 5 83
66 11 55
66 13 49
66 43 70
66 45 95
66 49 31
67 23 79
67 39 3
67 42 65
67 50 92
67 54 12
67 61 54
68 10 31
68 12 61
68 14 4
68 22 83
68 23 86
68 39 97
68 42 43
68 50 85
68 54 56
68 60 48
68 61 87
68 67 67
69 0 49
69 3 12
69 5 17
69 7 53
69 24 7
69 41 79
69 43 99
69 45 77
69 51 66
70 62 85
71 0 25
71 1 66
71 4 78
71 6 38
72 8 28
73 21 3
74 8 56
74 61 94
75 0 60
75 25 88
76 4 17
77 0 22
77 10 95
77 13 3
77 27 97
77 28 92
77 30 31
77 33 23
77 38 20
77 40 71
77 43 15
77 53 14
77 58 77
77 61 86
78 1 74
79 58 55
80 28 82
80 30 95
80 31 43
81 0 4
81 1 27
81 2 84
81 3 98
81 4 68
81 5 57
81 6 12
81 7 16
81 8 33
81 9 72
81 10 33
81 11 71
81 12 31
81 13 83
81 14 48
81 15 61
81 16 52
81 17 72
81 18 55
81 19 97
81 21 30
81 22 14
81 23 78
81 24 67
81 25 90
81 27 63
81 28 72
81 29 30
81 32 61
81 34 73
81 35 26
81 36 74
81 37 41
81 38 37
81 39 2
81 41 23
81 42 19
81 43 71
81 44 99
81 45 11
81 46 68
81 47 53
81 48 6
81 49 77
81 50 69
81 51 86
81 53 74
81 54 26
81 55 25
81 57 65
81 61 80
81 62 54
81 64 8
81 65 31
81 67 50
81 68 46
81 69 19
81 70 98
81 75 86
81 77 84
82 0 15
82 1 14
82 2 44
82 3 38
82 4 53
82 5 27
82 6 39
82 7 94
82 8 39
82 9 43
82 10 5
82 11 95
82 12 9
82 13 69
82 14 89
82 16 53
82 17 100
82 18 10
82 19 88
82 20 4
82 21 94
82 22 91
82 23 87
82 24 61
82 26 22
82 27 33
82 29 51
82 32 79
82 34 74
82 35 30
82 36 70
82 37 53
82 39 69
82 41 28
82 42 25
82 43 24
82 44 60
82 45 8
82 47 47
82 48 57
82 49 33
82 51 14
82 52 93
82 53 28
82 55 43
82 57 46
82 59 42
82 60 27
82 61 36
82 63 97
82 64 85
82 66 20
82 68 84
82 69 74
82 73 22
82 81 76
83 35 68
83 48 58
84 41 79
84 81 54
84 82 73
85 9 77
86 37 9
86 64 13
86 81 83
87 1 86
87 4 87
87 56 29
88 0 64
88 1 52
88 2 31
88 3 30
88 4 94
88 6 28
88 7 37
88 8 26
88 9 9
88 10 46
88 11 2
88 12 21
88 13 65
88 15 38
88 16 67
88 17 31
88 19 2
88 21 5
88 22 6
88 24 26
88 27 63
88 28 70
88 29 31
88 30 25
88 32 98
88 34 50
88 35 13
88 36 64
88 38 69
88 41 99
88 42 33
88 43 16
88 44 69
88 49 32
88 51 43
88 52 39
88 53 50
88 55 66
88 57 17
88 61 56
88 69 34
88 73 72
88 77 50
88 78 75
88 81 38
88 82 7
88 84 15
88 85 50
89 0 72
89 1 2
89 2 8
89 4 71
89 6 61
89 8 98
89 34 78
89 37 26
89 46 27
89 64 44
89 71 68
89 81 13
89 82 89
89 84 63
89 86 16
89 88 50
90 0 14
90 1 42
90 2 46
90 3 50
90 6 42
90 8 56
90 17 19
90 24 24
90 25 65
90 29 56
90 34 6
90 41 25
90 43 27
90 44 9
90 45 18
90 47 60
90 48 53
90 52 68
90 53 22
90 55 96
90 61 63
90 63 37
90 66 30
90 69 60
90 74 20
90 81 79
90 82 90
90 84 49
90 88 37
90 89 52
91 54 12
92 12 32
92 23 35
93 76 91
94 47 57
95 0 6
95 2 16
95 12 48
95 13 47
95 23 71
95 27 44
95 82 85
95 90 65
95 92 53
96 55 6
96 88 68
97 0 80
97 1 4
97 2 88
97 3 66
97 4 85
97 5 96
97 6 36
97 7 29
97 8 10
97 9 19
97 10 34
97 11 47
97 12 53
97 13 91
97 15 14
97 16 81
97 19 53
97 20 94
97 23 73
97 24 9
97 26 29
97 27 76
97 29 65
97 33 68
97 34 98
97 35 59
97 38 2
97 39 75
97 41 39
97 43 63
97 44 95
97 45 98
97 47 63
97 48 97
97 49 70
97 51 24
97 52 27
97 53 21
97 55 40
97 57 67
97 61 88
97 65 7
97 66 16
97 67 62
97 68 72
97 69 27
97 71 3
97 74 5
97 77 77
97 81 6
97 82 36
97 84 15
97 88 82
97 89 22
97 90 44
97 94 75
97 95 79
97 96 91
98 6 59
98 7 50
98 13 76
98 69 43
98 97 6
99 98 89
